0.676
0.674
NA
0.179
0.567
0.541
0.652
0.505
0.187
0.619
0.292
0.486
0.784
1
0.687
0.651
0.476
0.696
0.506
0.645
NA
NA
0.831
0.397
0.726
0.433
0.497
0.739
1
0.928
0.736
0.201
0.467
1
NA
0.482
1
NA
0.827
NA
NA
NA
NA
NA
0.681
0.321
0.606
0.987
NA
0.444
0.43
1
0.481
0.444
0.406
0.593
0.478
0.119
0.435
0.516
0.31
0.829
1
NA
0.304
0.346
0.548
NA
0.16
0.448
0.763
0.444
0.597
0.797
0.533
NA
0.39
0.385
0.437
0.401
0.445
0.971
0.735
0.441
0.392
0.476
0.238
0.48
0.365
0.608
0.47
NA
0
0.627
NA
0.273
0.527
0.454
0.285
0.456
0.344
1
0.364
1
NA
0.337
0.559
NA
0.328
0.388
0.182
NA
0.299
0.737
0.305
0.158
NA
0.191
0.711
0.434
NA
1
0.515
0.664
0.604
0.583
0.324
0.522
0.671
1
0.74
0.443
1
1
1
0.759
0.586
0.383
0.754
1
0.485
0.593
1
0.489
0.619
0.565
0.569
1
0.651
0.407
0.55
0.493
1
0.348
0.588
0.642
1
0.538
0.312
0.347
0.279
0.596
0.607
0.596
0.598
0.498
0.615
0.624
0.414
0.385
0.701
0.296
0.077
0.474
1
0.32
0.678
0.404
0.471
0.412
0.685
0.342
0.44
0.559
0.399
0.251
0.723
0.462
1
0.607
0.607
0.577
0.539
0.365
0.619
0.307
0.581
1
0.179
0.433
0.447
0.427
NA
0.452
0.313
0.567
0.406
0.692
0.275
0.428
0.542
0.485
0.405
0.292
1
0.415
0.251
0.43
0.482
0.169
0.733
0.706
1
0.798
0.697
0.771
0.561
0.561
0.526
0.675
0.733
1
0.763
NA
0.434
0.553
0.571
1
0.536
0.541
0.708
0.69
0.483
0.939
0.889
0.62
0.558
0.562
0.759
0.654
0.739
0.569
1
0.866
0.641
0.241
0.404
1
0.541
0.358
0.46
0.559
0.557
0.654
0.606
0.349
0.429
1
0.513
0.44
0.552
0.403
0.604
0.607
0.503
0.975
0.534
0.494
0.616
0.67
0.511
1
0.696
0.452
0.604
0.609
0.159
0.563
0.681
0.632
0.643
0.364
0.616
0.55
0.47
0.639
0.579
0.62
0.685
0.617
0.527
0.705
0.642
0.511
0.522
0.523
0.442
0.577
0.598
0.643
1
0.581
NA
0.576
0.667
0.76
1
0.709
0.659
0.681
0.746
0.477
0.548
0.617
0.61
0.253
0.601
1
0.452
0.331
0.782
0.79
0.765
0.839
0.622
1
0.587
1
0.519
0.608
0.737
0.58
0.63
0.618
0.503
0.534
0.579
0.631
1
0.447
0.625
0.372
0.632
0.848
1
0.914
0.487
0.673
0.547
0.627
0.459
0.811
0.127
0.478
0.493
0.982
0.385
1
0.157
0.159
0.249
NA
0.398
0.486
0.389
1
0.548
0.505
0.404
0.603
NA
0.603
0.796
0.341
0.405
0.297
0.597
0.668
0.491
0.752
0.663
1
0.297
NA
0.587
0.547
0.679
1
0.589
0.423
0.447
1
1
NA
0.528
1
1
1
0.63
0.684
0.441
0.672
0.538
0.469
0.41
1
0.428
0.538
0.472
0.721
0.64
1
0.648
0.48
0.404
0.636
0.618
0.721
0.622
0.287
0.44
0.715
0.678
0.608
0.653
0.779
0.655
0.386
0.713
0.637
0.556
0.568
0.707
0.427
1
0.635
0.505
1
1
1
1
1
1
0.398
1
0.303
0.277
1
1
0.374
0.318
1
NA
0.769
0.684
0.369
NA
NA
NA
NA
0.386
0.22
0.516
0.177
1
0.357
0.284
NA
1
1
1
0.557
0.549
0.7
0.438
1
0.688
0.633
1
0.553
0.622
0.603
0.664
0.595
0.247
0.413
0.534
NA
0.655
0.447
1
0.621
0.61
0.491
0.482
1
0.264
0.866
0.769
0.762
0.465
NA
NA
NA
1
0.5
0.705
0.606
0.655
0.396
0.81
0.783
0.772
NA
0.744
1
0.519
0.698
0.776
0.728
0.604
0.895
0.699
0.824
0.782
0.614
0.42
0.532
0.684
0.556
NA
0.51
0.337
0.312
0.603
0.542
0.183
0.407
0.73
0.676
0.706
0.64
0.71
NA
0.674
1
0.69
0.618
0.721
0.674
NA
1
0.251
NA
0.155
NA
1
1
0.301
0.433
0.528
0.607
1
0.743
0.881
0.216
1
0.484
0.514
0.383
0.316
NA
NA
NA
NA
NA
NA
1
0.461
0.516
0.482
NA
NA
1
0.449
0.475
0.501
0.6
NA
NA
NA
NA
NA
0.327
0.41
NA
NA
NA
NA
NA
0.713
1
0.763
1
1
0.868
0.179
0.173
0.236
0.549
0.551
0.655
0.567
0.321
0.336
0.597
1
1
0.949
1
0.88
0.781
0.537
1
0.568
0.374
0.801
0.801
0.758
0.801
0.801
0.801
0.801
NA
0.628
0.702
0.959
1
0.619
0.565
0.749
1
0.241
0.287
0.322
0.216
NA
0.801
1
NA
0.544
1
0.679
0.401
0.318
1
0.43
0.626
0.446
0.524
0.633
0.199
0.535
0.588
0.591
0.292
0.502
0.228
0.234
0.374
0.411
0.529
NA
0.484
0.122
0.374
0.155
0.53
1
0.146
0.545
0.504
0.222
0.136
0.37
0.545
NA
NA
NA
0.663
0.784
0.828
0.881
0.918
0.627
0.6
1
0.111
0.291
NA
NA
0.601
NA
NA
NA
NA
0.514
0.548
1
0.847
0.521
NA
NA
NA
NA
NA
NA
0.484
0.626
0.673
0.744
0.577
0.708
0.717
1
0.634
0.477
0.283
0.675
0.455
0.621
0.595
0.665
1
1
1
0.499
0.583
0.962
0.668
0.674
0.523
0.591
0.397
0.429
NA
NA
0.352
0.567
0.583
0.634
0.651
0.371
0.459
0.473
0.526
0.38
0.232
NA
0.092
0.18
0.274
1
0.077
0.287
0.604
0.587
0.844
0.421
0.678
0.443
0.297
0.034
1
0.862
0.418
0.458
NA
NA
0.266
NA
0.336
0.387
0.01
NA
0.268
0.628
0.301
1
0.337
0.628
0.737
0.546
0.488
0.341
NA
NA
0.96
NA
NA
1
0.629
0.553
0.779
1
0.305
0.332
0.24
NA
0.12
0.288
0.018
0.484
1
0.729
NA
0.652
0.552
0.66
1
0.272
0.584
1
0.75
0.629
0.468
0.247
0.364
0.289
1
0.555
0.388
0.819
0.371
0.701
NA
0.086
0.621
0.422
0.534
0.46
0.544
NA
NA
NA
NA
NA
NA
NA
NA
NA
0.177
0.304
1
0.908
0.524
0.464
0.566
0.592
0.698
0.499
0.662
0.481
0.949
0.411
0.552
0.765
0.339
0.317
0.332
NA
0.313
1
0.582
0.582
0.582
0.501
0.697
1
1
0.46
1
0.371
0.44
0.163
0.354
NA
0.201
0.502
0.517
0.599
0.499
0.525
0.482
0.291
0.397
0.391
0.532
0.479
0.312
0.4
0.331
0.322
0.425
0.343
0.372
0.141
0.28
NA
NA
NA
NA
NA
0.663
1
0.557
0.622
0.588
0.895
0.376
0.509
NA
0.249
0.087
0.283
0.406
0.476
0.391
0.441
0.382
0.387
0.675
0.266
0.715
NA
0.53
0.465
NA
0.198
0.578
0.494
0.758
0.286
0.516
0.612
0.383
0.717
0.384
NA
1
0.381
0.306
NA
NA
0.544
0.291
0.516
0.253
0.473
0.569
0.48
NA
0.518
0.396
0.315
0.328
0.548
0.564
0.571
NA
1
0.949
NA
NA
NA
NA
NA
NA
0.94
0.571
0.724
0.94
0.346
NA
0.321
0.312
0.642
0.527
NA
0.565
0.532
0.484
0.527
0.376
1
0.391
0.446
0.448
NA
0.554
1
0.651
0.679
0.878
0.583
0.269
0.574
0.629
1
0.592
0.376
0.659
0.78
0.474
0.715
0
0.25
0.785
0.452
0.959
0.959
0.144
0.302
0.223
0.587
0.467
1
NA
0.548
0.415
0.301
1
0.473
0.547
1
0.184
0.516
0.299
0.66
0.646
0.513
0.573
0.58
0.43
0.827
NA
NA
NA
NA
NA
0.636
0.541
0.509
1
0.747
NA
NA
NA
NA
NA
NA
NA
NA
NA
NA
NA
NA
NA
0.715
0.346
0.561
0.456
0.436
0.395
0.468
1
0.584
0.522
0.622
1
0.88
0.51
0.33
0.885
0.942
0.749
0.937
NA
0.684
0.581
0.64
0.433
0.396
0.495
0.469
0.437
NA
NA
0.287
1
0.353
0.27
0.49
0.515
0.497
0.456
1
NA
0.45
0.58
0.705
0.386
0.385
0.586
0.148
0.475
0.104
0.381
0.422
0.576
1
0.692
0.621
0.711
0.64
0.856
1
0.418
0.576
NA
0.136
0.414
0.457
NA
0.448
0.637
0.713
0.617
0.381
1
NA
0.23
0.399
1
1
0.623
0.341
0.698
0.466
0.492
0.632
1
0.787
0.583
0.552
0.68
0.442
0.392
1
NA
0.489
NA
0.34
0.282
0.519
NA
NA
0.532
0.57
0.492
0.424
NA
0.319
0.395
0.433
0.633
0.573
0.285
0.51
0.179
0.405
0.51
0.301
0.564
NA
0.546
0.873
0.695
0.673
0.529
0.622
0.632
0.601
0.77
0.711
0.451
0.739
0.806
0.383
0.543
0.59
0.367
1
1
0.752
0.591
0.921
0.854
0.525
0.571
0.292
0.477
0.549
0.412
1
NA
0.733
0.287
NA
0.386
0.329
0.507
NA
NA
NA
NA
1
0.163
0.198
1
0.391
0.712
0.637
1
NA
0.526
0.674
NA
1
0.579
NA
0.508
NA
1
0.426
1
0.345
0.217
0.438
0.402
0.374
1
NA
0.429
0.051
0.141
0
NA
NA
NA
NA
0.433
0.454
0.634
0.519
0.779
0.432
0.18
0.521
0.295
0.345
0.44
1
0.257
0.093
0.261
NA
NA
NA
NA
0.499
0.468
0.094
NA
NA
0.415
NA
0.577
NA
NA
NA
0.251
1
1
1
0.499
0.805
NA
0.583
0.962
0.753
0.668
0.541
0
NA
NA
NA
0.518
0.39
0.584
0.275
0.558
0.438
0.459
NA
1
0.182
0.5
NA
0.399
0.574
NA
NA
NA
NA
NA
1
1
0.614
0.552
0.696
0.407
0.606
0.605
1
0.15
0.289
0.873
0.543
1
0.58
0.407
0.602
0.585
0.535
0.86
0.619
0.529
0.485
0.457
0.469
0.436
1
NA
0.655
0.627
0.417
0.446
0.509
0.537
0.666
0.607
0.545
NA
0.559
0.582
0.634
1
0.247
0.814
1
0.642
0.455
0.331
0.329
0.497
0.274
0.312
NA
0.334
1
0.157
0.18
0.349
NA
0.285
1
0.759
1
0.19
0.076
0.278
0.092
0.212
1
0.256
0.395
0.615
0.577
0.249
0.395
0.896
0.521
1
0.608
0.45
0.545
0.659
0.507
0.386
0.667
0.22
1
0.111
NA
0.367
NA
0.485
0.454
NA
0.249
0.5
0.314
0.5
0.551
0.363
NA
0.502
0.412
0.127
NA
NA
0.533
0.641
0.471
0.613
1
NA
NA
NA
NA
NA
NA
1
0.48
NA
NA
1
NA
0.787
0.719
0.919
0.831
0.878
0.467
1
0.423
0.522
0.509
NA
0.496
0.728
0.633
0.931
1
0.736
0.413
NA
NA
NA
NA
NA
NA
0.642
0.133
0.014
0.232
0.444
NA
0.216
0.022
0.168
0.218
0.027
0.217
0.564
NA
0.112
0.37
NA
0.33
0.135
0.375
0.418
0.214
0.07
0.216
0.117
0.051
0.128
0.794
0.859
0.653
0.539
0.47
0.443
NA
0.667
0.863
0.725
0.797
0.537
0.704
0.692
1
0.748
0.758
0.275
0.275
0.336
0.256
0.61
0.414
0.539
1
NA
NA
NA
NA
NA
NA
NA
NA
0.223
1
1
0.46
0.231
NA
NA
NA
NA
1
1
0.936
0.221
0.457
0.463
0.286
1
0.324
1
0.372
0.443
0.247
0.213
0.443
0.551
1
0.369
0.596
1
NA
0.704
0.553
NA
0.14
0.177
1
0.155
0.308
0.331
0.599
0.496
0.263
0.373
0.39
0.936
0.99
0.808
NA
0.411
0.331
0.473
NA
0.519
0.761
0.663
0.291
1
0.234
0
0.418
NA
NA
0.426
0.482
0.529
0.554
0.503
0.573
0.304
0.399
0.389
0.532
1
0.604
0.284
0.26
0.402
0.254
1
0.608
0.643
1
0.629
0.72
0.561
0.604
0.267
0.266
0.483
1
0.51
0.521
0.608
0.538
0.616
0.682
0.525
0.583
0.592
0.551
0.665
0.448
0.499
0.59
0.568
0.516
0.618
1
1
0.34
0.367
0.672
0.477
0.653
0.627
0.662
0.537
0.577
0.713
0.608
0.427
0.562
0.586
0.491
0.454
1
0.459
0.574
0.691
0.562
0.407
0.479
0.702
1
0.466
0.674
0.674
0.57
0.562
0.591
0.472
1
0.509
0.466
0.478
0.389
0.569
0.681
0.483
0.728
0.504
0.489
0.602
1
0.49
0.682
0.551
1
0.707
0.383
0.608
0.848
0.619
0.901
0.605
0.356
0.507
0.435
0.242
1
0.406
0.45
0.219
0.471
NA
0.386
1
0.34
0.333
0.145
0.352
0.489
0.406
0.441
0.675
0.717
0.648
0.551
0.368
0.426
0.305
NA
NA
NA
0.586
0.434
0.689
1
0.846
0.678
0.688
0.665
0.778
NA
NA
0.546
0.34
0.603
0.226
0.382
0.197
1
0.291
NA
0.494
0.422
NA
1
0.74
1
0.581
0.712
0.596
0.307
0.502
0.473
0.423
0.741
0.383
NA
0.642
1
0.591
NA
0.298
NA
0.315
0.424
0.312
1
0.525
0.395
0.559
0.458
0.466
0.431
0.515
0.451
0.31
0.396
0.32
0.286
0.284
0.317
0.419
0.703
NA
0.62
0.697
0.545
1
0.955
0.723
0.916
0.402
0.955
0.552
0.443
1
0.32
1
1
0.389
0.215
0.717
0.678
0.087
NA
NA
NA
NA
NA
NA
NA
NA
1
0.941
0.144
0.22
NA
0.371
1
0.583
0.319
0.478
NA
0.398
0.321
0.278
0.308
0.47
0.294
0.364
0.344
0.211
0.447
1
0.199
0.249
1
0.436
0.901
0.892
0.621
0.48
1
0.574
0.591
0.571
0.536
0.595
0.384
0.583
0.572
0.573
0.564
0.501
0.587
0.954
0.929
0.872
0.287
NA
1
0.467
0.231
0.377
0.38
1
0.598
0.536
1
0.545
NA
0.48
0.545
0.525
0.482
0.34
NA
NA
NA
1
0.487
0.314
0.351
NA
0.754
0.743
1
0.529
0.767
0.532
0.14
0.348
0.385
0.431
1
0.455
0.527
1
0.247
1
0.331
0.418
0.4
0.423
0.274
0.171
0.17
1
0.73
0.771
0.391
0.74
0.446
0.504
0.397
0.554
0.734
NA
NA
NA
0.372
1
0.352
0.393
0.511
0.245
0.487
0.479
1
1
NA
1
1
1
1
0.432
0.529
NA
0.834
1
0.817
0.569
0.946
0.608
0.832
0.639
0.639
0.631
1
0.416
0.521
0.475
0.443
0.907
0.907
1
0.443
0.509
0.513
0.629
0.889
0.882
0.593
0.548
0.604
0.773
0.773
1
0.499
0.448
0.607
0.87
0.78
0.418
0.327
0.642
0.232
0.666
0.314
0.179
0.598
0.72
NA
0.876
0.314
0.436
0.842
0.842
NA
0
0.387
1
0.528
0.804
1
1
0.8
0.846
0.865
NA
NA
NA
1
0.801
0.801
1
0.877
0.425
1
NA
1
0.301
NA
NA
NA
0.766
0.748
0.708
0.432
0.556
0.433
NA
0.509
0.429
0.448
0.435
0.417
0.126
0.451
0.504
0.48
0.416
NA
0.213
1
0.481
NA
0.451
0.407
0.538
0.365
1
0.561
0.536
0.46
0.707
0.302
0.624
NA
NA
NA
NA
0.392
0.567
0.538
1
NA
NA
0.251
0.198
0.415
0.198
0.198
0.807
0.34
0.3
1
NA
1
0.457
0.189
0.498
0.56
NA
0.081
0.28
0.332
1
1
0.531
0.38
0.585
1
0.585
1
0.646
0.602
0.522
0.518
0.646
0.585
0.627
0.601
0.264
0.461
0.632
0.624
0.541
0.383
0.454
0.613
0.481
0.323
0.367
1
0.469
0.574
0.92
0
0.548
0.54
0.557
0.678
0.597
0.576
0.553
0.601
0.435
0.342
0.624
0.628
0.606
0.42
0.694
1
0.273
0.399
0.634
0.29
NA
0.396
0.477
0.544
1
0.393
1
0.312
0.9
0.502
NA
1
0.472
0.472
0.492
0.445
NA
NA
NA
NA
0.148
0.455
0.472
0.722
1
0.347
NA
1
0.405
0.368
0.869
0.547
0.536
0.543
NA
0.513
1
0.647
0.551
0.586
0.492
0.56
0.576
0.746
0.907
0.519
0.311
0.517
0.555
0.6
0.492
0.408
0.38
1
0.436
0.322
0.625
0.14
0.149
NA
NA
NA
0.412
NA
NA
0.291
0.372
0.176
0.283
NA
0.402
NA
NA
0.687
0.531
0.729
1
1
1
0.605
0.537
1
0.148
0.36
0.118
0.204
0.36
0.128
0.368
0.38
0.605
1
0.537
0.355
0.722
0.722
0.608
0.693
0.57
0.423
0.159
NA
0.548
NA
0.468
0.633
0.569
1
0.631
0.616
0.502
0.473
0.546
0.536
NA
0.594
0.779
0.57
0.565
NA
NA
0.72
1
0.797
0.73
0.651
0.673
0.757
0.421
0.633
1
0.76
NA
NA
NA
NA
NA
NA
NA
NA
0.203
0.403
0.334
0.406
0.522
1
0.508
0.554
1
0.411
0.379
NA
NA
1
0.452
0.817
0.568
0.671
0.471
0.932
0.467
0.919
0.709
0.417
0.62
0.424
0.716
NA
0.575
1
0.585
0.515
NA
1
1
0.679
1
0.601
0.604
0.472
0.65
0.647
0.658
0.705
0.558
0.836
0.725
0.546
0.797
0.598
0.495
0.505
1
NA
NA
0.293
0.261
0.68
0.605
1
0.671
0.654
0.579
0.496
0.176
0.581
0.133
0.161
0.26
0.54
0.145
1
0.887
NA
0.239
0.542
0.286
0.368
0.62
1
0.596
1
0.44
NA
0.304
NA
0.46
NA
0.071
0.286
0.247
0.175
0.182
0.068
0.259
0.538
NA
0.22
1
0.618
0.859
0.505
0.625
0.383
0.457
1
0.576
0.574
0.525
0.412
0.59
0.423
0.503
0.275
0.57
1
0.444
0.474
0.458
0.592
0.574
0.574
0.571
0.266
0.472
0.521
0.473
1
0.383
0.505
0.407
0
0.386
0.042
NA
NA
0.294
NA
NA
0.461
0.455
0.475
0.347
1
0.602
0.255
1
0.504
1
0.415
0.465
1
0.137
0.514
0.539
0.421
0.071
0.475
0.235
0.513
0.479
NA
0.509
0.504
1.01
0.357
1
0.542
1
0.229
0.227
1
0.293
0.556
0.428
0.245
0.787
NA
NA
0.377
0.683
0.879
0.605
0.59
1
0.666
0.25
NA
NA
0.975
NA
0.452
0.8
0.622
1
0.605
0.695
0.35
0.601
0.481
0.601
0.522
0.614
1
1
0.478
0.614
0.582
0.405
0.024
NA
0.235
0.617
0.493
0.39
0.578
0.524
0.525
1
NA
NA
NA
NA
NA
0.591
0.657
0.564
0.583
1
0.704
0.673
0.629
0.665
0.57
0.623
0.609
0.62
0.473
0.66
0.549
0.452
0.247
0.243
0.267
NA
0.229
0.216
0.163
0.573
NA
NA
NA
NA
NA
NA
NA
NA
0.319
0.46
0.526
0.177
1
0.314
1
0.503
0.391
1
0.395
0.65
0.302
0.231
0.6
0.488
0.372
0.408
0.432
0.31
0.711
0.614
1
0.518
0.662
1
0.723
0.54
NA
0.481
NA
0.505
0.596
0.649
0.491
0.766
0.492
0.83
0.505
0.811
0.688
0.327
0.494
0.608
1
0.443
0
0.132
0.518
0.541
0.581
0.544
0.49
0.794
1
0.668
0.243
0.616
0.517
0.459
0.495
NA
0.774
1
0.555
NA
0.492
0.46
0.533
0.62
0.667
1
0.628
0.722
0.627
0.467
0.537
NA
0.506
0.549
0.641
0.496
0.564
0.57
0.328
0.393
0.44
0.583
0.75
1
0.77
0.592
0.516
0.531
0.59
0.779
0.878
1
0.469
0.519
0.79
0.639
0.134
1
0.197
0.13
NA
0.431
1
0.521
0.593
1
NA
1
0.586
1
0.808
1
0.64
0.638
0.447
0.611
1
0.536
0.578
0.578
0.94
0.94
0.416
0.494
0.443
0.399
0.337
1
0.702
0.5
0.548
0.588
0.556
0.59
1
0.179
0.538
0.214
0.561
0.47
0.459
1
0.579
0.725
1
0.554
0.548
0.647
0.56
1
0.511
NA
NA
NA
NA
0.626
0.338
0.655
0.496
0.652
1
0.588
0.509
0.543
0.656
0.621
0.677
0.855
1
0.414
0.279
0.726
0.268
0.813
0.522
0.475
0.517
0.674
0.621
0.559
0.513
0.289
1
0.32
0.712
0.351
0.495
0.482
0.536
0.55
0.547
0.708
0.54
0.652
0.539
0.47
0.558
0.616
0.562
0.385
0.448
1
0.63
0.617
0.577
NA
0.54
0.369
0.566
0.534
0.594
0.671
0.597
0.461
0.603
0.499
0.426
0.622
0.613
0.584
0.606
0.694
0.421
0.464
0.383
0.637
1
0.586
0.372
0.393
0.581
1
0.729
0.506
0.245
0.352
0.524
0.547
1
0.612
0.859
0.329
0.433
0.738
1
0.761
0.837
0.447
0.429
0.543
0.407
0.723
0.257
1
1
0.569
0.473
1
0.178
0.476
NA
0.642
0.828
0.528
0.45
0.182
0.526
0.518
0.537
0.139
NA
0.66
0.395
0.474
0.741
1
0.365
0.439
1
0.358
0.387
0.556
0.458
0.615
0.701
1
0.172
0.549
0.577
0.364
0.626
0.814
0.455
0.433
0.484
0.505
0.526
0.358
0.353
0.358
0.55
1
0.612
1
0.413
0.407
1
1
0.205
0.487
0.262
0.412
0.63
NA
0.481
1
0.467
0.402
0.598
0.548
0.759
0.689
0.712
0.195
0.646
1
0.603
1
0.605
0.62
0.456
0.596
0.537
0.673
0.641
0.642
0.736
0.322
0.493
0.687
0.497
0.689
1
0.545
0.074
0.614
1
0.521
0.611
0.65
0.476
NA
0.609
0.703
0.42
0.476
0.573
0.541
0.564
0.568
0.565
0.657
0.715
1
0.607
0.588
0.602
0.312
0.525
0.534
0.409
0.357
0.534
0.793
0.6
0.563
0.646
0.644
0.504
0.845
NA
1
0.788
0.365
0.513
0.796
0.806
0.633
0.58
0.659
0.457
0.475
0.52
1
1
0.598
0.694
0.362
0.312
0.295
1
0.764
0.347
0.348
0.764
NA
0.319
0.445
0.492
0.497
0.766
0.31
0.622
1
0.794
0.997
0.994
1
0.44
0.9
1
0.782
0.994
0.235
0.47
0.14
0.315
0.275
0.237
0.198
0.204
0.969
0.303
0.508
1
0.759
0.301
1
0.379
0.508
1
1
1
0.239
0.362
0.279
0.351
0.239
0.464
0.417
0.419
1
0.632
0.02
0.407
0.595
1
0.376
0.979
1
0.896
0.582
0.545
NA
0.534
0.461
0.389
0.625
0.454
0.41
0.421
0.559
0.802
0.395
0.481
0.42
0.491
0.491
0.613
1
NA
0.692
0.667
0.62
1
1
0.53
NA
1
0.522
0.655
0.8
0.376
NA
0.605
0.477
0.46
0.538
0.714
0.527
1
0.447
0.612
0.701
0.504
0.309
0.458
0.836
1
NA
1
0.372
0.538
NA
0.269
0.26
0.583
0.449
0.439
0.537
0.399
1
0.576
0.549
0.4
0.273
0.716
0.367
0.476
0.236
0.495
0.427
0.358
0.402
1
0.442
0.42
0.239
0.489
0.327
0.337
0.37
NA
0.146
0.002
0.139
NA
NA
0.643
1
0.607
0.546
0.553
0.491
0.109
0.473
0.398
0.133
0.091
0.085
0.381
NA
0.206
0.732
0.2
NA
0.35
NA
NA
0.622
0.371
NA
0
0.089
NA
0.243
0.079
0.035
0.175
0.163
0.133
NA
0.295
0.265
0
0.116
NA
NA
0.395
0.729
0.539
0.663
0.346
0.625
NA
NA
0.693
0.528
0.494
1
0.592
0.596
0.6
0.755
0
0.553
0.681
0.449
0.311
0.78
0.948
0.542
0.517
NA
0.428
0.701
0.662
0.544
0.532
1
0.448
0.56
0.414
0.392
0.361
0.52
NA
0.289
0.399
0.175
0.278
0.342
0.27
0.417
0.76
1
0.345
0.236
0.271
1
0.302
1
0.788
0.63
0.722
0.793
0.601
0.694
0.788
0.656
0.271
0.478
0.502
0.625
NA
0.636
0.339
NA
1
0.396
0.109
0.145
0.457
0.444
NA
NA
NA
0.35
0.324
0.454
0.442
0.67
1
0.264
0.213
0.634
0.334
NA
0.725
0.652
NA
NA
0.437
0.53
0.469
NA
0.706
0.694
0.205
0.497
0.817
0.637
1
0.545
0.475
0.593
0.401
0.969
0.472
0.688
0.231
0.489
0.38
0.499
1
0.53
0.361
0.484
0.455
1
1
0.397
0.451
1
0.255
0.349
0.639
0.385
0.334
0.323
NA
0.499
1
0.545
0.334
0.365
0.55
0.785
NA
NA
0.345
0.722
1
0.341
0.447
0.42
0.445
0.701
0.069
0.082
1
0.595
0.314
0.377
0.117
1
1
0.582
0.528
0.305
NA
1
0.477
NA
0.622
0.73
1
1
0.663
0.481
0.62
0.469
0.695
0.475
0.486
0.95
0.455
0.509
0.428
0.081
0.622
0.551
0.737
1
0.342
0.672
0.582
NA
0.661
0.349
0.346
0.725
0.683
0.647
0.562
NA
0.671
0.517
NA
NA
NA
NA
NA
NA
NA
NA
NA
NA
NA
NA
0.417
0.394
0.359
1
0.873
0.424
0.419
0.343
0.475
0.565
NA
0.751
0.427
0.496
0.512
NA
0.613
0.55
0.625
1
0.686
0.734
0.548
0.511
NA
0.543
0.505
0.382
0.275
NA
0.28
0.541
0.354
0.183
0.501
0.286
0.53
0.418
0.426
0.429
0.548
0.344
0.585
0.164
0.255
0.522
0.588
0.602
0.597
0.404
0.569
0.42
0.499
0.289
0.616
0.487
0.551
0.624
0.355
1
0.791
0.539
0.51
0.311
NA
0.327
0.692
0.14
0.581
0.408
0.069
0.553
0.485
0.474
0.509
NA
0.246
0.562
0.616
0.435
0.496
0.686
0.665
0.408
0.657
0.412
0.514
0.201
0.129
NA
0.964
NA
0.441
0.297
0.654
0.528
0.547
0.302
0.366
NA
0.519
0.423
0.51
0.517
0.619
0.637
0.606
0.37
0.634
0.613
0.524
0.587
0.541
0.637
0.581
0.46
0.522
NA
0.575
0.196
0.671
0.705
0.711
0.498
0.723
1
0.819
0.977
0.548
0.646
0.503
NA
0.304
0.449
0.356
0.566
0.638
0.644
0.583
0.668
0.445
0.291
0.491
0.494
0.563
0.444
0.686
0.498
0.293
0.242
0.385
NA
0.539
NA
0.415
NA
NA
0.441
0.638
0.581
0.267
0.642
0.417
0.561
0.455
0.238
0.47
0.51
0.626
0.506
0.524
0.577
0.545
0.691
0.497
NA
0.57
NA
0.444
0.654
0.678
0.754
1
0.919
0.577
0.663
0.549
0.258
0.564
0.704
NA
0.643
0.725
0.465
0.278
0.459
0.665
0.542
0.611
NA
0.455
0.598
0.509
0.42
0.421
0.638
0.5
0.436
0.492
0.437
0.372
0.646
0.928
0.718
NA
0.51
0.515
0.362
0.465
0.632
0.524
0.512
0.446
NA
0.589
NA
0.683
0.529
NA
NA
0.585
1
0.438
0.239
0.657
0.561
0.142
0.622
0.616
1
0.977
0.907
1
0.437
0.491
0.542
0.518
0.529
0.563
0.642
1
0.273
0.651
NA
NA
NA
NA
NA
NA
NA
NA
NA
NA
NA
NA
NA
NA
NA
NA
NA
NA
NA
NA
NA
NA
NA
NA
NA
0.515
0.248
0.621
1
1
0.499
0.283
0
0.499
0.517
0.773
0.315
1
0.685
1
1
0.656
0.517
0.668
0.61
0.698
0.495
1
0.43
0.332
0.466
0.521
0.239
0.276
0.343
0.582
NA
NA
0.643
0.465
0.624
1
0.529
0.331
0.621
1
1
0.622
0.155
0.234
1
0.393
0.468
0.526
0.66
0.428
0.196
0.625
1
0.496
0.45
0.378
1
1
1
0.667
0.281
1
0.255
0.673
1
0.205
0.205
NA
NA
0.339
0.426
0.351
0.275
0.387
0.724
1
0.438
0
NA
0.593
NA
0.484
NA
NA
0.484
0.179
NA
NA
NA
NA
NA
0.482
0.448
0.373
0.281
0.384
0.601
1
0.444
0.844
0.761
1
0.537
0.386
0.624
0.555
1
0.495
0.665
0.404
0.528
0.574
0.554
0.677
0.667
0.423
0.517
0.499
0.442
0.573
0.466
0.653
0.451
0.548
0.344
0.501
0.457
1
1
0.331
NA
1
0.384
0.425
0.484
0.383
1
0.697
NA
0.856
0.561
0.588
0.561
1
0.561
0.211
NA
0.561
0.773
0.382
1
0.738
0.504
NA
0.408
NA
0.59
0.37
0.504
1
0.476
0.687
0.475
0.635
0.556
0.493
0.634
0.404
0.42
0.662
0.646
0.437
0.631
0.286
0.304
0.33
0.27
0.33
0.304
1
0.33
0.288
0.763
0.33
0.304
0.33
0.33
0.33
1
1
1
0.763
0.33
0.28
0.497
0.535
0.647
1
0.566
0.663
0.215
0.647
NA
0.446
0.537
1
1
0.113
NA
0.41
0.592
1
0.375
0.545
0.76
0.368
1
0.567
0.763
0.267
1
0.464
0.624
NA
0.539
0.213
0.416
1
0.153
0.543
1
NA
1
NA
0.873
0.907
NA
1
0.598
0.604
0.509
0.64
0.318
0.259
0.698
1
0.405
0.617
0.562
0.511
0.415
0.55
0.745
0.745
0.566
0.616
0.56
0.624
0.591
0.355
0.555
0.323
0.608
0.397
0.451
1
0.349
0.335
0.568
0.437
0.207
0.192
0.206
0.669
0.16
0.366
0.415
0.262
0.568
0.16
0.334
0.21
0.234
0.279
0.758
0.094
1
0.482
0.24
0.417
0.555
0.847
0.665
0.389
0.469
0.527
0.242
0.555
0.359
0.302
0.214
0.185
0.461
0.409
1
1
NA
0.503
0.455
1
0.496
NA
0.245
1
0.507
0.243
0.495
NA
0.467
0.339
0.768
0.773
0.469
1
0.346
1
0.458
1
0.461
0.217
0.673
0.366
0.313
0.495
0.495
0.676
1
NA
0.617
0.573
1
0.554
0.671
0.551
0.664
0.564
0.49
1
1
0.237
0.438
0.481
0.476
0.499
0.155
1
0.348
0.048
0.219
0.254
0.159
0.38
0.249
0.178
0.26
0.355
0.248
0.692
0.592
0.662
0.312
1
0.058
0.552
1
NA
0.642
1
0.275
1
1
1
0.526
0.44
0.497
0.449
0.471
0.513
1
0.358
0.322
0.564
0.528
0.907
0.596
0.546
0.58
0.489
0.444
0.508
1
0.781
0.644
0.289
0.765
0.786
0.513
0.523
0.702
0.643
1
0.742
0.74
0.411
0.311
0.774
0.275
0.245
0.346
0.409
1
0.764
1
0.442
0.466
0.334
0.169
0.49
0.376
0.46
0.172
0.345
0.381
0.526
0.312
1
0.372
0.33
NA
0.148
0.522
0.305
0.172
0.236
0.35
0.259
1
0.701
0.275
0.35
0.212
NA
0.26
0.639
0.551
0.235
0.536
0.555
0.731
0.362
0.72
0.406
1
0.434
0.309
NA
0.495
0.528
0.616
0.512
0.544
1
0.713
NA
NA
0.899
1
0.462
0.608
0.113
1
0.529
0.566
0.587
0.678
0.573
0.505
0.618
0.535
0.672
1
0.701
0.071
0.59
0.638
0.563
0.666
0.676
0.595
NA
0.488
0.056
0.681
0.524
0.775
0.554
0.313
0.442
1
0.325
0.325
0.325
0.235
NA
NA
NA
NA
NA
NA
NA
NA
NA
NA
0.544
0.642
0.606
0.517
0.489
0.557
0.452
0.507
1
0.556
NA
0.212
0.596
0.463
0.381
0.671
NA
0.412
0.488
0.312
0.546
1
0.58
0.359
0.429
0.549
0.53
0.436
0.387
0.749
0.699
1
0.185
0.438
0.327
0.327
0
1
0.903
0.668
1
0.526
0.548
0.47
0.341
0.442
1
0.376
0.209
0.512
NA
0.238
0.395
0.412
0.286
0.505
0.773
0.795
0.315
0.822
0.596
0.626
0.558
0.496
0.564
0.325
NA
0.364
0.867
NA
1
1
NA
0.431
0.549
0.703
0.567
0.322
1
0.835
0.575
0.707
0.702
0.615
NA
0.784
0.419
0.564
0.606
0.609
0.425
1
0.854
0.689
0.875
0.331
0.605
0.538
0.286
0.331
0.436
0.573
0.575
0.689
0.663
0.49
0.449
1
NA
0.973
0.555
0.234
1
0.761
0.429
0.531
0.44
0.574
0.504
0.56
0.641
0.493
0.207
1
1
0.471
0.7
NA
NA
NA
NA
NA
0.582
NA
0.689
0.368
0.5
0.275
0.383
0.403
0.535
0.247
0.387
0.477
0.595
0.385
0.491
0.551
0.538
0.38
0.286
0.332
0.649
0.398
1
0.323
0.147
0.276
0.349
0.212
0.589
0.526
0.55
1
0.609
0.718
0.505
0.511
0.618
0.48
0.405
1
0.767
0.387
0.605
0.475
0.548
0.489
0.6
0.521
0.817
0.621
1
0.047
1
0.057
0.152
0.087
0.995
0.462
0.325
1
0.136
1
0.322
1
1
NA
0.383
1
0.375
NA
0.639
0.738
0.744
NA
0.552
0.504
1
0.309
0.635
0.551
0.524
0.606
0.734
1
0.505
0.557
0.498
0.826
0.66
0.616
0.591
0.59
0.537
0.665
0.514
0.552
0.94
0.663
0.33
0.817
NA
NA
NA
NA
NA
NA
NA
1
0.982
0.551
1
0.867
NA
NA
1
NA
0.897
1
0.457
0.697
0.434
0.434
0.435
0.528
0.532
0.614
0.617
0.522
0.596
0.441
0.444
NA
0.548
0.641
0.696
0.116
0.508
0.554
0.583
0.426
0.56
NA
0.066
NA
0.22
0.364
0.334
0.601
0.294
0.61
0.479
0.164
0.449
1
0.152
0.629
0.64
0.64
0.242
0.475
0.64
0.636
1
0.441
0.239
0.349
0.496
0.559
0.54
0.204
0.244
0.365
0.349
1
0.464
0.32
NA
0.273
1
0.283
0.562
0.45
0.36
0.109
NA
0.859
1
0.585
0.21
NA
0.34
0.783
0.729
0.3
1
1
0.392
0.228
0.247
0.772
0.593
0.644
0.286
0.525
0.743
0.714
0.595
1
0.734
NA
0.596
0.313
0.714
NA
0.664
0.095
NA
1
0.307
0.114
0.474
0.625
0.435
0.287
0.919
0.376
NA
NA
NA
NA
NA
NA
0.892
0.381
1
0.473
0.341
0.099
0.424
0.534
0.822
1
0.729
0.548
0.591
1
0.362
0.601
1
NA
0.545
1
0.203
0
1
1
0.511
NA
0.61
0.43
1
0.226
0.502
NA
0.246
0.37
0.327
0.377
0.46
0.298
0.312
0.379
NA
0.308
0.227
0.361
0.691
NA
0.829
0.829
0.721
0.415
0.533
0.534
0.604
0.518
NA
0.604
0.262
NA
NA
NA
NA
NA
NA
NA
NA
NA
0.564
0.476
0.302
NA
0.591
0.547
0.832
0.469
NA
0.376
NA
0.6
0.497
0
0
0.742
0.293
NA
0.65
0.714
0.291
1
0.256
NA
0.262
1
0.346
NA
1
0.256
0.472
0.198
0.092
0.595
0.541
0.317
0.557
1
0.57
0.553
0.172
0.332
NA
1
0.65
0.784
0.193
0.681
0.892
0.578
0.645
0.569
0.564
0.584
0.604
0.884
0.548
1
0.826
0.618
0.838
0.865
0.27
0.566
0.676
0.635
0.798
0.693
0.5
0.065
1
0.024
0.044
0
0.549
0.566
0.733
0.433
0.593
0.829
0.492
0.397
1
0.564
1
0.531
0.567
0.516
0.342
0.434
0.248
0.252
0.261
0.691
0.639
0.737
NA
0.415
0.61
0.2
0.346
0.657
NA
NA
NA
NA
NA
NA
0.419
0.471
0.722
NA
NA
NA
NA
NA
1
0.245
0.211
0.177
0.2
0.017
0.724
NA
0.301
1
1
0.88
1
0.812
0.363
0.397
0.919
0.565
1
0.53
0.641
0.951
1
0.135
NA
0.428
0.442
1
0.286
0.421
0.44
0.457
0.416
0.474
NA
NA
1
0.632
1
0.497
1
0.471
1
0.868
1
0.706
0.899
0.763
1.012
0.924
0.932
0.629
0.655
0.67
0.67
1
NA
NA
0.638
0.638
0.675
0.655
0.29
1
0.719
0.754
0.299
NA
1
0.254
0.604
1
NA
0.838
0.34
0.107
NA
0.188
0.502
0.461
0.752
0.452
0.76
1
0.768
0.815
0.645
0.585
0.572
1
0.797
0.682
0.247
0.333
0.539
0.57
0.418
0.42
0.649
1
0.553
0.316
NA
0.384
0.424
0.364
0.419
0.226
0.395
0.355
0.414
0.424
0.414
0.058
NA
0.342
0.514
0.422
0.317
0.587
0.309
0.528
0.747
0.475
0.3
1
0.311
0.648
0.627
0.693
0.611
0.635
0.302
0.394
0.3
0.422
0.71
1
1
0.967
0.532
1
NA
0.532
1
0.927
0.525
0.759
0.512
1
0.762
0.709
0.696
1
1
1
0.559
0.467
NA
0.474
0.631
0.748
0.601
0.509
0.609
1
0.685
0.724
0.765
0.598
0.67
0.403
0.673
0.71
0.717
0.692
0.538
0.484
NA
0.524
0.551
NA
NA
NA
NA
NA
0.521
0.471
0.642
0.494
0.623
0.68
0.663
0.781
0.578
0.573
0.664
0.406
0.319
0.734
0.92
0.614
0.406
0.285
0.592
0.585
1
0.59
0.668
0.484
0.676
0.339
0.223
1
0.552
0.178
NA
NA
NA
NA
NA
NA
NA
1
0.536
NA
NA
1
0.842
0.486
0.511
0.653
0.654
0.762
1
0.347
0.363
0.288
0.487
0.457
1
0.576
0.696
0.564
NA
0.367
0.625
0.634
0.095
0.859
0.9
0.9
0.474
0.697
0.331
NA
0.388
0.336
0.401
0.329
NA
0.388
0.32
NA
0.244
0.289
0.466
NA
0.27
NA
1
0.337
0.717
0.382
0.694
0.363
0.483
1
0.671
0.502
0.515
0.708
0.645
0.755
0.697
0.321
0.42
0.584
1
1
0.953
0.26
1
0.544
0.434
1
0.51
0.198
0.31
0.354
0.526
0.299
0.744
0.968
0.829
1
0.094
NA
0.426
0.684
0.192
NA
0.329
0.313
0.412
0.546
0.45
0.265
0.208
0.378
0.468
0.337
0.246
0.967
0.511
0.44
0.618
0.415
0.579
0.834
0.693
0.749
0.42
0.45
0.44
0.493
0.411
0.385
0.631
NA
0.705
0.473
0.674
0.676
1
0.771
0.581
0.553
0.649
0.493
0.673
0.338
0.215
0.212
0.619
0.478
0.378
0.689
0.513
0.574
0.405
0.399
0.517
0.667
0.53
0.563
0.538
0.531
0.804
0.606
0.626
0.638
0.822
1
0.584
0.417
0.639
0.475
0.561
NA
0.537
0.188
0.462
NA
NA
0.487
0.401
0.435
0.658
0.483
0.413
0.428
0.457
0.436
0.66
0.383
0.615
0.463
0.625
0.388
0.455
0.543
0.602
0.329
0.769
0.562
0.588
0.634
0.535
0.575
0.355
0.352
0.304
0.546
0.391
0.453
0.467
0.19
0.316
0.347
0.383
1.003
0.305
NA
NA
NA
0.738
0.522
0.44
1
0.858
0.485
0.482
0.496
0.59
NA
0.576
0.427
0.259
0.389
0.368
0.198
0.506
0.503
0.666
0.595
0.643
0.632
0.677
0.68
0.59
0.643
NA
0.64
0.724
0.468
0.713
0.458
0.433
1.012
NA
0.66
0.726
0.665
1
0.604
0.124
0.454
NA
0.334
0.967
0.366
0.412
0.483
0.526
0.651
0.304
0.386
0.507
0.469
0.431
1
0.354
0.274
NA
0.391
0.452
0.684
1
0.538
0.663
0.484
0.829
0.664
0.712
0.712
0.712
0.712
0.712
0.575
0.644
0.566
0.652
NA
0.534
0.58
0.464
0.671
0.38
0.421
0.521
0.571
0.664
1.014
1
0.514
0.571
0.507
1
1
0.477
0.336
1
0.548
0.529
0.327
0.512
1
0.583
0.405
0.626
0.672
1
0.445
1
NA
0.187
0.315
0.315
0.382
0.332
0.357
0.273
1
0.233
0.576
0.282
0.892
0.271
0.047
1
1
0.522
0.641
1
0.793
0.293
NA
0.476
0.435
0.678
0.255
0.504
0.501
0.387
0.456
0.662
NA
0.67
0.32
NA
0.944
0.976
0.444
0.585
0.89
0.894
1
0.701
0.635
0.746
0.714
0.752
0.319
0.45
0.927
0.892
0.95
0.883
0.522
0.604
0.654
0.391
0.737
0.932
0.88
1
0.942
0.842
0.842
0.544
0.914
0.935
0.867
1
0.576
0.825
0.739
0.892
0.891
0.851
0.867
1
0.997
0.997
1
0.473
0.453
0.331
0.606
0.568
0.416
NA
NA
NA
1
0.294
0.5
0.078
0
1
NA
0
0.164
1
0.413
0.386
0.291
0.596
0.575
0.667
0.636
0.511
0.738
0.538
0.457
0.464
0.617
0.542
0.641
0.587
0.587
0.48
0.977
1
0
0.334
0.817
0.668
0.401
1
NA
0.902
0.175
0.436
0.36
0.346
0.52
1
NA
1
0.464
0.402
NA
NA
NA
0.059
0.016
1
NA
NA
0.34
0.416
1
0.454
0.443
0.482
NA
1
0.401
0.602
0.568
0.438
0.641
0.65
0.669
0.627
0.603
0.551
0.633
0.543
0.643
0.52
0.576
1
0.553
0.541
0.594
0.584
0.445
1
0.055
0.33
0.304
1
0.638
0.526
0.637
NA
NA
NA
NA
NA
0.232
NA
NA
NA
NA
NA
0.536
0.473
0.517
0.477
NA
0.541
0.378
0.459
NA
1
0.242
0.391
0.361
0.315
0.469
NA
NA
NA
0.335
0.323
0.657
0.726
0.386
0.577
0.536
0.425
0.285
0.318
0.198
0.469
NA
0.114
0.445
0.43
1
NA
NA
0.406
1
NA
0.341
NA
NA
NA
NA
NA
1
0.293
NA
0.28
0.454
0.504
0.399
0.435
0.64
NA
NA
1
NA
NA
NA
0.449
0.467
0.466
NA
NA
NA
NA
NA
NA
NA
NA
NA
NA
NA
NA
NA
NA
NA
NA
NA
0.208
0.453
0.333
0.285
0.509
0.596
1
0.606
0.57
0.254
0.358
NA
0.62
0.601
0.628
0.554
0.531
0.562
0.575
0.565
0.44
0.576
0.746
0.376
0.382
0.147
0.201
0.465
0.471
0.668
0.475
0.236
0.945
0.683
0.662
0.571
0.392
0.442
0.308
0.594
0.621
0.028
0.455
0.247
0.045
0.091
0.121
0.08
0.105
0.326
0.161
0.03
0.065
0.154
0.198
0.095
0.184
0.25
0.009
0.154
0.678
0.051
0.387
NA
NA
1
0.432
0.404
0.249
0.513
NA
NA
0.813
0.348
0.699
NA
NA
NA
NA
0.335
NA
0.234
0.326
0.349
0.407
NA
0.303
NA
0.402
NA
0.241
0.204
0.332
NA
0.645
0.585
0.589
1
0.607
0.213
NA
0
0.185
0.666
0.569
0.594
1
0.327
NA
0.222
0.405
0.248
0.136
NA
NA
NA
0.509
0.485
0.273
0.471
0.45
0.318
0.288
NA
1
0.307
1
0.388
NA
0.409
0.277
0.712
0.334
0.466
0.385
NA
NA
0.596
0.581
0.583
0.2
0.452
0.228
0.622
0.689
0
0.634
0.374
0.491
0.345
0.585
NA
0.423
0.24
0.267
0.586
0.428
0.626
0.351
0.496
0.65
0.396
0.537
0.382
NA
0.281
0.421
0.344
0.56
0.524
0.371
0.606
0.413
0.301
0.425
0.508
0.477
0.39
0.526
0.526
0.707
0.699
0.446
0.314
0.322
0.259
0.492
0.33
0.286
0.417
0.371
0.498
0.546
0.571
0.424
0.422
0.438
0.522
0.446
0.503
0.372
0.492
0.762
0.572
0.145
0.269
0.67
0.543
0.536
0.487
0.71
0.838
0.475
0.588
0.399
0.513
0.29
0.627
0.497
0.603
0.269
0.277
NA
0.397
0.293
0.419
0.389
0.588
0.408
0.401
0.323
0.341
0.573
NA
0.317
0.282
NA
0.178
1
0.289
0.268
0.312
0.266
0.384
0.557
NA
0.173
1
0.508
NA
0
0.504
0.504
0.3
0.331
0.287
0.657
0.717
0.929
0.828
0.284
NA
0.274
0.742
0.177
0.66
NA
0.306
0.346
0.643
0.611
0.539
0.435
0.725
1
0.676
0.344
0.977
1
0.455
0.415
0.308
0.382
0.288
1
0.598
0.613
0.557
1
0.132
0.612
0.559
1
NA
0.391
0.314
0.485
1
NA
0.303
0.478
NA
0.553
0.582
0.347
0.486
0.697
NA
0.368
0.592
0.363
0.36
NA
0.565
0.432
0.56
0.489
0.264
0.515
0.515
0.36
0.375
0.441
0.202
0.582
0.468
0.442
0.817
0.553
0.529
0.529
0.322
0.409
0.54
0.296
0.414
0.352
0.293
0.513
0.507
0.364
0.505
0.482
0.422
0.511
0.355
0.461
1
0.557
0.37
0.48
NA
0.135
0.16
0.545
0.71
0.902
0.533
0.483
0.332
0.202
0.667
0.278
0.433
0.606
0.476
NA
0.42
0.184
0.563
0.415
0.229
0.207
0.426
0.379
0.405
NA
0.452
0.286
0.598
0.59
0.517
0.554
0.517
0.683
0.449
0.381
0.513
0.291
0.357
0.431
0.456
0.147
0.601
0.489
0.49
0.619
0.347
0.352
0.228
0.285
0.316
0.33
0.488
0.486
0.627
1
0.123
0.17
0.524
0.353
0.645
0.599
0.3
0.592
0.435
0.408
0.964
0.514
0.275
0.534
0.399
0.195
0.503
0.345
0.529
0.514
0.59
1
0.745
0.193
0.354
0.463
0.201
0.33
0.759
NA
0.609
0.487
0.506
NA
0.393
0.396
0.539
0.398
0.456
0.223
0.593
0.62
0.559
0.423
NA
0.443
0.422
0.445
0.282
0.214
NA
0.51
0.55
NA
0.548
0.358
0.487
0.477
0.455
0.562
NA
0.391
1
0.565
0.451
0.504
0.349
0.37
1
0.604
0.615
0.556
0.604
0.528
0.944
0.332
0.262
0.462
0.611
0.257
0.532
0.409
0.409
0.606
0.664
0.469
0.613
1
0.543
0.466
0.604
0.746
0.351
0.388
0.689
0.44
0.481
0.179
0.458
0.6
0.671
0.457
1
0.437
0.506
0.343
0.432
0.082
0.353
0.203
0.52
0.649
0.591
0.61
0.616
1
NA
0.567
0.739
0.75
NA
0.526
0.528
0.651
0.572
0.617
0.609
0.578
1
0.694
0.7
0.599
0.59
0.326
NA
0.443
0.644
0.521
0.632
0.531
0.354
0.388
0.519
0.542
0.371
0.505
0.949
0.949
0.975
0.489
0.829
0.549
0.493
0.231
0.531
0.585
0.596
0.695
0.27
0.173
0.741
0.476
0.567
0.379
0.601
0.554
0.568
0.777
0.431
0.628
0.387
0.469
0.58
0.515
0.704
0.684
0.566
0.695
0.618
0.535
0.242
0.577
0.586
0.545
0.655
0.582
0.61
0.495
0.454
0.497
0.228
0.732
0.398
0.567
0.732
0.665
1
0.894
0.452
0.574
0.809
0.298
0.431
0.769
0.508
0.444
0.661
0.471
0.54
0.694
0.385
0.358
0.5
0.543
0.484
0.595
0.634
1
NA
0.31
0.587
0.527
0.76
0.598
0.346
0.722
0.544
0.877
0.594
0.689
0.446
0.88
0.65
0.115
0.464
0.593
0.801
0.592
0.75
0.405
0.594
0.496
0.634
0.187
0.459
0.206
0.573
0.349
0.531
0.533
0.627
0.431
0.761
0.407
NA
0.825
0.207
0.499
0.6
1
0.767
0.594
NA
NA
NA
0.531
0.509
0.505
0.805
0.58
0.622
1
0.726
0.638
0.781
0.388
0.474
0.42
1
0.456
0.452
NA
0.55
0.463
1
0.637
0.391
0.388
0.336
0.68
0.617
NA
1
0.667
0.374
1
NA
0.417
0.48
0.29
0.393
0.41
1
NA
NA
NA
NA
1
1
NA
1
NA
NA
NA
0.707
NA
1
NA
0.531
0.528
0.281
0.343
NA
0.292
0.409
0.829
0.271
0.521
0.49
0.627
0.276
0.421
0.339
0.323
0.12
0.24
NA
NA
NA
NA
NA
NA
NA
NA
1
NA
0.258
0
0.993
0.442
0.993
1
0.524
0.524
0.464
0.155
0.538
0.354
0.692
0.712
1
1
0.382
1
1
1
NA
0.712
0.509
0.743
0.426
0.598
0.495
0.51
0.712
0.631
0.616
NA
0.504
0.993
1
1
1
0.509
0.569
1
NA
0.745
0.766
0.817
0.853
0.182
0.712
1
1
0.441
1
0.402
0.558
0.987
0.507
0.546
0.424
0.357
0.432
0.565
0.411
0.982
0.427
NA
1
0.313
0.982
1
0.977
0.538
0.505
1
0.409
0.748
0.617
NA
0.602
0.698
1
1
0.961
0.432
0.477
0.487
0.978
0.156
0.44
0.569
0.263
0.65
0.773
1
NA
0.318
0.61
NA
0.417
0.496
0.597
0.088
0.515
0.237
0.611
0.338
0.779
0.954
0.979
0.414
0.501
0.523
0.532
0.521
0.523
1
NA
0.509
0.513
0.536
0.643
0.434
0.624
0.431
0.636
0.324
0.521
0.601
0.182
0.53
1
NA
NA
1
0.388
0.532
0.642
NA
NA
NA
NA
NA
NA
NA
0.72
0.606
0.5
0.495
0.54
0.424
0.373
0.51
0.59
0.949
NA
0.159
0.42
NA
0.258
0.687
0.633
0.585
0.46
0.954
NA
0.451
0.893
0.221
1
0.36
NA
1
1
0.392
0.404
0.453
0.652
0.298
0.584
0.311
NA
0.726
0.526
0.755
0.683
0.72
0.714
0.632
0.65
0.641
0.672
0.738
0.732
0.352
0.709
0.684
0.692
1
NA
0.595
0.706
0.476
0.718
0.577
0.551
0.654
NA
0.582
0.578
0.596
0.331
1
0.715
0.697
0.563
0.619
0.629
0.281
0.644
0.613
1
NA
0.058
0.383
0.775
0.448
NA
1
1
0.491
NA
NA
NA
NA
0.313
0.506
NA
0.563
0.338
0.276
0.657
NA
NA
NA
NA
0.426
0.139
0.326
0.376
0.433
0.42
1
0.469
0.222
0.452
0.522
0.245
NA
NA
0.37
0.335
0.44
NA
0.235
0.337
0.16
0.419
0.516
0.633
0.551
0.595
0.645
0.555
0.65
0.572
0.331
0.409
0.359
0.467
0.531
0.341
0.399
0.641
0.593
0.331
0.484
0.507
0.563
0.27
0.353
0.601
NA
0.324
0.228
0.288
0.244
NA
0.114
0.326
0.634
0.609
0.628
0.532
0.411
0.465
0.606
1
0.477
0.613
NA
0.497
0.619
0.671
0.429
NA
NA
0.416
1
0.682
0.633
0.565
NA
0.039
0.148
0.121
0.894
NA
NA
NA
NA
NA
NA
NA
NA
NA
NA
NA
NA
NA
NA
NA
NA
NA
NA
NA
NA
NA
NA
NA
NA
NA
NA
NA
NA
NA
NA
NA
NA
NA
NA
NA
NA
NA
NA
NA
NA
0.947
0.338
0.807
NA
NA
0.19
0.153
0.204
0.159
0.215
0.142
0.136
1
0.146
0.254
0.126
0.385
0.559
0.644
0.609
0.442
0.672
1.006
0.56
NA
0.471
NA
0.476
0.549
0.772
0.077
0.275
0.304
1
0.22
0.384
0.164
0.23
0.351
1
0.256
0.158
0.142
0.115
0.371
0.564
0.383
0.508
0.856
0.53
0.527
0.559
1
0.686
0.438
0.496
0.389
1
0.261
0.184
NA
NA
0.26
1
0.354
0.475
0.559
0.403
0.41
1
0.546
0.432
0.338
0.269
0.119
0.239
0.5
0.451
1
0.439
0.405
0.416
0.5
0.364
0.71
1
0.149
0.149
0.453
0.149
0.453
1
0.584
0.617
1
0.659
0.234
0.434
1
0.245
0.335
0.589
1
0.272
0.625
0.591
0.538
0.568
0.514
0.499
0.553
0.578
0.606
0.641
0.587
0.623
NA
NA
0.115
1
0.631
0.449
0.494
0.6
NA
0.597
0.328
0.301
0.004
0.093
1
1
0.308
0.719
0.305
0.88
0.149
0
0.337
0.296
NA
0.936
0.485
0.545
0.466
0.322
1
0.241
0.672
0.557
0.303
0.369
0.226
0.175
1
0
0.503
0.208
0.232
0.718
0.27
1
0.254
0.223
0.307
0.219
0.57
1
0
0.397
1
0.414
1
0.444
0.847
0.573
NA
NA
1
0.245
0.263
0.185
1
0.156
0.32
0.24
0.191
0.225
0.448
0.377
0.452
0.662
0.66
0.651
0.538
0.435
0.221
1
0.567
0.597
0.653
0.527
0.548
0.502
0.629
0.46
0.564
0.567
0.444
0.334
0.609
0.305
0.74
0.729
0.514
0.692
0.453
0.454
0.825
0.52
1
0.515
0.517
0.708
0.484
0.741
1
0.749
0.751
0.406
NA
NA
0.355
0.012
0.729
0.206
1
NA
0.664
0.533
0.513
0.316
1
0.531
0.532
1
NA
0.667
0.535
0.545
1
0.64
0.425
0.612
0.393
0.482
1
0.35
0.149
0.608
1
0.191
0.318
0.183
0.306
0.47
0.356
1
0.503
NA
0.838
0.844
0.652
NA
0.51
0.593
0.638
0.611
0.378
0.328
0.6
0.632
0.594
1
NA
0.495
0.675
NA
0.711
0.543
0.296
0.532
0.485
0.783
0.544
0.392
0.67
0.41
0.522
0.538
0.586
0.303
0.265
0.46
0.549
1
0.652
0.435
0.327
0.49
0.402
0.377
0.528
0.418
0.455
0.617
0.539
0.46
0.633
0.599
0.594
0.677
0.292
0.405
0.329
0.152
0.647
0.383
0.393
1
0.319
0.355
0.679
0.566
0.502
0.601
0.571
1
NA
0.512
0.52
0.208
0.623
0.567
0.651
0.329
0.385
0.44
1
0.381
0.4
0.382
0.776
1
0.154
0.127
0.703
0.205
0.278
0.954
0.387
0.535
0.633
0.49
0.477
0.41
0.573
0.519
0.598
0.429
0.632
0.537
0.557
0.461
1
0.545
0.405
NA
0.296
0.29
NA
1
0.254
0.313
1
0.612
0.451
0.715
0.481
0
0.849
1
0.36
0.555
0.525
0.55
0.465
0.59
0.341
0.738
1
0.705
0.568
0.866
0.449
0.996
0.949
0.054
0.866
1
0.996
0.873
0.521
0.544
0.267
1
0.472
0.663
NA
0.593
0.531
0.601
0.645
0.655
0.538
0.517
1
0.462
0.51
0.619
0.93
0.93
NA
NA
0.214
0.375
0.311
0.398
NA
0.366
0.39
0.238
0.324
0.278
0.399
NA
0.435
0.422
1
0.324
0.018
0.321
0.429
0.43
0.42
0.365
0.489
0.465
0.57
0.57
0.57
1
0.57
0.57
0.57
0.57
0.296
0.539
0.524
0.525
0.458
0.342
0.489
0.231
NA
1
1
NA
0.876
0.646
0.804
1
0.374
1
0.497
0.542
0.5
0.439
0.535
0.078
0.426
NA
NA
NA
NA
NA
NA
NA
NA
1
0.281
0.522
0.556
1
0.536
0.23
0.946
0.897
0.614
NA
NA
NA
0.208
0.309
0.34
0.028
0.028
0.448
0.314
0.147
0.107
0.242
0.186
0.472
0.552
NA
0.428
0.604
NA
0.658
0.595
0.601
0.555
0.256
1
NA
0.305
NA
NA
0.649
NA
0.503
0.514
0.604
0.436
0.864
0.764
1
NA
0.182
0.291
0.054
0.477
NA
0.981
0.42
NA
0.989
0.982
1
1
NA
0.537
0.505
0.277
NA
0.43
1
0.307
0.426
NA
0.664
0.679
0.607
0.511
0.826
0.717
0.655
0.495
NA
0.644
1
0.4
NA
NA
NA
NA
NA
0.638
0.605
0.816
1
0.591
0.162
0.646
0.821
0.427
0.647
0.659
0.538
NA
0.619
0.53
0.31
0.643
NA
0.389
NA
NA
NA
NA
NA
NA
NA
0.479
0.396
0.564
1
0.437
0.266
0.494
0.413
0.256
1
0.586
0.502
0.259
0.577
0.732
0.322
1.018
0.343
0.543
0.434
0.653
0.43
0.584
NA
0.572
0.378
0.401
0.333
1.008
0.397
0.33
1
0.56
NA
NA
1
1
NA
NA
1
0.33
0.455
0.42
0.969
1
0
1
0.537
0.451
1
0.586
0.663
1
0.39
0.472
0.45
0
0.459
NA
0.623
0.723
1
0.509
1
1
NA
NA
0.541
0.675
0.602
0.514
0.52
0.382
1
0.199
0.417
NA
NA
0.351
0.643
0.563
0.342
0.279
0.336
0.709
1
NA
0.376
0.192
1
0.747
0.747
0.372
1
1
1
0.763
0.123
0.071
1
0.404
1
0.267
1
0.393
0.798
0.472
0.557
0.385
0.545
0.529
0.387
0.651
0.341
0.448
1
NA
0.845
NA
1.004
NA
0.817
0.513
0.716
0.415
0.596
0.641
0.592
0.662
1
NA
0.508
0.778
0.767
0.794
1.005
0.694
1
0.422
0.578
0.536
0.505
0.462
0.367
0.407
0.293
0.585
0.439
0.518
0.415
0.277
0.433
0.438
0.261
0.44
0.429
NA
0.401
0.359
0.399
1
0.362
0.543
0.471
1
0.669
0.629
NA
0.802
0.505
0.666
0.474
0.361
0.498
0.559
0.644
1
0.443
0.455
0.364
NA
0.56
0.504
0.649
0.477
0.536
0.765
0.541
0.376
0.536
0.712
NA
0.566
0.116
1
NA
0.566
0.621
0.644
1
0.148
0.032
0.898
0.626
0.434
0.773
0.683
0.467
0.22
0.575
0.636
0.63
NA
NA
0.572
0.53
0.687
1
0.787
0.219
0.355
0.48
0.375
0.229
1
1
0.134
1
0.09
0.677
NA
1
0.622
1
0.551
1
NA
NA
NA
NA
1
0.505
0.547
0.537
0.6
0.664
0.134
NA
0.459
0.777
0.32
1
0.812
NA
1
1
NA
NA
NA
NA
NA
0.238
0.427
0.277
0.806
0.295
NA
NA
NA
0.254
1
0.71
0.655
0.932
0.858
NA
1
NA
0.359
0.579
0.528
0.327
0.451
0.513
0.581
0.68
0.574
0.536
0.604
0.579
0.463
0.7
0.544
0.591
0.535
0.202
0.666
0.529
0.361
0.422
0.819
0.312
0.226
NA
NA
0.38
1
1
0.433
0.603
0.655
1
0.114
0.203
NA
0.499
0.655
NA
0.681
1
NA
0.94
0.696
0.532
0.699
0.641
0.6
0.448
0.523
0.46
0.564
0.633
0.503
0.556
0.487
1
NA
0.41
1
0.188
0.717
NA
0.405
0.167
0.567
1
NA
NA
NA
0.558
0.603
0.595
0.407
NA
0.262
NA
0.268
0.241
0.53
1
NA
NA
0.391
0.211
0.48
1
0.447
NA
0.235
0.408
0.537
0.358
0.383
0.227
0.801
NA
0.406
NA
0.224
NA
0.634
0.193
NA
NA
0.428
0.591
0.236
0.655
1
0.491
0.514
0.528
0.389
NA
NA
NA
NA
NA
0.206
0.531
NA
0.67
0.469
0.395
0.902
0.652
1
0.646
0.571
0.583
NA
0.061
NA
1
0.493
0.655
1
0.725
0.772
0.78
0.707
NA
1
0.379
0.387
0.521
0.794
NA
0.118
0.207
0.394
0.439
0.246
0.568
0.397
0.331
0.845
0.462
0.591
0.52
0.57
0.446
0.348
0.41
0.426
0.456
0.278
1
0.711
0.75
NA
0.362
1
0.17
0.403
0.205
0.219
0.298
0.317
1
0.286
0.385
0.247
0.615
0.124
1
0.442
0.405
1
0.255
0.248
0.142
NA
0.323
0.207
0.3
0.193
NA
NA
NA
NA
NA
NA
NA
NA
0.784
0.237
NA
0.302
0.609
0.405
0.33
0.383
0.452
0.169
NA
0.29
0.172
NA
0.193
0.491
0.214
NA
0.054
0.363
0.334
0.378
NA
0.565
0.627
0.53
NA
1
0.614
0.536
0.526
0.496
0.256
0.381
0.284
0.688
0.518
0.466
0.748
0.216
0.248
0.375
0.185
0.209
0.596
0.567
0.508
1
0.178
0.651
0.668
0.466
0.441
0.48
0.614
0.668
0.51
0.708
0.517
0.793
0.754
0.755
0.482
0.452
0.445
0.504
0.599
0.542
0.399
0.646
0.518
1
0.415
0.589
0.369
0.462
0.469
NA
0.649
0.264
NA
0.505
0.382
0.394
0.389
0.364
NA
0.589
0.602
0.552
0.471
0.35
0.808
0.664
0.524
0.533
0.619
0.631
0.549
0.373
0.625
0.598
0.627
0.431
0.884
0.699
0.721
0.352
0.213
0.322
0.417
0.592
1
0.282
NA
NA
0.332
1
NA
1
0.89
1
NA
NA
NA
NA
0.939
NA
NA
NA
NA
0.856
0.273
0.617
0.673
1
0.655
0.782
0.325
0.159
0.197
0.417
0.284
0.544
0.881
1
0.192
0.161
1
0.123
0.083
0.103
0.861
1
0.139
0.099
NA
NA
NA
0.24
1
0.504
0.644
0.105
1
0.749
0.592
0.601
1
0.4
0.79
0.688
0.664
0.767
0.474
0.81
0.567
0.653
1
0.72
0.729
0.768
0.514
0.633
0.61
0.468
0.366
1
NA
0.545
0.521
0.519
NA
NA
0.392
0.932
0.5
1
0.716
0.763
0.582
NA
0.665
0.724
0.665
0.616
0.672
0.749
0.902
0.862
0.496
0.473
0.657
0.482
0.882
0.522
0.651
0.566
1
0.747
0.569
0.749
0.706
0.413
0.752
0.525
NA
0.402
0.45
0.637
0.563
0.487
0.843
0.506
0.757
0.561
1
NA
1
0.476
0.579
0.676
0.69
0.432
1
0.122
0.619
0.611
0.656
0.656
0.532
0.613
0.476
0.483
0.659
0.464
0.535
0.663
0.5
0.478
0.433
0.414
0.672
1
0.663
NA
0.577
0.323
0.524
0.202
NA
0.548
0.722
0.359
0.435
0.195
0.541
0.336
0.306
0.425
0.709
0.272
0.18
0.292
0.364
0.567
0.498
0.554
0.486
0.323
NA
0.366
0.696
0.419
0.549
0.522
0.243
0.549
NA
0.529
0.396
0.341
0.425
0.567
0.706
0.631
0.545
0.479
0.604
0.327
0.619
0.577
0.4
0.685
0.717
0.552
0.648
0.668
0.675
0.563
0.625
0.592
0.741
NA
0.646
NA
0.403
NA
0.625
0.364
1
0.635
0.374
0.339
0.406
0.406
0.328
0.542
0.538
0.482
0.472
0.244
0.541
0.609
0.452
0.578
0.551
0.355
0.547
0.492
0.474
0.52
0.694
1.015
0.615
0.596
0.482
1
0.543
0.469
0.374
0.681
1
0.179
NA
0.434
0.589
0.48
1
0.347
0.249
1
0.357
0.621
1
0.65
0.74
0.49
0.433
0.56
0.521
0.879
0.828
0.746
0.754
0.707
0.347
0.224
0.662
0.36
0.563
0.711
0.146
0.849
1
0.097
0.237
NA
0.829
0.516
0.362
0.845
0.55
0.453
0.83
0.535
0.469
0.582
0.622
0.575
0.521
0.484
0.579
0.588
0.618
0.555
0.583
0.591
1
1
0.472
0.554
0.611
0.533
1
0.315
0.385
0.292
0.375
0.459
0.845
0.328
0.283
0.325
0.316
0.184
0.498
0.377
0.345
0.306
0.294
1
0.298
0.16
0.408
0.406
0.865
0.337
0.398
0.546
0.467
0.943
1
0.34
0.337
0.449
0.214
1
1
NA
0.433
1
0.573
0.708
0.634
0.377
0.7
NA
0.317
1
0.37
1
0.502
0.673
1
0.616
0.573
0.329
0.428
0.37
0.368
0.257
1
0.28
0.607
0.554
0.623
0.046
NA
0.046
0.374
0.365
0.191
NA
0.181
0.541
1
1
1
0.2
NA
0.111
0.158
0.376
0.123
0.116
0.127
0
0.191
0.29
0.236
0.327
0.092
0.11
0.148
0.165
0.156
0.257
NA
0.315
0.383
0.092
0
0.532
0.044
0.217
0.272
0.418
0.154
0.146
0.103
0.16
0
0.431
0.045
0.143
0
0.217
0.583
0.349
0.29
0.347
0.328
0.359
0.257
0.254
1
0.921
1
0.51
0.263
0.384
NA
1
0.167
0.254
0.012
0
0.265
0.452
0
0.377
1
0.434
0.253
0.416
0.603
0.435
0.236
0.353
0.599
0.589
0.562
0.602
0.488
0.713
0.271
0.586
1
0.611
0.27
0.804
0.859
0.864
0.871
0.775
0.814
0.825
0.643
0.616
0.762
0.727
1
0.597
0.484
0.805
0.727
0.386
0.576
0.72
0.821
0.8
0.948
0.723
1
0.85
0.767
0.785
0.801
0.905
0.893
0.725
0.816
0.966
0.83
0.634
1
0.858
0.833
0.422
1
0.685
0.419
0.65
0.959
0.272
NA
0.503
NA
0.689
0.692
0.566
0.465
0.843
0.843
0.812
0.626
0.545
0.44
0.444
0.657
0.637
0.605
0.549
0.533
0.765
1
0.385
0.451
0.62
0.654
0.736
1
NA
0.496
0.069
NA
NA
0.617
0.407
0.549
0.313
0.478
1
0.539
0.331
0.434
0.5
1
0.351
0.411
0.584
0.507
0.567
1
0.599
NA
0.576
0.707
0.564
0.382
1
0.901
1
0.438
0.383
0.623
0.418
0.727
0.385
0.719
0.697
0.589
0.361
0.693
0.601
0.663
0.697
0.602
0.833
0.316
1
0.634
NA
0.361
0.572
0.599
NA
0.506
0.542
0.419
0.37
0.369
1
0.283
NA
0.358
0.88
0.237
0.679
1
0.441
0.632
0.759
0.617
0.413
0.587
0.816
0.791
1
0.684
0.472
1
0.655
0.22
0.454
0.894
0.614
0.319
1
0.083
0.32
0.1
0.621
1
0.461
0.489
0.565
0.465
0.418
0.424
1
0.495
1
0.433
0.32
0.429
0.341
0.421
0.341
0.516
0.383
0.299
0.426
1
0.5
1
1
1
1
0.147
0.352
0.316
0.682
0.406
0.723
1
0.254
0.289
0.388
1
0.367
0.53
0.389
0.478
0.117
1
0.327
0.304
0.481
0.368
0.312
0.429
0.666
0.428
0.407
1
0.652
0.471
0.456
0.416
0.62
0.505
0.19
0.251
0.467
0.38
0.537
0.582
0.713
0.708
1
0.733
0.601
0.523
0.731
0.686
0.56
0.509
0.612
0.602
0.617
0.587
0.425
0.508
0.169
0.509
0.599
0.563
0.38
0.57
0.703
0.523
0.565
0.578
0.402
0.7
1
0.548
0.587
0.621
0.367
0.462
0.573
0.17
0.43
0.468
0.516
0.687
1
0.394
0.474
0.551
0.434
0.512
0.623
0.549
0.585
0.821
0.438
0
0.313
0.167
0.293
0.401
0.289
0.302
0.182
0.158
0.323
1
0.636
0.676
0.286
0.518
0.373
0.132
0.401
0.314
0.25
0.48
0.594
0.457
0.589
0.496
0.608
0.149
0.407
0.526
0.465
0.306
0.545
0.518
0.43
1
0
1
0.664
0.468
0.607
0.729
0.713
0.525
0.429
0.461
0.615
0.503
0.755
0.434
0.336
0.67
0.755
0.676
0.493
0.751
0.725
0.714
0.455
0.54
0.424
0.828
0.828
1
0.356
0.221
0.354
0.7
0.747
0.607
0.392
0.557
0.855
0.964
0.604
0.706
0.622
0.656
NA
0.515
0.456
0.535
0.491
0.55
1
0.523
NA
0.608
0.536
0.412
0.314
0.288
0.61
0.569
0.409
0.273
0.485
0.323
0.433
0.48
0.23
0.636
0.133
1
0.316
NA
0.241
NA
0.62
NA
0.405
0.57
NA
NA
NA
NA
NA
NA
NA
NA
NA
NA
NA
NA
NA
NA
NA
NA
NA
NA
NA
NA
NA
NA
NA
NA
NA
NA
0.638
0.359
1
0.143
0.541
0.534
0.278
0.662
0.734
0.777
0.605
0.749
1
0.578
0.431
0.639
0.618
0.673
0.451
0.553
0.261
0.441
0.736
NA
NA
NA
NA
1
0.224
0.347
0
1
0.835
0.519
1
0.9
0.396
1
0.695
0.638
0.092
0.684
NA
0.293
0.522
0.784
1
0.829
0.493
0.595
1
NA
NA
NA
0.693
1
0.496
0.393
0.487
0.438
0.646
0.351
0.668
0.489
0.36
0.549
0.347
0.532
0.534
0.647
0.623
0.515
0.559
0.554
0.406
0.522
0.637
0.628
0.415
0.375
0.283
0.479
0.574
0.744
0.238
0.58
0.118
0.489
0.628
0.497
0.331
0.415
0.484
0.349
0.46
0.434
0.396
0.542
0.457
0.525
0.615
0.539
0.237
1
0.658
0.304
0.297
0.356
0.31
0.167
0.196
0.433
0.575
0.386
0.627
0.523
0.495
0.366
0.52
0.447
0.433
0.513
0.422
0.511
0.542
0.573
NA
0.346
0.566
1
0.368
0.404
0.334
0.772
0.251
0.122
0.431
0.422
0.55
1
0.003
0.847
NA
0.608
0.412
0.726
0.772
1
0.286
0.371
NA
NA
0.503
0.519
0.389
0.479
0.146
0.589
0.413
0.299
0.496
0.557
0.508
0.426
0.358
NA
0.521
0.338
0.323
NA
0.239
NA
0.622
0.137
0.685
0.511
0.569
0.536
0.276
NA
0.497
0.109
0.244
1
0.772
0.501
0.507
0.446
0.267
NA
0.488
0.72
0.646
0.664
0.328
0.618
0.408
0.41
0.644
NA
NA
0.25
0.424
0.718
NA
0.852
0.596
0.709
0.499
0.623
0.376
1
0.438
0.643
0.607
0.6
0.406
0.589
0.607
0.605
1
0.47
0.421
0.268
0.523
0.671
0.761
0.61
0.69
0.434
0.569
0.507
0.562
0.284
0.6
0.569
0.676
0.464
0.399
0.606
0.704
1
0.764
0.803
NA
0.683
0.619
0.572
NA
0.47
NA
NA
NA
0.539
0.447
0.54
0.537
0.495
0.111
0.275
NA
NA
0.324
0.364
0.235
0.267
0.238
NA
0.232
0.381
0.272
0.013
0
0.402
0.576
0.295
0.397
0.276
0.882
0.891
0.379
0.395
0.317
0.539
0.579
0.347
0.549
0.575
0.473
0.506
0.813
0.854
0.357
0.508
0.49
0.967
0.302
1
0.407
1
0.347
0.837
0.392
0.349
0.155
0.599
NA
0.321
0.446
0.52
0.692
0.426
0.177
0.517
0.617
0.479
0.474
0.635
0.427
0.431
0.389
0.169
0.303
0.381
NA
0.807
0.678
NA
0.308
0.644
0.731
0.71
0.692
0.627
0.521
0.573
0.329
0.544
0.463
0.466
0.551
1
0.351
0.267
NA
0.405
NA
NA
0.579
0.579
0.579
0.417
0.509
0.19
0.058
0.176
0.126
1
NA
1
0.664
0.577
0.429
0.493
0.582
0.78
0.489
0.488
0.25
0.432
0.335
0.761
0.761
0.761
0.434
0.459
0.263
1
0.509
0.468
0.177
0.553
0.516
0.549
0.447
0.503
0.526
1
NA
0.019
0.479
0.624
0.488
0.468
1
0.587
0.416
0.471
0.386
0.49
0.713
1
0.398
0.431
0.454
0.549
1
0.273
0.384
0.624
0.882
0.83
0.707
0.823
0.659
0.352
0.368
0.695
0.736
0.424
0.406
0.55
0.459
NA
0.394
0.772
0.385
0.578
NA
0.295
0.653
0.599
0.596
0.461
NA
NA
1
0.611
NA
NA
NA
0.498
NA
0.68
0.704
1
0.358
0.488
NA
0.744
0.5
0.477
0.873
NA
0.484
0.536
0.528
0.414
0.476
0.536
0.642
0.295
NA
0.38
0.342
0.363
0.289
0.513
0.434
0.416
0.727
0.457
0.545
0.518
0.549
0.38
0.617
0.398
1
NA
0.587
0.632
0.609
0.269
NA
NA
0.382
0.687
0.625
NA
0.307
0.199
0.318
0.287
0.677
1
NA
0.117
NA
NA
NA
NA
NA
NA
NA
NA
NA
NA
NA
NA
NA
NA
NA
NA
NA
NA
NA
NA
NA
NA
NA
NA
NA
0.22
0.722
0.463
0.546
0.437
0.498
0.2
0.093
0.506
0.39
0.096
0.334
0.406
0.753
0.933
NA
1
0.339
0.005
0.606
1
0.423
0.524
0.207
0.124
NA
0.536
0.396
1
0.696
0.371
0.66
0.748
1
0.702
0.583
0.54
0.518
1
NA
NA
NA
NA
NA
NA
NA
NA
0.528
0.559
1
1
0.417
0.593
0.621
0.574
0.357
NA
NA
NA
NA
NA
0.539
0.583
NA
NA
NA
0.475
0.373
NA
NA
0.507
1
0.339
NA
0.468
0.444
0.552
0.582
0.671
0.53
0.556
0.62
1
0.536
0.299
0.779
0.635
0.784
0.657
0.435
0.543
0.507
1
0.311
0.45
0.455
0.576
0.555
0.714
0.591
NA
0.632
0.522
NA
NA
NA
NA
NA
NA
NA
NA
NA
NA
0.523
0.524
1
NA
0.606
0.177
0.684
0.843
0.672
0.462
0.575
0.725
0.733
0.581
0.589
0.377
1
0
0.503
0.426
0.444
0.503
0.493
0.842
0.548
0.417
0.491
0.838
0.498
0.373
0.44
0.276
1
0.757
0.553
0.61
0.582
0.627
0.583
1
0.164
0.139
0.322
0.494
0.23
0.586
0.66
0.664
0.601
0.655
1
0.447
0.424
0.429
0.425
0.687
0.551
0.481
0.416
0.525
0.519
0.565
0.55
0.597
0.578
0.426
0.395
0.739
0.636
0.528
0.468
0.595
0.382
0.53
0.533
0.55
NA
0.401
NA
0.597
0.6
0.59
0.902
0.292
0.458
0.551
0.616
0.441
0.531
0.497
1
0.435
0.543
0.412
0.437
0.689
0.667
0.714
0.556
0.827
0.755
0.707
0.748
0.718
0.605
0.551
1
0.576
0.277
0.576
0.587
0.477
0.858
0.222
0.477
0.382
0.451
1
0.652
0.588
0.483
0.649
0.352
0.083
NA
0.696
0.467
0.309
0.249
1
0.468
0.753
0.841
0.663
0.688
0.766
0.36
1
0.613
0.684
0.596
0.6
NA
0.232
0.247
0.529
0.501
0.484
0.445
0.504
0
0.464
0.617
0.558
0.535
0.341
0.483
0.016
0.15
0.427
0.469
0.552
0.58
1
0.303
0.437
0.392
0.359
0.46
0.482
0.509
0.551
0.468
1
NA
0.371
1
0.163
NA
NA
NA
NA
NA
1
0.777
1
0.528
NA
NA
NA
NA
NA
0.578
0.498
NA
NA
NA
NA
0.296
1
0.901
0.563
0.484
0.575
NA
0.352
0.658
0.352
0.487
0.448
0.232
0.473
0.549
0.168
0.405
0.546
0.632
0.372
0.264
0.601
1
0.076
0.547
0.536
0.594
0.552
NA
0.521
0.395
1
0.545
0.528
0.55
0.816
0.469
1
0.604
0.424
0.422
0.609
NA
0.293
0.308
0.412
0.416
0.426
0.44
0.359
1
NA
0.456
0.432
0.169
NA
0
0.015
1
1
0.444
NA
0.182
0.343
1
0.427
1
NA
NA
NA
NA
0.44
1
0.465
0.624
0.3
0.352
0.422
0.641
NA
1
NA
NA
NA
NA
0.654
NA
NA
NA
NA
0.525
0.503
NA
NA
NA
1
0.158
0.338
0.581
0.626
0.892
1
NA
NA
0.545
NA
NA
0.559
0.526
1
0.445
1
0.606
NA
NA
NA
1
0.536
0.915
0.915
0.587
0.354
0.587
1
NA
NA
NA
0.856
NA
0.877
NA
NA
0.627
NA
0.307
0.307
0.458
0.477
0.401
0.369
0.357
0.294
0.501
1
0.339
NA
0.408
0.216
0.507
NA
NA
NA
0.095
NA
0.33
1
1
NA
NA
NA
0.508
NA
0.389
NA
NA
0.557
1
1
1
0.438
0.506
0.756
0.739
0.673
0.364
0.431
0.532
0.571
0.502
NA
0.328
NA
1
0.962
0.233
0.619
0.693
0.822
0.726
0.408
0.06
1
0.352
0.357
NA
0.549
0.343
0.254
0.302
0.375
0.118
0.878
0.956
NA
0.278
0.366
0.318
NA
0.33
NA
1
0.407
0.159
0.359
NA
NA
1
0.554
0.692
0.576
0.376
0.41
NA
0.567
0.197
0.141
0.455
0.27
NA
0.406
NA
0.177
0.432
0.339
0.471
0.46
0.439
0.412
NA
0.571
0.391
1
0.716
0.14
0.736
0.367
0.247
NA
NA
NA
NA
NA
0.335
0.643
1
0.663
0.472
1
0.559
0.962
0.962
0.781
0.359
0.469
0.558
0.461
NA
0.475
0.422
0.497
0.39
0.472
0.381
1
0.459
0.412
0.507
0.485
0.447
0.517
1
1
1
1
1
0.529
0.458
0.628
0.517
0.42
0.488
0.642
0.472
0.235
0.454
0.418
1
0.559
NA
NA
NA
0.699
0.634
0.583
0.549
0.501
0.802
0.591
0.209
0.549
1
0.255
0.32
0.199
0.499
0.599
0.47
0.606
0.643
0.556
0.723
0.688
0.76
0.656
0.658
0.557
0.546
0.604
0.593
0.506
0.598
0.548
0.447
0.558
NA
0.494
1
0.522
0.272
NA
0.195
0.703
0.703
0.273
0.215
0.4
0.628
0.745
0.321
0.245
0.143
0.562
0.319
0.652
0.549
0.562
0.635
0.514
0.213
0.338
0.383
0.195
0.414
0.099
0.195
NA
0.42
0.167
0.322
0.722
0.331
0.189
0.22
0.372
1
NA
0.287
0.016
0.081
0.447
0.451
0.385
NA
0.323
1
0.301
1
0.16
0.061
0.187
0.475
0.55
0.549
0.568
0.6
0.653
0.571
0.617
0.603
0.563
0.524
0.454
0.468
NA
1
0.343
0.561
1
0.438
0.689
0.689
0.689
0.569
0.118
0.517
0.521
0.374
0.431
0.508
0.461
0.207
0.068
0.554
0.62
0.403
0.382
0.418
NA
0.389
0.383
0.548
0.03
0.545
NA
0.304
0.405
NA
NA
NA
NA
0.548
0.413
0.615
0.644
0.547
0.511
NA
NA
NA
NA
NA
NA
NA
NA
NA
NA
0.676
0.25
NA
NA
0.18
NA
1
0.165
NA
NA
NA
0.478
NA
NA
NA
NA
NA
NA
0.581
NA
NA
NA
NA
0.417
NA
NA
NA
NA
NA
NA
NA
NA
0.423
0.291
NA
NA
NA
NA
NA
NA
NA
NA
NA
NA
NA
NA
NA
NA
NA
NA
NA
NA
NA
NA
NA
NA
NA
NA
NA
NA
0.393
0.532
NA
0.504
NA
NA
NA
NA
NA
NA
NA
NA
NA
NA
NA
NA
NA
0.34
NA
NA
NA
NA
NA
NA
NA
0.575
NA
NA
0.236
0.152
NA
NA
NA
0.356
NA
0
NA
NA
0.284
0
0.961
0.273
0.299
NA
NA
NA
0.037
NA
NA
0.165
NA
0.627
NA
0.29
0.205
NA
0.604
NA
NA
NA
NA
NA
0.537
NA
0.254
NA
0.692
0.367
NA
0.227
0.056
0.234
NA
0.253
NA
0.477
0.255
NA
NA
NA
NA
NA
0.282
NA
0.304
NA
NA
0.185
NA
0.274
NA
NA
0.214
NA
NA
NA
NA
0.162
0.42
NA
NA
NA
NA
NA
NA
NA
NA
NA
NA
0.307
NA
0.486
NA
NA
NA
NA
NA
NA
NA
NA
NA
NA
NA
0.396
NA
NA
0.08
NA
NA
NA
NA
NA
NA
NA
NA
0.238
NA
NA
NA
NA
NA
NA
0.452
NA
NA
NA
NA
NA
NA
0.503
0.21
NA
NA
NA
NA
NA
1
NA
NA
NA
NA
0.459
NA
NA
0.292
NA
NA
NA
NA
NA
NA
NA
NA
NA
NA
NA
NA
NA
0.351
NA
NA
NA
NA
NA
NA
NA
NA
0.178
NA
NA
NA
NA
NA
NA
NA
NA
NA
NA
NA
0.208
NA
NA
0.314
NA
NA
NA
NA
NA
NA
NA
NA
NA
NA
NA
NA
NA
NA
NA
NA
NA
NA
NA
NA
0.233
0.129
NA
0.473
0.537
NA
NA
NA
NA
NA
NA
NA
NA
NA
NA
0.262
0.35
NA
NA
0.583
NA
NA
NA
NA
NA
NA
NA
NA
NA
NA
NA
NA
NA
NA
NA
NA
NA
NA
NA
NA
0
NA
NA
NA
NA
NA
NA
0.797
NA
NA
NA
NA
NA
NA
0.154
0.571
NA
NA
0.302
NA
NA
0.233
NA
NA
NA
0.484
0.487
NA
NA
NA
NA
NA
NA
NA
NA
NA
NA
NA
NA
NA
NA
NA
0.451
NA
NA
NA
NA
NA
NA
NA
NA
NA
NA
NA
NA
NA
NA
NA
NA
NA
0.089
NA
NA
NA
NA
NA
NA
NA
0.447
0.699
NA
NA
NA
NA
NA
NA
0.486
NA
NA
0.266
0.412
NA
0.204
NA
0.214
NA
NA
0.344
NA
NA
NA
NA
0.074
NA
NA
NA
NA
NA
NA
NA
0.51
NA
NA
0.571
NA
NA
NA
NA
NA
0.344
NA
0.62
NA
NA
NA
NA
NA
NA
NA
NA
NA
NA
NA
NA
NA
NA
NA
NA
NA
NA
NA
NA
NA
NA
NA
NA
NA
NA
NA
NA
NA
NA
NA
NA
NA
NA
NA
NA
NA
NA
NA
NA
NA
NA
NA
NA
NA
0.764
NA
NA
NA
NA
NA
NA
NA
NA
NA
NA
NA
NA
NA
0.364
0.335
NA
0.15
NA
NA
NA
NA
NA
NA
NA
0.398
0.317
NA
NA
0.215
NA
NA
NA
NA
NA
0.43
0.257
NA
NA
NA
NA
NA
NA
NA
0
0.535
0.077
NA
NA
NA
NA
NA
0.449
NA
NA
NA
NA
NA
NA
NA
0.255
NA
NA
NA
NA
0.322
NA
NA
NA
NA
NA
NA
NA
NA
NA
0.409
NA
0.229
0.385
0.333
NA
NA
NA
NA
0.104
0.34
NA
NA
NA
NA
NA
NA
NA
NA
NA
NA
NA
NA
NA
0.532
NA
NA
0.212
NA
NA
0.303
NA
0.263
0.532
NA
0.356
0.747
NA
NA
NA
NA
NA
NA
0.105
NA
NA
0.232
NA
NA
NA
NA
0.251
NA
NA
NA
NA
NA
NA
NA
NA
NA
NA
0.238
NA
NA
NA
NA
NA
NA
NA
NA
NA
NA
NA
0.352
NA
NA
NA
NA
NA
0.232
NA
NA
NA
NA
NA
NA
NA
NA
NA
NA
NA
NA
NA
NA
NA
NA
0.804
NA
NA
NA
NA
NA
NA
NA
NA
0.261
0.64
0.566
NA
NA
NA
0.332
NA
NA
0.503
NA
0.101
0.322
NA
0.491
NA
NA
0.026
NA
NA
NA
NA
NA
NA
NA
NA
0.407
0.344
NA
NA
NA
NA
NA
NA
NA
0.417
NA
NA
NA
NA
NA
0.496
0.88
0.337
NA
NA
NA
0.167
0.371
NA
NA
NA
NA
NA
NA
NA
0.564
NA
NA
NA
NA
NA
NA
NA
NA
NA
0.33
0.329
0.119
NA
NA
0.471
NA
NA
NA
NA
0.292
0.701
0.356
NA
NA
NA
NA
NA
NA
NA
NA
NA
0.404
0.37
0.529
0.529
NA
NA
NA
NA
NA
NA
NA
NA
NA
NA
NA
NA
NA
0.35
0.476
0.429
0.356
NA
NA
NA
NA
NA
NA
NA
NA
NA
NA
0.345
NA
NA
NA
0.107
NA
0.039
0.265
NA
NA
NA
NA
0.391
NA
0.472
NA
NA
NA
0.676
NA
NA
NA
NA
NA
NA
0.275
NA
NA
NA
NA
NA
NA
NA
NA
NA
0.602
0.414
NA
NA
NA
NA
NA
NA
NA
NA
NA
NA
0.543
0.26
NA
NA
0.462
NA
0.762
NA
0.432
0.193
0.38
NA
0.495
0.371
0.439
0.286
0.344
NA
NA
NA
NA
NA
NA
NA
NA
NA
NA
NA
NA
0.025
0
0.025
0.307
0.476
NA
NA
NA
NA
NA
0.386
NA
NA
NA
0.324
NA
NA
NA
NA
NA
NA
NA
NA
NA
0.114
NA
NA
NA
NA
NA
NA
NA
NA
0.426
0.51
NA
NA
NA
NA
0.471
NA
NA
NA
0.449
0.42
0.378
NA
NA
0.277
NA
NA
0.41
NA
NA
NA
NA
NA
0.471
NA
0.037
0.315
NA
NA
NA
NA
0.62
0.539
NA
0.701
NA
0.385
0.477
NA
0.372
NA
NA
NA
0.381
0.029
0.6
NA
NA
NA
NA
NA
NA
NA
0.502
0.502
0.459
NA
NA
NA
NA
NA
NA
0.514
0.4
0.733
NA
0.56
0.458
0.586
NA
NA
NA
NA
NA
NA
NA
NA
NA
0.115
NA
NA
0.223
NA
NA
NA
NA
NA
NA
0.288
0.183
NA
NA
NA
NA
NA
NA
NA
NA
NA
NA
NA
NA
NA
NA
0.424
NA
NA
NA
NA
NA
NA
NA
NA
0.286
NA
NA
NA
NA
0.217
0.521
NA
NA
NA
NA
0.248
NA
NA
NA
NA
NA
0.277
NA
NA
NA
NA
0.475
NA
NA
NA
0.484
NA
NA
NA
NA
NA
NA
0.052
NA
NA
NA
NA
NA
NA
NA
NA
0.263
0.338
NA
NA
NA
NA
NA
NA
NA
NA
NA
NA
NA
NA
NA
NA
0.201
NA
0.223
0.447
0.323
NA
NA
NA
NA
NA
NA
NA
NA
NA
0.279
NA
NA
NA
NA
NA
NA
NA
NA
NA
NA
NA
NA
NA
NA
NA
0.495
NA
NA
NA
NA
NA
NA
NA
0.265
NA
NA
NA
NA
NA
NA
NA
NA
NA
NA
NA
NA
NA
NA
NA
NA
NA
NA
NA
NA
NA
NA
0.26
NA
NA
NA
NA
NA
NA
NA
NA
NA
NA
NA
NA
NA
NA
NA
NA
NA
NA
NA
NA
NA
NA
NA
0.38
NA
NA
NA
0.137
NA
0
NA
NA
NA
NA
NA
NA
0.44
0.563
NA
NA
NA
NA
0.314
NA
0.104
0.29
0
NA
NA
NA
NA
NA
NA
NA
NA
NA
NA
NA
NA
NA
NA
0.476
NA
NA
NA
NA
NA
NA
NA
NA
NA
NA
NA
NA
NA
NA
NA
NA
NA
NA
NA
NA
NA
NA
NA
NA
0
0
NA
0.426
0.45
NA
NA
NA
NA
NA
NA
0.456
NA
NA
NA
NA
NA
0.433
NA
NA
NA
NA
NA
NA
NA
NA
NA
NA
NA
NA
NA
NA
NA
NA
NA
0.473
0.493
NA
NA
NA
0.319
0.394
NA
NA
NA
0.4
0.386
NA
NA
0.338
NA
NA
NA
NA
0.661
NA
NA
0.286
0.04
NA
NA
NA
NA
NA
0.061
NA
0.192
NA
NA
NA
NA
NA
NA
NA
NA
NA
0.47
0.172
0.225
0
NA
NA
NA
NA
0.413
0.411
NA
NA
NA
NA
NA
0.322
0.332
0.457
NA
NA
NA
0.135
NA
0.271
NA
0.137
0.293
NA
NA
NA
0.301
NA
NA
NA
NA
NA
NA
NA
0.329
NA
NA
NA
NA
NA
NA
NA
NA
0.1
NA
NA
NA
NA
NA
NA
NA
NA
NA
NA
NA
NA
NA
NA
NA
NA
NA
0.468
NA
0.585
NA
NA
NA
NA
NA
NA
NA
0.318
0.21
NA
0.275
NA
NA
0.299
0.267
NA
0.212
NA
NA
NA
NA
NA
NA
0.527
NA
NA
NA
NA
NA
NA
0.542
0.245
NA
NA
NA
NA
NA
NA
NA
0.444
NA
0.19
NA
NA
NA
0.777
0.599
0.514
0.616
NA
0.338
NA
NA
NA
0.229
NA
NA
0.515
NA
0.307
NA
NA
0.432
0.372
NA
0.144
NA
0.318
0.315
0.548
NA
NA
NA
NA
NA
NA
NA
0.48
0.209
NA
NA
0.366
0.584
NA
0
NA
NA
0.364
NA
NA
0.392
NA
NA
NA
NA
NA
0.459
NA
NA
0.371
NA
NA
NA
NA
NA
NA
NA
NA
NA
0.351
NA
NA
NA
NA
NA
NA
NA
NA
NA
NA
NA
NA
NA
NA
NA
NA
NA
NA
NA
NA
NA
NA
NA
NA
NA
NA
0.197
NA
0.17
NA
0.557
NA
NA
NA
NA
NA
NA
NA
NA
NA
NA
NA
NA
NA
NA
NA
NA
0.185
NA
NA
0.278
NA
NA
0.223
NA
0.57
0.172
0.406
NA
NA
NA
0.65
0.397
NA
NA
0.292
0.157
NA
NA
NA
NA
NA
NA
NA
NA
NA
NA
NA
NA
NA
NA
NA
0.315
NA
NA
NA
0.311
0.413
NA
NA
NA
NA
NA
0.463
0.529
NA
NA
NA
NA
NA
NA
NA
NA
NA
0.485
NA
NA
NA
NA
NA
NA
NA
NA
NA
NA
NA
NA
NA
NA
NA
NA
NA
NA
NA
NA
NA
NA
NA
NA
NA
0.451
NA
NA
0.349
0.436
0.11
NA
NA
0.434
NA
0.775
0.384
0.456
NA
0.36
NA
NA
0.289
0.492
0.22
NA
0.383
NA
NA
NA
0.46
0.365
0.368
0.365
0.521
0.4
NA
NA
0.617
NA
NA
0.544
NA
0.162
NA
NA
NA
0.49
0.421
NA
0.279
NA
NA
0.323
NA
0.559
0.615
NA
NA
0.259
NA
NA
NA
NA
0.427
0.23
NA
0.224
0.302
NA
0.292
0.647
NA
0.102
NA
NA
NA
NA
NA
NA
NA
NA
NA
NA
NA
0.268
NA
NA
0.467
NA
NA
NA
NA
NA
NA
NA
NA
0.161
NA
NA
NA
NA
NA
NA
NA
NA
NA
NA
NA
NA
0.361
NA
NA
0
NA
NA
NA
NA
NA
NA
NA
NA
NA
NA
NA
NA
0.564
0.332
NA
NA
NA
NA
NA
NA
NA
NA
NA
NA
NA
NA
NA
NA
NA
NA
NA
NA
NA
NA
NA
NA
NA
NA
NA
NA
NA
NA
NA
NA
0.405
NA
NA
NA
NA
NA
NA
NA
NA
NA
NA
NA
NA
NA
NA
NA
NA
0.057
NA
0.322
NA
NA
NA
NA
NA
NA
NA
NA
NA
NA
NA
NA
NA
NA
NA
NA
NA
0.363
0.196
0.194
0.322
NA
0.373
0.273
0.277
0.655
NA
0.234
0.562
0.293
NA
NA
0.323
0.006
NA
NA
NA
NA
NA
NA
NA
0.422
NA
0.043
NA
NA
NA
NA
NA
0.59
NA
NA
NA
NA
NA
NA
NA
NA
NA
NA
NA
NA
NA
NA
0.3
0.057
NA
NA
NA
0.421
NA
NA
0.272
NA
NA
0.196
NA
0.342
0.198
NA
NA
0.478
0.385
0.174
NA
0.292
NA
NA
NA
NA
NA
NA
0.303
NA
NA
NA
NA
NA
NA
NA
NA
NA
NA
NA
NA
0.295
NA
NA
NA
NA
NA
NA
NA
NA
NA
NA
0.248
NA
NA
NA
0.31
NA
0.585
0.324
NA
0.219
NA
NA
NA
NA
NA
NA
NA
NA
0.348
NA
0
NA
0.601
NA
NA
0.357
0.445
0.153
NA
0.218
NA
NA
0.109
0.239
NA
NA
0.173
NA
0.331
0.041
NA
0.059
NA
0.551
0.488
NA
NA
NA
NA
NA
NA
NA
0.401
0.632
0.456
0.343
NA
NA
0.295
0.26
NA
NA
NA
NA
0.511
NA
NA
NA
NA
NA
NA
0.488
NA
NA
NA
NA
0.477
0.436
NA
NA
NA
NA
NA
NA
0.404
NA
NA
NA
0.028
NA
0.129
0.148
NA
NA
NA
NA
NA
NA
NA
NA
0.224
0.179
NA
0.107
0.124
NA
NA
NA
NA
NA
NA
NA
0.209
NA
NA
NA
NA
NA
NA
NA
NA
NA
NA
NA
0.46
NA
0.143
NA
0.425
NA
NA
NA
0.152
0.064
NA
NA
NA
0.078
NA
NA
NA
NA
NA
NA
NA
NA
NA
NA
NA
0.377
NA
NA
NA
NA
NA
NA
0.289
NA
0.476
NA
NA
NA
0.467
NA
NA
NA
NA
NA
NA
0.279
NA
0.235
NA
NA
NA
NA
0.449
NA
0.519
NA
NA
NA
NA
NA
NA
NA
NA
NA
0.004
NA
NA
NA
0.348
NA
NA
0.209
0.273
NA
0.318
0.28
NA
NA
NA
0.689
NA
NA
NA
NA
0.473
0.326
NA
0.552
NA
NA
NA
NA
NA
NA
NA
NA
0.104
NA
NA
NA
NA
NA
NA
NA
NA
NA
NA
NA
NA
0.077
NA
NA
0.353
0.407
NA
0.279
0.209
NA
NA
NA
NA
NA
0.412
0.369
NA
0.668
0.252
0.63
NA
NA
0.549
0.452
0.525
NA
NA
NA
NA
NA
0.304
NA
NA
NA
NA
NA
NA
NA
NA
NA
NA
0.144
0.242
NA
NA
NA
0.476
NA
NA
NA
NA
NA
NA
NA
NA
NA
0.31
NA
0.147
0.241
NA
0.288
NA
NA
0.34
0.318
NA
NA
NA
NA
0.248
NA
NA
NA
NA
NA
NA
NA
NA
NA
0.544
0.592
0.43
0.33
NA
NA
NA
NA
NA
NA
NA
NA
0.094
NA
NA
NA
0.221
NA
0.389
NA
NA
0.825
NA
0.475
0.551
NA
NA
NA
NA
NA
NA
NA
NA
NA
0.233
0.753
NA
0.324
NA
NA
NA
NA
NA
0.433
NA
0.399
0.361
NA
NA
0.442
0.438
0.535
0.197
NA
0.548
0.504
0.308
0.581
NA
0.206
0.161
NA
NA
0.544
NA
NA
NA
NA
NA
NA
NA
0.294
NA
0.515
NA
NA
NA
0.487
0.403
0.238
NA
NA
NA
NA
NA
NA
NA
NA
0.259
NA
NA
NA
NA
NA
NA
NA
NA
NA
0.359
0.33
NA
NA
0.306
0.309
0.504
0.29
NA
0.285
NA
NA
NA
NA
NA
NA
NA
NA
NA
0.444
0.412
NA
NA
0.132
0.392
NA
NA
0.737
0.314
0.385
0.476
NA
NA
NA
NA
NA
NA
0.278
0.709
0.575
NA
NA
NA
NA
0.155
0.214
NA
0.138
NA
0
0.349
0.141
NA
0.368
NA
0.398
0.281
NA
NA
NA
NA
NA
NA
NA
NA
0.227
NA
0.431
NA
NA
NA
NA
NA
NA
NA
NA
NA
NA
NA
NA
NA
NA
0.295
0.594
0.222
NA
NA
0.242
NA
NA
0.217
0.253
NA
0.583
NA
0.431
NA
NA
NA
NA
NA
NA
0.507
NA
NA
0.211
NA
0.197
NA
0.309
0.372
NA
0.748
0.356
NA
0.447
NA
NA
NA
0.373
NA
0
NA
NA
NA
NA
NA
NA
NA
NA
0
0.204
0
0
NA
NA
NA
NA
0.424
NA
0.28
NA
0.388
0.209
NA
0.557
0.477
NA
NA
NA
0.376
NA
0.198
0.551
0.382
0.326
0.313
0.296
0.569
NA
NA
NA
NA
NA
NA
NA
NA
NA
NA
NA
NA
NA
NA
NA
NA
NA
NA
NA
NA
NA
NA
NA
NA
NA
0.437
NA
0.032
NA
NA
0.309
NA
0.255
NA
0.613
NA
NA
0.653
0.403
NA
0.126
0.293
NA
0.282
NA
NA
0.335
NA
0.157
NA
NA
NA
0.055
0.089
0.679
NA
NA
0.089
0.402
NA
0.38
0.261
NA
0.395
NA
NA
0.479
NA
0.262
0.117
NA
0.25
NA
0.235
0.361
0.575
NA
NA
0.94
1
0.58
NA
NA
0.254
NA
0.642
NA
0.159
NA
NA
NA
NA
NA
NA
NA
NA
NA
NA
0.222
NA
0.185
0.249
NA
0.445
NA
NA
0.451
0.405
0.308
NA
NA
0.465
0.331
NA
NA
NA
NA
0.258
NA
NA
NA
NA
NA
NA
NA
0.482
0.25
0.519
NA
0.384
0.278
0.456
NA
NA
NA
NA
NA
NA
NA
NA
NA
NA
NA
0.263
NA
0.419
0.152
NA
NA
NA
NA
0.372
NA
NA
0.168
NA
NA
0.335
NA
NA
0.712
NA
NA
1
NA
NA
0.527
0.393
0.468
NA
0.424
NA
0.281
NA
NA
0.53
0.526
NA
NA
NA
0.311
NA
0.396
0.195
NA
0.363
0.166
0.361
0.299
NA
0.247
0.501
NA
NA
0.264
NA
NA
NA
NA
NA
NA
NA
0.401
0.469
NA
NA
NA
0.343
NA
0.234
NA
NA
0.338
NA
NA
NA
NA
NA
NA
0.127
0.4
0.687
NA
NA
NA
NA
NA
NA
NA
NA
0.392
0.235
NA
0
0.402
NA
NA
0.103
NA
0.423
0.455
NA
NA
NA
0.461
NA
NA
NA
NA
NA
NA
NA
NA
0.264
NA
NA
NA
NA
NA
NA
NA
NA
NA
NA
NA
0.172
0.263
NA
NA
NA
0.276
NA
0.396
NA
0.226
0.052
0.629
NA
NA
NA
NA
NA
0.129
0.162
NA
0.185
NA
NA
0.234
0.388
NA
NA
0.227
0.111
0.274
0.332
0.44
NA
NA
NA
NA
0.336
NA
0.533
NA
0.291
NA
0.37
0.286
NA
0.466
NA
1
NA
NA
NA
0.383
NA
NA
0.427
0.514
NA
0.522
0.347
0.268
NA
NA
NA
0.94
NA
0.581
0.471
NA
0.316
NA
0.3
0.38
0.403
NA
NA
0.399
0.425
NA
0.467
0.3
0.223
NA
NA
0.654
0.525
NA
NA
NA
NA
0.326
NA
NA
NA
NA
NA
NA
NA
0
NA
0.153
0.211
NA
NA
NA
NA
NA
0.182
NA
NA
NA
NA
NA
NA
0.024
NA
NA
NA
NA
NA
NA
NA
NA
NA
NA
NA
NA
NA
NA
NA
NA
NA
NA
NA
NA
NA
NA
NA
NA
NA
NA
NA
NA
NA
NA
NA
NA
NA
NA
NA
NA
NA
NA
NA
NA
NA
NA
0.445
NA
0.21
0.281
0.475
0.177
NA
NA
0.213
NA
NA
0.512
0.379
0.268
0.352
0.448
NA
0.292
1
NA
NA
NA
NA
0.554
NA
NA
0.137
0.003
NA
0.297
0.13
NA
0.535
0.366
0.28
NA
NA
NA
NA
NA
NA
NA
NA
NA
NA
NA
NA
NA
NA
NA
NA
0.565
NA
NA
0.387
0.171
0.186
NA
NA
0.315
NA
NA
0.352
NA
NA
NA
NA
NA
0.011
NA
NA
NA
NA
NA
NA
0.104
0.393
NA
0.452
NA
0.492
0.277
NA
NA
NA
NA
NA
NA
NA
NA
NA
NA
NA
NA
NA
NA
NA
NA
0.103
NA
NA
NA
NA
0.676
NA
NA
NA
0.086
NA
NA
NA
NA
NA
0.494
NA
NA
0.528
0.441
NA
NA
NA
NA
0.366
0.16
NA
0.59
NA
NA
NA
0.052
0.239
NA
0.667
NA
0.47
0.312
0.962
NA
NA
NA
NA
0.45
0.497
0.315
0.545
0.463
NA
0.353
0.166
0.317
NA
0.211
0.331
NA
NA
NA
NA
0.347
0.322
0.332
0.309
0.36
0.437
NA
0.564
NA
0.258
0.275
0.281
NA
NA
NA
NA
NA
0.453
NA
NA
0.395
0.699
NA
NA
NA
NA
NA
NA
NA
NA
NA
NA
NA
NA
NA
NA
NA
NA
0.255
0.356
0.273
NA
NA
NA
0.557
0.406
0.346
0.288
0.357
NA
NA
NA
0.046
NA
0.29
0.362
NA
NA
NA
NA
0.58
1
0.269
0.474
NA
NA
NA
NA
NA
0.145
NA
NA
NA
NA
0.4
NA
NA
0.689
0.542
0.49
NA
NA
0.216
0.154
NA
0.172
NA
0.072
0.108
0.227
NA
NA
0.359
NA
NA
NA
NA
0.312
NA
0.093
NA
NA
NA
NA
NA
NA
NA
NA
NA
NA
NA
NA
NA
NA
NA
NA
NA
0.333
NA
0.509
NA
0.477
0.148
0.228
NA
0.393
NA
0.155
0.568
NA
NA
NA
NA
NA
NA
NA
NA
NA
NA
NA
0.36
0.555
NA
0.354
NA
NA
NA
NA
0.163
NA
NA
NA
NA
NA
NA
NA
NA
NA
NA
NA
NA
0.415
0.254
NA
0.656
NA
0.487
0.171
0.197
0.337
0.13
NA
0.183
0.277
NA
NA
NA
NA
NA
NA
1
0.463
NA
NA
0.425
0.188
0.338
NA
0.512
NA
NA
NA
NA
NA
0.439
NA
0.452
NA
NA
NA
0.411
NA
0.502
0.275
NA
0.32
NA
0.187
NA
0.189
0.421
NA
NA
NA
0.401
NA
0.446
NA
NA
NA
0.439
0.4
NA
NA
0.796
0.333
NA
NA
NA
NA
NA
0.397
0.449
0.479
NA
0.448
0.595
0.355
NA
NA
NA
NA
NA
NA
NA
NA
NA
0.74
NA
NA
NA
NA
NA
NA
NA
NA
NA
NA
NA
NA
NA
NA
NA
NA
NA
NA
NA
NA
NA
NA
NA
NA
NA
NA
NA
NA
NA
NA
NA
NA
NA
0
NA
NA
0.616
NA
NA
NA
0.098
0.069
NA
NA
NA
0.168
NA
0.163
NA
NA
NA
0.439
NA
0.674
0.383
NA
0.118
NA
0.241
NA
0.353
0.182
NA
0.266
0.231
0
0.286
0.698
NA
0.647
NA
NA
NA
NA
NA
NA
0.184
NA
NA
NA
0.468
0.29
NA
NA
0.206
NA
NA
NA
NA
NA
NA
NA
0.404
NA
NA
0.146
NA
0.241
NA
NA
0.427
0.404
NA
0.323
NA
0.184
0.356
NA
NA
NA
0.216
0.464
NA
0.398
NA
NA
NA
NA
0.495
NA
NA
NA
0.055
NA
NA
0.199
0.1
0.098
0.114
0.168
0.54
NA
NA
NA
NA
NA
NA
NA
NA
0.61
NA
NA
0.617
NA
NA
NA
NA
NA
0.185
NA
NA
NA
0.081
NA
NA
NA
NA
NA
NA
0.307
NA
NA
NA
0.474
NA
NA
NA
0.352
NA
0.626
0.587
0.315
0.591
NA
0.351
NA
NA
NA
0.331
NA
NA
0.208
NA
NA
NA
NA
NA
NA
NA
NA
NA
NA
NA
NA
NA
NA
NA
NA
NA
NA
NA
NA
0.491
0.609
NA
0.635
0.394
NA
0.468
0.353
NA
0.211
NA
0.447
0.236
NA
NA
NA
NA
NA
NA
0.281
0.009
0.408
NA
NA
0.331
NA
NA
NA
NA
0.329
0.467
0.261
0.112
0.481
0.457
0.399
0.261
0.512
NA
0.617
0.316
0.35
NA
NA
NA
NA
NA
0.303
NA
NA
NA
NA
NA
NA
NA
NA
NA
NA
NA
NA
0.346
NA
0.347
NA
0.313
0.629
0.449
NA
0.348
0.67
0.366
NA
NA
NA
0.33
0.401
0.813
0.626
NA
NA
NA
NA
NA
NA
NA
NA
NA
NA
0.306
NA
0.476
NA
0.589
0.253
0.262
0.544
NA
NA
NA
0.598
NA
0.369
0.507
0.263
0.579
0.311
NA
0.253
0.496
0.366
0.383
NA
0.29
0.31
0.555
0.511
0.366
NA
0.211
0.522
0.159
NA
NA
0.111
0.211
NA
0.332
0.501
0.218
0.633
NA
NA
0.216
NA
NA
0.562
0.472
NA
0.25
NA
NA
0.261
0.322
NA
0.449
NA
NA
NA
NA
NA
NA
NA
NA
NA
NA
0.513
NA
0.391
NA
NA
NA
NA
NA
NA
0.271
NA
NA
0.573
NA
NA
NA
NA
NA
NA
NA
NA
NA
NA
NA
NA
NA
NA
NA
NA
0.167
0.333
0.488
NA
NA
NA
0.375
0.097
NA
NA
0.243
NA
NA
NA
NA
NA
0.105
0.198
NA
NA
NA
NA
NA
NA
NA
NA
NA
NA
NA
0.379
NA
NA
NA
NA
NA
NA
NA
NA
0.016
0.283
0.474
NA
0.203
NA
NA
NA
NA
NA
NA
NA
NA
NA
NA
NA
NA
0.526
0.159
0.537
0.253
0.211
0.493
0.499
NA
NA
NA
NA
NA
NA
NA
0.752
0.445
0.256
0.257
NA
NA
NA
NA
NA
NA
NA
NA
0.352
NA
NA
NA
NA
NA
NA
NA
0.247
0.217
0.297
0.475
NA
NA
NA
NA
NA
NA
0.366
NA
NA
NA
0.745
NA
0.255
0.698
0.184
NA
0.692
0.358
0.158
NA
0.26
0.472
NA
0.685
0.227
NA
NA
NA
NA
NA
NA
NA
NA
0.485
NA
0.55
0.174
NA
0.241
0.357
NA
0.556
NA
NA
0.238
NA
0.104
NA
NA
0
NA
NA
NA
0.707
NA
NA
NA
NA
NA
NA
NA
NA
NA
NA
NA
NA
NA
NA
NA
0.478
0.158
NA
NA
NA
NA
0.324
NA
NA
0.617
0.133
NA
NA
NA
NA
0.588
NA
0.247
NA
NA
NA
NA
NA
NA
NA
NA
0.083
0.301
0.665
0.314
NA
NA
0.258
0.639
NA
0.469
NA
NA
0.322
0.073
NA
NA
NA
NA
NA
NA
0.408
NA
NA
NA
NA
NA
NA
NA
0.657
0.201
NA
0.128
NA
0.446
0.166
NA
NA
NA
NA
NA
NA
NA
NA
0.502
NA
NA
NA
NA
NA
NA
NA
NA
NA
NA
NA
NA
NA
0.23
NA
NA
0.35
0.172
0.118
0.37
NA
NA
NA
0.807
NA
NA
NA
NA
NA
NA
0.492
NA
NA
NA
NA
NA
NA
0.317
0.344
0
NA
NA
NA
NA
NA
NA
NA
NA
NA
NA
NA
NA
NA
0.462
NA
NA
NA
NA
NA
NA
0.101
NA
NA
0.425
NA
NA
0.45
NA
0.328
0.172
0
NA
NA
0.446
0.222
NA
NA
NA
NA
NA
NA
0.327
NA
NA
NA
NA
NA
NA
NA
NA
0.374
NA
NA
NA
NA
0.265
0.207
NA
NA
0.292
NA
NA
0.254
0.425
NA
NA
NA
NA
NA
0.104
NA
NA
NA
NA
NA
NA
NA
NA
NA
NA
NA
NA
NA
NA
NA
NA
NA
NA
NA
NA
NA
NA
NA
NA
0.403
NA
NA
NA
NA
NA
NA
NA
NA
0.282
NA
NA
NA
NA
NA
NA
NA
NA
NA
NA
NA
NA
0.355
NA
NA
NA
NA
NA
NA
NA
NA
NA
NA
NA
NA
NA
0.069
NA
NA
NA
0.447
NA
0.417
0.256
0.464
NA
NA
NA
NA
0.477
0.503
1
0.256
NA
NA
NA
NA
NA
NA
NA
NA
0.477
NA
NA
NA
NA
0.131
NA
NA
NA
NA
NA
NA
NA
NA
NA
NA
NA
NA
NA
NA
NA
NA
NA
0.26
NA
0.275
0.507
0.265
NA
0.283
NA
NA
NA
NA
NA
NA
NA
NA
0.16
0.146
NA
0.436
0.372
NA
NA
0.932
NA
0.477
NA
NA
NA
NA
NA
NA
NA
0.883
0.901
NA
0.272
NA
NA
NA
NA
NA
0.405
NA
NA
0.483
NA
NA
NA
NA
0.464
0.676
0.551
0.512
NA
NA
NA
NA
0.442
NA
NA
NA
NA
NA
NA
0.171
NA
NA
NA
NA
NA
NA
NA
NA
NA
0.58
0.369
NA
NA
NA
NA
NA
NA
NA
NA
NA
NA
NA
0.191
0.464
0.279
0.32
0.472
NA
NA
NA
NA
0.246
NA
NA
NA
0.684
NA
0.452
0.541
NA
0.153
NA
NA
NA
NA
NA
0.465
NA
NA
NA
0.421
0.3
NA
NA
NA
NA
NA
NA
NA
NA
NA
0.034
NA
0.447
0.364
NA
NA
NA
NA
NA
NA
NA
NA
0.455
NA
NA
NA
NA
NA
NA
NA
0.405
0.322
0.343
0.648
0.283
NA
NA
NA
0.18
NA
NA
NA
NA
0.367
0.377
NA
NA
NA
NA
NA
NA
NA
NA
NA
0.514
0.703
NA
0.601
NA
NA
NA
NA
0.407
0.362
NA
0.427
0.287
NA
0.276
NA
NA
NA
NA
0.103
NA
NA
0.317
0.437
NA
NA
0.296
NA
NA
NA
NA
0.115
0.44
0.392
NA
NA
NA
NA
NA
NA
NA
NA
0.61
0.491
NA
0.342
0.637
0.46
NA
0.753
NA
NA
NA
NA
NA
0.081
NA
0.457
0.088
0.26
NA
NA
0.543
NA
NA
NA
NA
0.414
0.206
0.478
0.562
0.229
0.296
NA
NA
NA
NA
NA
NA
0.208
0.728
0.331
0.291
0.243
NA
NA
NA
0.583
NA
0.442
NA
NA
NA
NA
NA
NA
NA
NA
NA
NA
0.228
0.684
NA
0.413
NA
NA
0.199
NA
NA
NA
NA
NA
NA
NA
NA
0.245
0.119
0.336
NA
NA
NA
0.447
0.149
NA
NA
NA
NA
NA
NA
NA
NA
NA
0.362
0.45
NA
NA
NA
NA
NA
0.838
0.396
NA
NA
NA
NA
NA
NA
NA
0.215
0.249
NA
0.359
NA
NA
NA
0.376
0.204
NA
0.321
NA
NA
NA
NA
NA
NA
0.506
NA
NA
0.339
0.349
NA
NA
NA
0.312
NA
NA
NA
NA
0.228
NA
NA
NA
NA
NA
NA
NA
NA
NA
NA
NA
0.298
NA
NA
NA
NA
NA
NA
NA
NA
NA
NA
NA
0.238
NA
NA
NA
NA
NA
NA
0.226
NA
0.388
NA
NA
0.305
NA
0.195
NA
NA
NA
NA
NA
NA
NA
NA
NA
NA
0.544
0.399
0
0.504
0.513
NA
NA
NA
0.521
0.44
0.529
0.512
0.126
0.429
NA
NA
NA
NA
0.269
0.432
NA
NA
NA
NA
NA
NA
NA
NA
1
0.437
0.531
NA
NA
NA
0.421
NA
NA
NA
0.57
0.44
0.14
NA
0.384
0.352
NA
NA
0.42
NA
NA
NA
NA
NA
NA
NA
NA
NA
NA
NA
NA
NA
NA
NA
NA
NA
0.374
NA
NA
NA
NA
NA
0.48
0.469
NA
NA
NA
NA
NA
NA
NA
NA
NA
NA
NA
NA
0.179
NA
NA
0.532
0.592
NA
NA
NA
NA
NA
NA
NA
NA
NA
0.455
NA
NA
NA
NA
NA
NA
NA
NA
NA
0.575
NA
NA
NA
NA
NA
0.449
0.051
NA
NA
NA
NA
NA
NA
NA
NA
NA
NA
NA
NA
NA
NA
NA
NA
NA
NA
0.222
0.35
0.2
NA
NA
NA
NA
NA
NA
0.188
NA
0
NA
NA
NA
NA
NA
NA
NA
NA
NA
0.123
NA
NA
NA
NA
0.551
NA
NA
NA
NA
NA
NA
NA
NA
NA
NA
0.44
0.605
NA
NA
NA
NA
NA
NA
NA
NA
NA
NA
NA
0.415
NA
NA
NA
NA
NA
NA
NA
NA
NA
NA
NA
NA
NA
NA
NA
NA
NA
NA
NA
NA
NA
NA
NA
NA
0.196
NA
NA
NA
NA
NA
NA
NA
NA
NA
NA
NA
NA
NA
NA
NA
NA
NA
NA
NA
NA
NA
0.416
0.7
NA
NA
NA
NA
0.284
NA
NA
NA
NA
NA
NA
NA
NA
NA
0.426
NA
NA
NA
NA
NA
NA
NA
NA
NA
NA
NA
NA
NA
NA
NA
NA
0.263
0.493
NA
0.387
NA
NA
NA
NA
NA
NA
NA
NA
NA
NA
NA
NA
NA
NA
0.222
NA
0.379
NA
NA
NA
NA
NA
NA
NA
0.062
NA
NA
NA
NA
0.268
0
NA
NA
NA
NA
NA
NA
NA
NA
NA
NA
NA
NA
NA
NA
NA
NA
NA
NA
NA
NA
NA
NA
NA
0.468
NA
NA
NA
NA
NA
NA
NA
NA
NA
NA
NA
NA
NA
NA
NA
0.401
NA
0.331
0.026
NA
NA
NA
NA
NA
NA
NA
NA
0.004
0.338
NA
NA
NA
NA
NA
NA
NA
NA
NA
NA
NA
NA
NA
NA
NA
NA
NA
NA
NA
NA
NA
NA
NA
NA
NA
NA
0.505
NA
NA
NA
NA
NA
NA
NA
NA
NA
0.44
NA
NA
NA
NA
NA
NA
NA
NA
NA
NA
NA
NA
NA
NA
NA
NA
NA
NA
NA
NA
NA
0.748
NA
NA
NA
NA
NA
NA
NA
NA
NA
NA
NA
NA
NA
NA
NA
0.309
NA
NA
NA
NA
NA
NA
NA
NA
0.373
0.283
NA
NA
NA
NA
NA
NA
NA
NA
NA
0.315
NA
NA
NA
NA
NA
NA
NA
NA
NA
NA
NA
NA
NA
NA
NA
NA
NA
NA
NA
NA
NA
NA
NA
NA
NA
NA
NA
NA
NA
NA
NA
NA
NA
NA
NA
NA
NA
NA
NA
NA
0.477
NA
0.62
NA
NA
NA
NA
NA
NA
NA
NA
NA
NA
NA
NA
NA
NA
NA
NA
0.205
NA
NA
NA
NA
0.258
0.499
NA
NA
0.551
NA
NA
NA
NA
NA
NA
NA
NA
0.719
0.223
NA
NA
NA
NA
NA
NA
0.199
0.231
NA
NA
NA
NA
NA
NA
NA
NA
NA
NA
NA
0.456
0.625
NA
0.412
NA
NA
NA
NA
0.45
NA
NA
NA
NA
NA
NA
NA
NA
NA
NA
NA
NA
NA
NA
NA
NA
NA
NA
NA
NA
NA
NA
NA
NA
0.008
0.307
0.37
0.247
0.312
NA
NA
NA
NA
NA
NA
NA
0.292
0.167
0.195
NA
NA
0.332
NA
0.354
NA
NA
NA
NA
NA
NA
NA
NA
NA
NA
0.389
0.305
NA
NA
NA
0.413
NA
NA
NA
NA
NA
NA
NA
NA
NA
NA
NA
NA
NA
NA
NA
NA
NA
NA
NA
NA
NA
0.116
NA
0.292
NA
NA
NA
NA
NA
NA
NA
NA
NA
NA
NA
NA
NA
NA
0.392
0.459
NA
NA
NA
NA
0.021
NA
NA
NA
NA
NA
0.226
0.268
0.181
NA
NA
NA
NA
NA
NA
NA
0.236
NA
NA
NA
NA
NA
NA
0.343
0.402
NA
NA
NA
NA
NA
NA
0.475
NA
NA
NA
NA
NA
NA
NA
NA
NA
0.208
0.043
NA
NA
NA
NA
NA
0.357
0.353
NA
NA
NA
0.184
0.19
NA
NA
NA
0.307
0.864
0.109
NA
NA
0.318
NA
NA
NA
NA
NA
NA
NA
NA
0.246
NA
0.163
NA
NA
NA
NA
NA
NA
NA
NA
NA
0.495
NA
NA
NA
NA
NA
0.435
NA
NA
NA
NA
NA
NA
NA
NA
0.342
0.033
0.488
0.354
0.349
NA
NA
NA
NA
NA
NA
NA
NA
NA
NA
NA
0
NA
NA
NA
NA
NA
NA
NA
NA
NA
NA
0.304
0.532
NA
NA
NA
NA
NA
NA
0.51
0.294
NA
0.023
NA
NA
NA
NA
0.316
NA
0.423
NA
NA
0.228
NA
0.379
NA
NA
NA
0.533
NA
NA
NA
NA
0
0.216
NA
NA
NA
NA
NA
NA
NA
NA
NA
NA
0.534
NA
NA
NA
NA
NA
NA
NA
NA
0.638
0.366
0.388
NA
NA
0.512
NA
NA
0.079
NA
NA
NA
0.37
NA
NA
NA
NA
NA
NA
NA
NA
NA
NA
NA
NA
NA
NA
NA
0.039
NA
0.503
0.627
NA
NA
NA
NA
NA
0.186
NA
0.508
NA
0.268
NA
NA
NA
NA
0.287
0.431
NA
NA
0.609
NA
0.439
NA
NA
0.299
NA
NA
NA
NA
NA
NA
0.524
NA
NA
NA
0.688
NA
0.494
0.516
NA
NA
NA
NA
NA
NA
NA
NA
0.422
NA
NA
0.313
NA
NA
NA
NA
NA
NA
NA
NA
NA
0.192
NA
NA
NA
NA
0.693
0.355
NA
NA
NA
NA
0.268
0.423
0.123
NA
0.553
0.335
0.453
NA
NA
NA
NA
NA
NA
NA
NA
0.45
0.173
0.307
NA
NA
NA
NA
NA
NA
0.166
NA
NA
0.262
0.225
NA
NA
NA
NA
NA
NA
NA
0.36
NA
NA
NA
NA
NA
0.534
0.749
NA
NA
NA
NA
NA
NA
0.505
NA
0.528
NA
NA
NA
NA
0.249
NA
NA
NA
NA
NA
0.271
NA
NA
0.259
NA
NA
NA
NA
NA
0.484
NA
NA
NA
NA
NA
NA
NA
NA
NA
NA
0.574
0.256
NA
NA
NA
0.298
NA
NA
NA
NA
NA
NA
NA
NA
NA
NA
NA
NA
NA
NA
NA
0.525
NA
NA
NA
NA
NA
NA
NA
NA
0.329
NA
NA
NA
NA
0.311
NA
0.332
0.553
NA
NA
NA
NA
NA
NA
NA
NA
NA
NA
NA
0.47
NA
NA
0.555
NA
NA
NA
NA
0.218
NA
NA
NA
NA
NA
NA
0.384
NA
NA
NA
NA
NA
NA
NA
0.216
0.552
NA
NA
NA
NA
NA
NA
NA
NA
NA
NA
NA
NA
NA
NA
NA
NA
NA
NA
NA
NA
NA
NA
NA
NA
NA
0.533
NA
NA
NA
NA
NA
NA
0.209
NA
NA
NA
NA
NA
NA
NA
NA
0.372
NA
NA
0.336
NA
NA
0.488
0.546
NA
NA
NA
NA
NA
NA
0.262
NA
NA
NA
0.089
0.106
NA
0.219
NA
NA
NA
NA
NA
0.55
0.536
NA
NA
NA
NA
0.476
0.757
0.446
0.451
NA
NA
0.486
0.322
0.351
NA
NA
NA
0.282
0.152
NA
0.47
NA
NA
NA
0.277
NA
NA
NA
NA
NA
NA
NA
NA
NA
NA
NA
0.397
NA
NA
NA
0.464
0.564
NA
NA
NA
NA
NA
NA
NA
NA
NA
0.429
0.41
NA
NA
NA
NA
NA
NA
0.144
NA
0.323
NA
NA
NA
NA
NA
NA
0.415
NA
NA
NA
NA
0.213
NA
NA
NA
NA
NA
NA
NA
NA
0.497
NA
0.585
0.272
NA
NA
NA
0.586
NA
NA
NA
NA
NA
NA
NA
NA
0.173
NA
NA
NA
NA
NA
NA
0.119
0.281
NA
NA
NA
0.078
NA
NA
NA
NA
NA
NA
0.142
NA
0.653
NA
NA
NA
0.612
NA
NA
NA
NA
NA
0.242
0.389
0.526
NA
0.452
0.431
NA
NA
NA
NA
NA
NA
NA
NA
NA
NA
NA
NA
NA
NA
NA
0.371
NA
0.473
NA
NA
NA
NA
NA
0.476
NA
NA
NA
0.576
0.447
NA
0.519
NA
NA
0.137
0.12
NA
NA
NA
0.319
NA
NA
NA
NA
NA
NA
0.318
0.222
0.201
NA
NA
NA
NA
NA
NA
NA
NA
0.434
0.417
NA
NA
NA
0.173
NA
NA
NA
NA
NA
NA
0.205
NA
0.17
0
0.362
0.493
NA
NA
0.15
NA
0.264
NA
NA
NA
NA
0.256
NA
NA
0.294
NA
NA
NA
NA
NA
NA
NA
NA
0.401
0.134
NA
NA
NA
NA
NA
0.445
NA
0.372
NA
0.304
0.641
0.534
0.301
NA
0.486
NA
NA
NA
0.235
0.369
NA
0.328
NA
NA
NA
NA
NA
NA
NA
NA
0.475
NA
NA
0.331
NA
0.25
NA
NA
NA
NA
0.215
0.112
NA
NA
NA
NA
0.361
NA
NA
NA
NA
NA
NA
NA
NA
NA
0.449
NA
0.914
0.26
NA
NA
NA
0.227
0.012
NA
NA
0.115
0.737
NA
0.431
NA
0.398
0.136
NA
0.424
NA
0.364
0.328
0.379
0.512
0.57
NA
NA
NA
0.415
0.406
0.367
NA
NA
0.355
0.056
NA
NA
NA
0.297
NA
0.287
NA
NA
NA
NA
NA
NA
NA
NA
0.143
NA
0.388
0.3
NA
NA
NA
NA
NA
NA
NA
NA
NA
0.459
NA
0.662
0.352
NA
NA
NA
0.39
NA
0.37
0.32
NA
NA
NA
0.295
NA
0.35
NA
NA
0.508
0.325
NA
NA
0.323
0.462
0.382
0.339
0.46
NA
0.383
NA
NA
NA
NA
NA
NA
NA
NA
NA
NA
NA
0.956
NA
NA
NA
NA
0.199
NA
NA
NA
NA
NA
0.447
0.338
NA
NA
NA
NA
NA
NA
0.313
0.366
0.196
NA
NA
0.238
NA
NA
NA
0.172
0.333
NA
NA
NA
NA
NA
NA
NA
NA
NA
0.468
NA
0.407
0.316
NA
NA
0.369
NA
0.36
NA
NA
NA
NA
NA
0.341
NA
0.097
NA
NA
NA
NA
0
NA
0.325
NA
NA
NA
NA
0.451
NA
0.2
0.233
0.453
NA
0.222
NA
NA
NA
NA
NA
0.426
0.157
NA
NA
NA
NA
0.344
NA
0.487
NA
NA
NA
0.398
NA
NA
NA
NA
NA
NA
NA
NA
NA
NA
NA
NA
NA
0.242
NA
NA
NA
NA
NA
NA
NA
NA
NA
NA
NA
NA
0.011
NA
NA
NA
NA
NA
NA
NA
0.297
0.301
0.297
NA
NA
NA
0.452
NA
NA
NA
NA
0.173
NA
NA
0.397
NA
NA
NA
NA
NA
NA
NA
NA
NA
NA
NA
NA
NA
NA
NA
NA
NA
NA
NA
0.273
NA
0.537
NA
NA
NA
NA
NA
NA
NA
NA
NA
NA
NA
NA
0.291
NA
NA
NA
NA
NA
NA
0.462
NA
NA
NA
NA
NA
NA
NA
NA
NA
NA
NA
0.417
0.444
NA
0.5
NA
0.181
NA
0.433
0.526
NA
0.411
NA
NA
NA
NA
NA
0.61
0.506
NA
NA
NA
NA
0.409
0.309
0.248
NA
NA
0.632
0.105
NA
0.353
NA
0.772
NA
NA
NA
0.614
NA
0.438
0.513
NA
0.383
NA
NA
0.379
0.329
0.391
0.223
0.329
NA
NA
0.263
0.133
NA
NA
NA
NA
NA
0.553
NA
NA
NA
NA
NA
NA
NA
NA
NA
0.303
0.155
NA
NA
NA
NA
NA
NA
0.269
0.297
0.105
NA
NA
NA
0.152
NA
0.272
NA
0.33
0.123
NA
0.106
NA
NA
0.706
0.597
NA
0.57
NA
0.546
NA
0.613
NA
0.689
0.335
NA
NA
0.439
NA
NA
NA
NA
NA
0.305
NA
0
0.398
0.341
0.231
0.443
0.498
NA
0.181
0.282
0.415
NA
NA
NA
NA
0.266
NA
0.549
0.262
0.336
NA
NA
NA
NA
NA
NA
NA
NA
NA
NA
NA
NA
NA
NA
NA
0.279
NA
NA
0.489
NA
NA
NA
NA
NA
NA
NA
NA
0.291
0.377
NA
NA
NA
NA
NA
NA
NA
NA
NA
NA
NA
0.125
0.195
0.308
0.409
NA
NA
NA
0
NA
NA
NA
NA
NA
NA
0.353
NA
NA
0.102
NA
NA
NA
0.303
0.185
0.056
0
NA
NA
NA
NA
NA
NA
NA
NA
NA
NA
NA
NA
NA
NA
NA
NA
NA
NA
NA
NA
NA
NA
NA
NA
NA
NA
NA
0.187
NA
NA
NA
NA
NA
NA
NA
NA
NA
NA
NA
NA
NA
0.474
NA
NA
NA
NA
NA
NA
NA
NA
NA
NA
0.165
NA
0.419
NA
NA
NA
NA
NA
NA
NA
NA
NA
NA
NA
NA
NA
NA
0.059
NA
NA
NA
0.412
NA
NA
NA
NA
NA
NA
NA
NA
NA
NA
NA
NA
0.462
0.214
0.326
NA
NA
NA
0.441
NA
NA
NA
NA
NA
NA
NA
0.412
0.233
0.209
0.372
NA
NA
NA
NA
NA
NA
NA
NA
0.137
NA
NA
NA
NA
0.397
NA
NA
NA
NA
NA
NA
0.394
0.471
NA
NA
0.195
NA
NA
NA
NA
NA
NA
NA
NA
NA
NA
NA
NA
0
NA
NA
NA
NA
0.587
NA
0.221
0.316
NA
0.324
NA
0.278
NA
NA
0.104
0.338
0.403
NA
0.284
0.5
0.467
0.477
NA
NA
NA
0.593
0.452
NA
NA
NA
NA
NA
NA
NA
NA
NA
NA
NA
NA
NA
NA
NA
0.115
NA
NA
0.304
0.298
NA
0.564
0.092
NA
NA
NA
NA
0.514
NA
NA
NA
NA
0.254
NA
NA
NA
NA
NA
NA
NA
NA
NA
NA
0.474
0
NA
NA
NA
NA
NA
NA
NA
NA
NA
NA
0.045
NA
NA
0.065
NA
NA
0.48
NA
NA
NA
0.522
NA
NA
NA
NA
NA
NA
NA
NA
NA
NA
NA
NA
NA
NA
NA
NA
NA
NA
NA
0.337
NA
NA
NA
NA
NA
NA
NA
NA
NA
NA
NA
NA
NA
NA
NA
0.414
NA
0.39
NA
NA
0.391
NA
NA
NA
NA
0.39
0.419
NA
0.323
0.186
NA
NA
NA
0.453
NA
NA
NA
NA
NA
NA
0.18
NA
0.3
0.37
0.318
NA
0.31
NA
0.271
NA
NA
NA
NA
NA
NA
NA
NA
NA
NA
NA
NA
0.329
0.432
NA
NA
NA
0.547
NA
NA
0.331
0.369
NA
0.502
NA
NA
NA
0.269
NA
NA
NA
NA
NA
NA
NA
NA
NA
NA
0.951
0.409
0.267
0.511
NA
NA
NA
NA
NA
0.445
NA
NA
NA
NA
NA
NA
0.431
NA
NA
NA
NA
NA
0.204
0.256
0.243
0.422
NA
NA
NA
NA
NA
NA
NA
NA
0.195
0.243
NA
NA
0.41
NA
NA
0.24
NA
0.332
NA
0.343
0.247
0.215
NA
NA
NA
NA
NA
NA
NA
0.465
NA
0.194
1
0.137
NA
NA
NA
NA
NA
NA
NA
NA
0.35
1
0.462
NA
0.334
NA
NA
NA
0.156
0.149
NA
0.168
NA
0.217
NA
0.096
NA
NA
NA
NA
0.51
NA
NA
NA
NA
NA
NA
NA
NA
NA
NA
NA
0.362
0.495
NA
0.45
0.488
NA
0.191
0.193
0.262
NA
NA
NA
NA
NA
NA
NA
NA
NA
0.374
NA
NA
NA
NA
0.279
NA
NA
NA
NA
NA
0.495
NA
0.343
0.514
NA
NA
0.276
0.044
NA
NA
NA
NA
0.358
NA
0.189
NA
NA
NA
0.134
NA
0.513
NA
NA
NA
NA
NA
NA
NA
NA
0.512
NA
0.697
0.329
NA
0.355
0.04
0.12
0.471
NA
0.34
NA
0.692
NA
NA
NA
0.295
NA
0.45
NA
NA
NA
NA
NA
0.532
NA
NA
NA
NA
0.355
0.251
0.117
0.449
NA
0.483
0.449
0.029
NA
NA
0.501
0.702
0.671
NA
NA
NA
NA
0.385
0.117
NA
0.114
NA
NA
NA
NA
NA
0.461
0.558
NA
NA
NA
0.451
0.371
NA
0.382
NA
NA
NA
NA
NA
0.36
0.412
0.521
0.484
NA
NA
NA
NA
NA
NA
NA
0.536
0.426
0.35
NA
0.134
NA
0.42
0.507
NA
NA
NA
NA
NA
NA
NA
0.37
0.502
0.506
0.33
NA
0.406
NA
0.476
NA
NA
0.638
NA
NA
NA
0.269
NA
0.477
NA
0.239
0.341
0.652
0.205
0.542
0.361
0.638
NA
0.146
NA
NA
NA
0.282
0.268
NA
NA
0.587
0.417
NA
NA
NA
NA
NA
0.493
0.302
0.307
0.454
NA
NA
0.281
NA
NA
NA
0.277
0.517
0.466
NA
NA
0.636
0.401
0.434
NA
NA
NA
NA
NA
NA
NA
NA
NA
NA
NA
NA
0.542
NA
NA
NA
NA
0.244
NA
0.335
NA
0.43
NA
NA
NA
NA
NA
NA
NA
NA
NA
NA
NA
NA
NA
NA
NA
0.248
NA
0
0.44
0.525
NA
0.463
0.253
0.318
0.333
0.408
0.298
0.288
0.694
NA
NA
0.304
NA
NA
NA
0
NA
NA
NA
NA
NA
NA
NA
NA
0.209
NA
NA
0.473
NA
0.291
NA
NA
NA
NA
NA
NA
NA
NA
0.437
NA
NA
0.409
0.263
0.201
0.207
0.308
0.355
NA
NA
0.451
0.4
NA
0.478
NA
NA
0.301
0.604
0.437
0.364
0.47
0.055
NA
NA
NA
NA
NA
NA
NA
NA
NA
NA
NA
NA
NA
NA
NA
NA
NA
0.278
0.497
0.413
NA
0.383
0.483
NA
NA
NA
NA
NA
NA
NA
0.618
0.69
NA
NA
0.554
0.117
0.553
NA
0.568
0.398
0.221
NA
0.587
NA
NA
NA
NA
NA
NA
0.539
0.774
0.42
0.433
0.371
0.456
NA
NA
NA
NA
0.54
0.068
NA
0.177
0.185
NA
NA
0.207
NA
NA
0.104
0.119
NA
0.018
0.2
0.367
0.602
NA
0.49
0.506
0.4
NA
0.197
NA
0.432
0.334
0.345
0.495
NA
NA
NA
NA
0.321
0.461
0.121
0.613
0.262
0.333
0.294
NA
0.423
0.413
0.185
0.01
0.276
0.345
NA
NA
NA
NA
NA
NA
0.4
0.56
NA
0.628
0.236
0.38
NA
0.695
0.303
0.39
0.452
0.248
NA
NA
NA
NA
NA
0.645
0.588
0.3
NA
NA
0.292
0.297
0.358
0.382
NA
0.036
NA
0.013
NA
NA
NA
NA
NA
NA
NA
NA
NA
0.456
NA
NA
NA
NA
NA
0.459
0.554
NA
0.016
0
0.028
0.143
0.006
0.429
0.689
0.304
NA
0.033
0.091
0.066
NA
0.233
0.168
0.101
0
0.161
NA
NA
NA
0.52
NA
NA
NA
NA
NA
0.101
0.203
0.552
NA
0.4
NA
0.422
NA
NA
NA
NA
0
0.083
0.186
NA
0.215
0.087
NA
NA
NA
0.318
0.677
0.33
0.385
NA
0.569
NA
0.621
NA
NA
NA
NA
NA
NA
NA
0.171
NA
NA
NA
0.256
0.407
NA
NA
NA
NA
0.23
0.24
NA
0.252
0.707
0.449
NA
NA
NA
NA
0.129
NA
NA
NA
NA
NA
0.163
0.185
NA
NA
NA
NA
0.122
NA
NA
NA
NA
NA
NA
NA
NA
NA
NA
NA
NA
NA
0.13
0.293
NA
0.333
NA
0.44
0.88
0.421
0.466
NA
NA
NA
NA
NA
NA
0.077
0.253
NA
NA
0.174
0.383
NA
NA
NA
NA
NA
NA
1
NA
NA
0.291
NA
0.599
0.699
0.404
NA
0.112
NA
NA
0.406
0.447
0.521
0.309
NA
0.439
NA
0.087
0.332
0.367
0.455
NA
0.535
0.444
NA
0.38
0.528
NA
0.576
0.482
0.372
NA
0.399
0.42
NA
NA
NA
NA
NA
0.245
NA
0.198
0.388
NA
NA
NA
0.495
0.386
NA
NA
NA
NA
NA
0.287
0.162
NA
NA
NA
0.309
NA
NA
NA
NA
0.253
0.336
NA
NA
NA
NA
0
NA
0
0.286
NA
NA
0.309
NA
0.249
0.265
NA
NA
NA
0.346
0.439
NA
NA
NA
NA
NA
NA
NA
NA
NA
NA
NA
NA
NA
0.426
NA
NA
NA
NA
0.256
NA
NA
NA
0.147
0.258
NA
0.26
NA
NA
NA
NA
NA
NA
NA
NA
NA
NA
NA
NA
NA
NA
NA
NA
0.791
NA
NA
0.638
NA
NA
NA
0.273
0.371
0.516
NA
0.092
NA
0.391
0.315
NA
0.282
0.601
0.497
NA
NA
NA
NA
NA
NA
NA
0.924
NA
NA
NA
NA
NA
NA
NA
NA
NA
NA
NA
NA
NA
0.392
NA
NA
NA
NA
NA
NA
NA
NA
NA
NA
NA
NA
0.162
NA
NA
NA
0.423
NA
NA
0.389
0.324
0.667
NA
0.653
NA
NA
NA
NA
NA
NA
NA
NA
0.347
0.339
NA
NA
NA
NA
NA
NA
NA
NA
NA
NA
NA
NA
NA
NA
NA
NA
0.706
NA
0.358
NA
NA
NA
NA
NA
NA
NA
NA
NA
NA
NA
NA
NA
NA
NA
NA
0.402
NA
NA
NA
NA
NA
NA
NA
NA
NA
NA
NA
NA
NA
NA
NA
NA
NA
NA
NA
NA
NA
NA
0.35
NA
NA
NA
NA
0.863
0.479
0.431
NA
NA
0.387
NA
NA
NA
NA
0.446
NA
NA
0.232
0.214
NA
0.297
NA
NA
NA
0.454
NA
NA
0.456
NA
NA
NA
0.199
0.543
NA
NA
NA
NA
NA
NA
0.654
0.433
0.231
NA
NA
NA
0.303
NA
NA
NA
NA
NA
NA
NA
NA
NA
0.446
NA
NA
NA
NA
NA
NA
NA
NA
NA
NA
NA
NA
NA
NA
NA
NA
NA
NA
NA
NA
NA
NA
0.54
NA
NA
NA
NA
NA
NA
NA
NA
NA
NA
NA
NA
NA
NA
NA
NA
NA
NA
NA
NA
0.285
NA
0.256
0.19
0.321
NA
NA
NA
NA
NA
NA
NA
NA
NA
NA
NA
0.291
NA
NA
NA
NA
0.525
NA
NA
NA
NA
NA
NA
NA
NA
NA
NA
NA
NA
NA
NA
0.502
NA
NA
NA
NA
NA
NA
NA
NA
NA
NA
NA
NA
NA
NA
0.237
NA
NA
NA
NA
NA
NA
NA
NA
NA
NA
NA
NA
NA
NA
NA
NA
NA
NA
NA
NA
NA
NA
NA
NA
NA
NA
0.249
NA
NA
NA
NA
NA
NA
NA
NA
NA
NA
NA
NA
NA
NA
NA
NA
NA
NA
NA
NA
NA
NA
0.582
NA
NA
NA
NA
NA
NA
NA
NA
NA
NA
0.426
0.67
0.51
NA
0.499
NA
NA
NA
NA
NA
NA
0.319
NA
NA
NA
NA
NA
NA
NA
NA
NA
NA
NA
NA
NA
NA
NA
NA
NA
0.314
0.179
NA
NA
NA
NA
0.102
NA
NA
NA
0.226
NA
NA
NA
NA
NA
NA
NA
NA
NA
NA
NA
NA
NA
NA
0.269
NA
0.232
NA
NA
NA
NA
NA
NA
NA
NA
NA
NA
NA
NA
NA
0.098
0.286
NA
NA
NA
NA
NA
NA
NA
NA
NA
NA
NA
NA
NA
NA
NA
NA
NA
NA
NA
NA
0.193
NA
NA
NA
NA
NA
NA
NA
NA
NA
NA
NA
NA
NA
NA
NA
NA
NA
NA
NA
NA
NA
NA
NA
NA
NA
NA
NA
NA
NA
0.386
NA
NA
0.079
0.188
NA
0.43
NA
NA
NA
NA
NA
NA
NA
NA
NA
NA
NA
NA
NA
0.333
NA
NA
NA
NA
NA
0.429
NA
NA
NA
NA
NA
NA
NA
NA
NA
0.073
NA
NA
NA
NA
NA
NA
NA
NA
NA
NA
NA
NA
NA
NA
NA
NA
NA
NA
NA
NA
NA
NA
NA
NA
NA
NA
NA
NA
NA
NA
NA
NA
NA
NA
NA
NA
NA
NA
NA
NA
NA
NA
0.375
NA
NA
NA
NA
NA
NA
NA
NA
NA
NA
NA
NA
NA
NA
NA
0.593
0.596
NA
0.435
NA
0.549
NA
0.699
NA
0.409
NA
NA
NA
NA
NA
NA
NA
NA
0.311
0.313
0.27
NA
NA
NA
NA
NA
NA
0.346
NA
NA
NA
NA
NA
NA
NA
NA
NA
NA
NA
NA
0.252
NA
NA
NA
NA
NA
NA
NA
NA
NA
NA
NA
NA
NA
NA
NA
NA
NA
NA
NA
NA
NA
NA
NA
NA
NA
NA
NA
NA
NA
NA
NA
NA
NA
NA
NA
NA
NA
NA
NA
NA
NA
NA
NA
NA
NA
NA
NA
NA
NA
0.316
0.178
0.411
NA
NA
NA
NA
NA
NA
NA
NA
NA
NA
NA
NA
NA
NA
NA
NA
NA
NA
NA
NA
NA
NA
NA
NA
NA
NA
NA
NA
NA
NA
NA
NA
0.294
0.363
0.448
0.376
NA
NA
NA
NA
NA
NA
NA
NA
NA
NA
NA
NA
NA
NA
NA
NA
NA
NA
NA
NA
NA
NA
NA
NA
NA
NA
NA
NA
NA
NA
NA
NA
NA
NA
NA
NA
NA
NA
NA
NA
NA
NA
NA
NA
NA
NA
NA
0.827
NA
NA
NA
NA
NA
NA
NA
NA
NA
NA
NA
NA
NA
NA
NA
0.662
0.755
NA
NA
NA
NA
NA
NA
NA
NA
NA
0.047
NA
0.336
NA
NA
NA
0.139
NA
NA
NA
NA
NA
NA
NA
NA
NA
NA
NA
NA
NA
NA
NA
NA
NA
NA
NA
NA
NA
NA
NA
NA
0.932
NA
NA
NA
0.291
NA
NA
NA
0.408
NA
NA
NA
NA
NA
NA
NA
NA
NA
NA
NA
NA
NA
NA
NA
NA
NA
NA
NA
NA
NA
0.203
NA
NA
NA
0.121
NA
NA
0.248
NA
NA
NA
NA
NA
NA
NA
NA
NA
NA
NA
NA
NA
NA
NA
NA
NA
NA
0.264
0.309
0.111
0.787
0.206
NA
NA
NA
NA
NA
0.096
0.415
NA
NA
NA
NA
NA
NA
NA
NA
NA
NA
NA
NA
NA
NA
NA
0.058
0.117
0.318
NA
NA
NA
NA
NA
NA
NA
NA
NA
NA
NA
NA
NA
NA
NA
NA
0.172
0.442
NA
NA
NA
NA
NA
0.355
NA
NA
NA
NA
NA
NA
NA
NA
NA
0.43
0.454
NA
NA
0.208
0.61
NA
NA
NA
NA
0.333
NA
NA
NA
NA
NA
NA
NA
NA
NA
NA
0.466
NA
NA
0.575
0.555
NA
NA
NA
NA
NA
NA
NA
NA
NA
NA
NA
NA
NA
NA
NA
0.413
0.224
NA
NA
0.689
NA
NA
NA
NA
NA
NA
NA
NA
NA
0
NA
NA
0.171
0.462
0
NA
0.458
0.279
NA
NA
NA
0.533
NA
NA
NA
NA
NA
NA
NA
NA
NA
NA
0.179
NA
NA
NA
NA
NA
NA
0.152
NA
NA
NA
NA
NA
NA
NA
0.439
0.443
NA
NA
NA
0.216
NA
NA
NA
NA
NA
NA
0.372
0.384
NA
0.041
0.191
NA
0.427
NA
NA
0.417
NA
NA
NA
0.347
NA
0.288
0.306
0.47
NA
NA
NA
NA
NA
NA
NA
NA
NA
NA
NA
0.301
NA
NA
NA
NA
NA
NA
0.451
0.353
0.332
0.359
NA
NA
NA
NA
NA
NA
NA
NA
NA
NA
NA
NA
NA
NA
NA
NA
NA
0.575
NA
NA
NA
NA
NA
NA
NA
NA
NA
NA
NA
NA
NA
NA
NA
NA
NA
NA
0.372
NA
0.476
NA
NA
NA
0.494
NA
0.249
NA
NA
NA
NA
NA
NA
0.466
NA
NA
NA
NA
NA
0.459
0.411
NA
0.393
NA
NA
NA
NA
0.247
NA
NA
NA
0.728
NA
NA
NA
NA
NA
NA
NA
NA
NA
NA
NA
0.34
0.444
NA
NA
NA
0.407
NA
NA
NA
NA
NA
NA
NA
NA
0.326
NA
0.039
NA
0.036
NA
NA
NA
NA
NA
NA
NA
NA
NA
NA
NA
NA
0.141
NA
NA
NA
NA
NA
0.642
NA
NA
NA
0.301
NA
NA
NA
0.31
NA
NA
NA
0.259
NA
NA
NA
0.516
0.149
NA
0.298
0.325
0.353
NA
0.15
0.563
NA
NA
0.284
NA
NA
NA
NA
NA
0.386
0.375
NA
NA
0.19
NA
NA
NA
NA
NA
0.626
0.677
NA
NA
NA
NA
NA
NA
NA
0.4
NA
0.504
NA
0.262
0.505
0.503
NA
NA
NA
0.416
0.479
NA
0.438
0.29
NA
NA
0.154
NA
NA
NA
0.508
NA
NA
NA
NA
NA
NA
NA
NA
NA
NA
NA
NA
NA
0.294
NA
NA
NA
NA
NA
NA
NA
NA
NA
NA
0.362
0.237
NA
NA
NA
0.256
0.542
0.284
NA
0.141
NA
NA
0.292
NA
NA
NA
0.495
0.426
0.338
NA
NA
NA
NA
NA
NA
NA
0.594
NA
NA
0.273
NA
0.393
NA
NA
NA
NA
NA
NA
NA
NA
NA
0.218
0.731
NA
0.635
0.382
NA
NA
NA
NA
NA
0.461
0.287
NA
NA
0.227
0.426
0.377
NA
NA
NA
NA
NA
NA
0.434
1
0.528
0.467
NA
NA
0.331
0.411
NA
0.821
NA
NA
NA
0.586
1
0.127
NA
NA
NA
0.24
0.662
NA
NA
NA
0.077
NA
0.147
0.355
NA
NA
NA
NA
NA
NA
NA
0.165
0.253
0.255
NA
NA
0.228
0.154
NA
NA
0.077
NA
0.241
0.555
0.574
NA
0.43
NA
0.217
0.407
NA
0.437
NA
NA
NA
NA
0.379
NA
0.201
NA
1
NA
NA
NA
NA
NA
0.43
NA
NA
NA
NA
NA
NA
NA
NA
NA
NA
0.189
0.207
0.274
0.294
0.186
NA
NA
NA
NA
NA
NA
NA
NA
NA
NA
NA
NA
NA
NA
NA
NA
NA
0.372
0.593
NA
NA
NA
NA
0.506
0.273
0.118
0.425
0.418
0.394
0.273
NA
NA
0.23
0.722
NA
0.234
0.378
NA
NA
NA
NA
NA
NA
NA
0.288
0.308
NA
0.574
NA
NA
0.508
NA
NA
0.265
0.554
0.754
NA
NA
0.305
0.225
0.227
0.228
NA
NA
0.44
NA
0.542
NA
0.565
NA
NA
NA
NA
NA
NA
0.339
NA
0.482
NA
0.546
NA
NA
NA
NA
NA
NA
NA
NA
NA
0.332
NA
0.458
0.618
NA
0.355
0.452
0.654
0.336
NA
NA
NA
0.326
0.442
NA
NA
NA
0.156
NA
0.298
0
NA
NA
0.475
0.434
0.66
0.431
0.718
NA
0.102
NA
NA
NA
NA
NA
NA
NA
NA
0.739
0.099
0
NA
NA
NA
0.213
0.097
NA
0.414
NA
NA
NA
0.241
NA
0.366
NA
NA
NA
0.62
NA
NA
NA
NA
NA
0.186
NA
0.425
NA
0.678
NA
0.726
NA
NA
NA
NA
0.422
0.715
0.444
0.511
NA
NA
0.417
0.249
0.428
NA
NA
0.354
NA
NA
NA
NA
0.44
0.33
0.198
NA
NA
NA
NA
NA
NA
0.331
NA
0.214
0.608
0.03
NA
NA
0.378
0.435
NA
NA
0.622
0.429
NA
0.376
0.638
NA
0.775
0.798
0.246
0.451
NA
0.532
NA
NA
NA
0.273
0.47
NA
NA
0.739
NA
0.164
NA
0.535
NA
NA
NA
NA
NA
NA
NA
NA
NA
NA
NA
NA
0.326
NA
NA
NA
0.243
0.579
NA
0.434
NA
NA
0.39
NA
NA
NA
0.392
0.501
0.515
0.451
0.576
NA
NA
NA
NA
NA
NA
NA
0.301
0.353
NA
NA
0.139
0.065
NA
NA
NA
NA
NA
NA
NA
NA
NA
NA
NA
0.435
0.34
NA
NA
NA
NA
NA
0.609
NA
NA
0.092
NA
NA
0.166
0.323
NA
NA
NA
NA
NA
NA
NA
NA
0.492
0.387
NA
0.604
NA
NA
NA
NA
NA
0.121
NA
NA
NA
NA
NA
NA
NA
NA
NA
NA
NA
0.373
NA
0.295
NA
NA
0.525
0.164
NA
NA
0.236
NA
NA
NA
NA
NA
NA
NA
NA
NA
NA
0.589
0.182
NA
NA
NA
0.45
NA
NA
NA
NA
NA
NA
0.391
NA
0.466
1
NA
NA
0.155
NA
NA
NA
NA
NA
NA
NA
NA
NA
NA
NA
NA
0.296
0.158
NA
NA
0.201
0.429
NA
NA
NA
NA
NA
NA
NA
NA
NA
NA
NA
NA
0
0.657
NA
NA
NA
NA
NA
0.36
0.231
NA
0.421
NA
NA
0.232
NA
NA
NA
0.162
NA
0
0.078
NA
0.36
NA
0
NA
NA
NA
0.377
0.397
NA
NA
0.303
0.391
NA
NA
0.438
NA
NA
NA
0.315
NA
NA
NA
NA
0.611
0.321
NA
NA
NA
NA
NA
NA
NA
NA
NA
0.399
NA
0.632
NA
NA
0.364
NA
NA
NA
NA
NA
NA
NA
0.361
0.244
1
0.224
NA
NA
NA
NA
NA
NA
NA
NA
0.349
0.526
0.4
NA
0.854
NA
NA
NA
NA
0.394
NA
NA
NA
0.488
0.286
NA
NA
NA
NA
NA
NA
NA
NA
NA
NA
NA
NA
0.051
NA
NA
NA
NA
NA
0.295
NA
0.077
NA
0.391
0.333
0.477
0.498
0.275
NA
0.429
0.879
0.493
NA
NA
NA
NA
NA
NA
0.508
NA
NA
NA
NA
NA
NA
NA
0.426
NA
NA
0.395
0.335
NA
NA
NA
NA
NA
NA
NA
NA
NA
NA
NA
0.405
NA
0.478
NA
NA
NA
0.518
NA
NA
NA
NA
0.179
0.129
NA
NA
NA
0.287
NA
NA
NA
NA
NA
NA
NA
NA
NA
0.432
NA
0.328
NA
0.215
NA
0.296
0.563
0.433
NA
NA
NA
NA
NA
NA
NA
0.173
0.228
0.452
0.568
NA
0.476
NA
NA
NA
NA
NA
NA
NA
NA
NA
NA
0.453
NA
NA
NA
NA
0.219
NA
NA
NA
NA
NA
NA
NA
NA
NA
NA
0.5
0.199
NA
NA
NA
NA
NA
NA
0.432
0.34
NA
NA
NA
NA
NA
NA
NA
NA
NA
0.19
0.585
0.343
NA
NA
NA
NA
NA
NA
NA
NA
NA
NA
NA
NA
NA
NA
NA
0.302
NA
NA
NA
NA
0.64
NA
0.354
0.449
0.143
NA
NA
NA
NA
NA
NA
NA
NA
NA
NA
NA
NA
NA
NA
NA
NA
NA
NA
NA
NA
NA
NA
NA
NA
0.37
NA
NA
NA
0.337
NA
NA
NA
0.25
0.123
NA
NA
0.105
NA
0.529
NA
NA
NA
NA
NA
NA
NA
NA
NA
0.484
0.231
NA
NA
0.56
NA
NA
0.438
NA
NA
0.097
NA
NA
NA
NA
0.158
NA
NA
NA
NA
NA
0.351
NA
NA
NA
NA
NA
0.466
NA
NA
NA
NA
NA
0.216
NA
NA
0.437
NA
NA
0.502
0.334
NA
NA
0.566
0.505
0.4
0.356
NA
NA
NA
0.451
NA
NA
NA
NA
NA
0.294
NA
0.376
0.38
NA
0.248
NA
NA
NA
NA
NA
0.46
NA
0.395
NA
NA
NA
0.444
0.279
NA
0.498
NA
NA
NA
NA
0.086
NA
0.608
NA
NA
NA
NA
0.389
0.285
NA
NA
NA
0
NA
0
NA
0.221
NA
NA
NA
NA
NA
NA
NA
NA
0.611
0.601
NA
0.537
NA
0.331
NA
NA
0.17
0.242
NA
NA
NA
NA
0.271
NA
NA
NA
NA
NA
NA
NA
0.726
NA
NA
NA
NA
0.433
NA
NA
NA
NA
NA
NA
NA
NA
NA
0.506
NA
NA
NA
0.253
NA
0.421
0.313
0.476
NA
NA
0.623
NA
0.123
NA
0.106
NA
NA
0.016
0.243
NA
0.745
NA
0.259
NA
NA
NA
NA
0.33
NA
0.324
NA
NA
NA
NA
0.178
NA
NA
NA
NA
NA
NA
0.42
0.309
NA
0.342
NA
NA
NA
0.216
NA
NA
NA
0.577
NA
NA
NA
0.477
NA
NA
0.412
NA
0.631
0.411
NA
NA
