0.155
0.04
0.248
0.237
0.182
0.21
0.182
0.189
0.182
0.156
0.248
0.246
0.216
0.338
0.717
0.189
0.209
0.367
0.149
0.349
0.541
0.168
0.192
0.364
0.309
0.248
0.315
0.335
0.223
0.272
0.306
0.266
0.263
0.295
NA
NA
NA
NA
0.556
0.321
0.341
0.316
0.378
0.601
0.13
0.376
0.426
0.396
0.333
0.421
0.227
0.352
0.092
NA
0.101
0.58
NA
0.255
0.22
0.382
0.162
0.2
0.198
0.403
NA
0.036
0.328
0.492
0.29
0.124
NA
NA
NA
NA
NA
NA
NA
NA
0.314
NA
0.496
0.509
0.483
NA
0.184
0.276
0.127
0.412
0.137
0.455
0.235
0.216
0.153
0.26
0.221
0.255
0.322
0.04
0.229
0.349
0.355
0.355
0.492
0.508
0.409
0.471
0.13
0.228
0.089
0.203
0.641
0.408
NA
0.538
0.527
0.527
0.074
0.5
0.405
0.328
0.061
0.377
0.331
0.218
0.372
NA
0.513
0.299
0.542
0.304
NA
NA
0.539
0.183
0.202
0.295
0.287
0.357
0.302
0.221
0.192
0.316
0.241
0.233
0.572
0.093
0.619
0.3
0.154
0.199
0.227
0.333
NA
0.355
0.622
0.227
0.12
0.098
0.325
0.082
0.272
0.342
0.144
0.283
0.228
0.264
0.28
0.234
0.246
0.097
0.225
0.295
0.275
0.122
0.206
0.269
0.312
0.31
0.118
0.141
0.41
0.127
0.179
0.379
0.244
0.025
0.219
NA
0.376
NA
0.194
0.126
0.498
0.257
0.217
NA
NA
NA
0.465
0.401
0.412
0.273
0.613
0.439
0.442
0.375
0.265
NA
0.266
0.266
0.562
0.371
0.148
0.288
0.296
0.302
0.294
0.149
0.401
0.332
0.33
0.251
0.182
0.267
0.398
0.324
0.313
0.393
0.325
0.309
0.405
0.098
0.097
0.155
NA
NA
NA
NA
0.246
0.21
0.311
0.208
NA
NA
0.173
0.564
0.315
NA
0.207
0.749
0.207
0.207
0.207
NA
0.194
0.141
0.368
0.452
0.384
0.385
0.317
0.299
0.659
0.105
0.112
0.149
0.119
0.098
0.098
0.089
0.579
0.338
0.269
0.292
0.247
0.302
0.168
NA
0.48
0.29
0.316
0.233
0.395
0.487
0.394
NA
0.403
0.245
0.305
0.304
0.286
0.613
0.29
0.279
0.248
0.304
0.318
0.343
0.339
0.302
0.293
0.324
0.264
0.392
0.321
NA
0.259
0.221
0.389
NA
0.195
0.184
0.192
0.083
NA
NA
0.178
0.16
0.314
0.141
0.366
0.116
0.315
0.606
0.251
0.21
0.151
0.145
0.362
0.31
0.229
0.291
0.265
0.124
0.252
0.136
0.206
NA
0.103
0.29
0.29
0.036
0.216
0.2
0.103
0.271
0.201
NA
0.09
0.37
0.12
0.144
0.168
0.073
0.652
0.38
NA
0.215
0.303
0.286
0.396
0.25
0.118
NA
0.19
0.191
0.147
0.202
0.291
0.173
0.209
0.184
0.338
0.214
0.117
0.255
NA
0.148
0.079
0.261
0.319
0.252
0.2
0.574
0.271
0.04
0.212
0.402
0.214
0.211
0.178
0.256
0.218
0.282
0.517
0.367
NA
NA
0.221
0.519
0.329
0.186
0.265
0.399
0.208
0.221
0.193
0.364
0.391
0.282
0.349
0.323
0.28
0.352
0.497
0.527
0.436
0.614
NA
0.082
0.167
0.357
0.37
0.475
0.527
NA
0.453
0.178
0.184
0.172
0.218
0.315
0.278
0.209
0.176
0.1
0.58
0.199
0.167
0.194
0.185
0.065
0.311
NA
0.366
0.184
0.389
NA
0.358
0.074
0.185
0.324
NA
NA
0.354
NA
0.091
0.115
0.22
0.118
0.367
0.166
0.137
0.12
0.219
0.253
0.298
0.291
0.324
0.354
0.368
0.359
0.208
0.348
0.325
0.521
0.343
0.139
0.266
0.163
NA
0.399
0.207
0.322
0.327
0.2
NA
0.403
0.022
0.308
0.466
0.321
0.221
0.087
0.191
NA
0.31
0.33
0.462
0.568
0.139
0.555
0.272
0.353
0.194
0.211
0.194
0.482
0.489
0.205
NA
NA
0.103
0.339
0.122
NA
0.529
0.052
0.373
NA
NA
NA
0.426
0.405
0.274
0.199
0.146
0.291
0.286
0.241
0.269
0.238
0.229
0.264
0.187
0.156
0.255
0.206
0.111
0.181
0.529
0.236
0.267
0.291
0.579
0.36
0.33
0.615
0.31
0.364
0.268
0.262
0.326
0.255
0.2
0.23
0.283
0.193
0.206
0.276
NA
0.273
0.1
0.279
0.247
0.294
0.065
0.086
0.078
0.123
0.084
0.252
0.228
0.256
0.232
0.256
0.133
0.376
0.284
0.294
0.31
0.31
0.31
0.31
0.145
0.231
NA
0.289
0.316
0.081
0.095
0.081
0.076
0.112
0.318
0.235
0.21
NA
0.12
0.174
0.276
0.151
0.247
0.186
NA
NA
NA
NA
NA
NA
NA
NA
0.062
0.676
0.272
0.24
0.193
0.749
0.05
0.163
0.31
0.584
0.331
0.308
0.775
0.122
0.141
0.229
0.26
0.524
0.511
0.604
0.524
0.117
NA
0.346
0.377
0.415
0.144
0.346
0.157
0.163
0.215
0.216
0.087
0.17
0.169
NA
NA
NA
NA
NA
NA
NA
NA
NA
NA
NA
NA
NA
0.403
0.359
0.031
0.024
0.138
NA
NA
NA
NA
NA
NA
NA
NA
NA
0.566
0.321
0.559
0.345
0.256
0.241
0.24
0.189
0
0.539
0.142
0.393
0.066
0.187
0.15
0.108
0.203
0.282
0
0.04
0.146
NA
0.173
0.174
0.244
0.212
0.259
0.24
NA
NA
NA
0.29
0.362
0.362
0.257
0.18
0.404
0.524
0.476
0.242
0.276
0.284
0.191
0.293
0.266
0.245
0.274
NA
NA
0.514
0.136
0.183
0.217
0.219
0.249
0.233
0.196
0.207
0.198
0.214
0.207
0.182
0.239
0.195
0.252
0.192
0.158
0.23
0.184
0.431
0.098
0.16
0.298
0.215
0.37
0.243
0.218
0.199
0.157
0.261
0.286
0.12
0.338
0.204
0.283
0.282
0.152
0.386
0.297
0.316
0.316
0.056
0.44
NA
0.504
0.548
0.568
0.131
0.215
0.197
0.253
0.08
0.294
0.156
0.154
0.188
0.287
0.286
0.164
0.199
0.318
0.638
NA
0.167
NA
0.108
0.205
0.357
NA
NA
NA
NA
0.163
0.205
0.558
0.405
0.18
0.237
0.207
0.236
0.526
0.149
0.275
0.284
0.322
0.287
0.198
0.32
0.19
0.287
0.305
0.262
NA
NA
0.254
0.285
0.437
0.253
0
0.231
NA
0.263
0.309
0.21
0.293
NA
0.339
0.284
0.527
0.231
0.222
NA
0.511
0.604
0.604
0.524
0.258
0.647
0.268
0.259
NA
0.189
0
0.049
0.268
0.391
0.198
0.125
0.298
0.127
0.141
0.207
0.194
0.207
NA
NA
0.036
0.194
0.194
0.339
0.176
0.117
0.12
NA
0.132
0.14
0.28
0.218
0.318
0.338
0.372
0.362
0.112
NA
NA
NA
0.422
0.253
0.207
0.215
0.18
0.328
NA
0.286
0.295
0.143
0.131
0.318
0.296
0.296
0.24
0.367
0.304
0.249
0.284
0.515
0.434
0.422
NA
0.093
0.474
0.231
0.283
0.66
0.231
0.197
0.178
0.212
0.163
0.149
0.259
0.297
0
0
0
0.344
0.218
0.174
0.22
0.157
0.179
0.204
0.203
0.242
0.233
0.196
0.269
0.036
0.21
NA
0.437
NA
0.328
0.666
0.813
0.39
0.172
0.813
0.538
0.197
0.223
0.357
0.379
0.334
0.31
0.334
0.334
0.334
0.334
0.31
0.459
0.565
0.159
0.705
NA
NA
NA
NA
NA
NA
0.295
0.628
0.252
0.406
0.355
NA
0.563
0.443
0.123
0.528
0.322
0.494
0.194
0.19
0.158
0.179
0.228
0.173
0.188
0.187
0.135
0.434
0.813
0.813
NA
NA
0.813
0.252
NA
0.036
0.813
0.813
0.376
0.254
0.084
0.314
0.298
0.206
0.251
0.26
0.247
0.181
0.212
0.107
0.229
0.388
0.164
0.151
0.231
0.195
NA
NA
NA
NA
NA
NA
NA
NA
NA
0.204
0.116
0.519
NA
NA
0.151
NA
NA
NA
0.156
0.108
NA
NA
0.168
0.523
0.093
NA
0.617
0.187
0.428
0.189
0.141
0.199
0.21
0.135
0.076
NA
0.632
NA
0.302
0.455
0.258
0.198
0.163
0.25
0.207
0.237
0.226
0.487
0.087
0.34
0.471
NA
0.139
0.073
0.205
0.191
0.18
0.18
0.18
0.161
0.211
0.661
0.117
0.116
0.135
NA
0.466
0.208
0.13
0.188
0.081
0.116
0.131
0.297
0.089
0.147
0.128
NA
NA
0.21
0.103
0.224
0.084
0.169
0.158
NA
0.116
NA
0.113
0.073
0.09
0.156
0.093
0.085
0.214
0.106
0.427
0.166
0.206
0.195
0.36
0.224
0.189
0.145
0.145
NA
0.276
0.293
NA
NA
NA
NA
0.107
0.054
0.087
0
0.136
0.032
0.066
0.315
0.273
0.276
0.269
0.304
0.443
0.347
0.26
0.367
0.327
0.46
NA
0.074
0.36
0.163
0.426
0.164
0.173
0.356
0.23
NA
NA
NA
NA
NA
NA
NA
NA
NA
NA
0.16
0.284
NA
0.417
0.465
0.451
0.452
NA
0.593
NA
NA
NA
NA
NA
NA
NA
NA
0.078
NA
0.663
0.364
0.33
0.384
0.409
0.289
NA
0.261
NA
0.35
0.327
0.222
0.218
0.142
0.265
0.265
0.368
0.262
0.161
0.076
0.358
0.146
NA
NA
0.646
0.384
0.4
0.199
0.235
0.218
0.153
0.245
0.131
0.224
0.132
0.149
0.151
0.139
0.082
0.18
0.184
0.168
0.264
0.297
0.351
0.111
0.697
0.254
0.322
0.176
0.158
NA
NA
NA
0.557
0.557
0.549
0.337
0.211
0.35
0.223
0.621
0.346
0.258
0.364
0.13
NA
0.258
NA
0.353
0.234
0.163
0.256
0.017
0.089
0.745
0.551
0.619
NA
NA
NA
0.374
0.135
NA
NA
0.386
0.386
0.386
0.386
0.141
0.147
0.578
0.211
0.195
0.338
0.158
NA
0.398
0.451
0.273
0.224
0.036
NA
0.479
0.171
0.352
0.32
0.334
0.404
0.277
0.26
NA
0.132
0.242
NA
0.337
0.06
0.419
NA
0.386
0.122
0.074
0.177
0.221
0.155
NA
0.563
0.185
0.204
NA
0.184
0.269
0.213
NA
0.226
0.225
0.53
0.318
0.387
0.397
0.565
0.202
0.568
0.254
0.321
0.171
0.221
0.213
NA
0.554
0.152
0.19
0.243
0.369
0.588
0.298
0.274
0.186
0.354
0.292
0.298
0.272
0.153
0.303
0.212
0.485
0.274
0.24
0.338
0.396
0.283
0.549
0.264
0.255
0.252
0.168
0.202
0.188
0.182
NA
NA
0.486
0.154
0.195
0.192
0.176
NA
0.037
0.133
0.448
0.298
0.017
NA
NA
0.356
0.264
0.291
0.341
0.249
0.279
0.272
0.48
0.48
0.074
0.247
NA
NA
0
NA
0
0.796
0.567
0.218
0.25
0.585
0.474
0.389
0.18
0.245
0.202
0.567
0.247
0.286
0.285
0.223
0.142
0.096
0.122
NA
0.407
NA
0.293
0.245
0.146
0.44
0.452
0.244
0.569
0.278
0.267
0.312
0.588
0.135
0.154
0.049
0.132
0.113
0.337
0.112
0.134
0.047
0.168
0.167
0.204
0.23
0.139
0.516
0.305
0.298
0.307
0.362
0.323
0.597
0.108
0.077
NA
NA
NA
NA
0.11
0
0.26
NA
NA
NA
NA
NA
0.1
0.164
0.422
0.279
NA
NA
NA
NA
0.12
0.318
0.134
0.245
0.532
0.277
0.202
0.242
0.263
0.216
0.201
0.475
0.162
0.236
0.222
0.191
0.282
0.179
0.146
0.238
0.217
0.264
0.238
0.182
NA
0.175
0.31
0.282
0.163
0.294
0.258
0.144
0.321
0.237
0.306
0.161
0.282
0.304
0.312
0.31
0.203
0.23
0.307
0.156
0.268
0.165
0.166
0.305
0.284
0.136
0.112
0.148
0.232
0.182
0.229
0.213
0.284
0.217
0.168
0.25
0.148
0.386
0.641
0.243
0.243
0.431
0.312
0.276
0.323
0.407
0.366
0.565
0.366
0.147
0.111
NA
0.392
0.336
0.298
0.382
NA
0.23
0.336
0.245
0.268
0.163
0.355
0.216
0.14
NA
0.385
0.274
0.297
0.128
0.256
0.286
NA
0.326
0.222
0.244
0.189
0.205
0.308
0.089
0.146
0.085
0.125
NA
0.243
NA
0.127
0.227
NA
NA
0.113
0.132
0.202
0.187
0.085
0.183
0.102
0.093
0.097
0.088
0.182
0.206
0.686
0.322
0.196
0.04
0.338
0.4
0.37
0.154
0.379
0.082
0.121
0.117
0.309
0.517
0.038
0.19
0.405
0.518
0.041
0.545
0.545
NA
0.545
NA
0.545
0.545
0.04
NA
NA
NA
0.545
NA
0.501
0.249
0.28
0.303
0.282
0.212
0.545
0.313
NA
0.545
0.322
0.259
0.402
0.191
0.295
0.214
0.195
0.284
0.172
0.255
0.252
0.31
0.31
0.433
0.393
0.264
0.436
0.204
0.324
0.433
0.143
0.261
0.135
0.29
0.254
0.303
0.287
0.427
0.146
0.178
0.021
0.059
0.202
NA
0.563
0.342
0.546
0.265
0.272
0.726
0.157
0.714
0.303
0.13
0.609
0.19
0.492
0.239
0.231
0.376
0.306
0.251
0.361
0.283
NA
0.203
0.204
0.269
0.165
0.234
0.194
0.251
0.191
0.189
0.202
0.232
0.187
0.286
0.32
0.189
0.281
0.312
NA
0.464
0.275
0.293
0.208
0.288
0.204
0.311
0.191
0.197
0.209
0.262
0.491
0.271
0.313
0.294
0.176
0.278
0.182
0.105
0.255
0.11
0.206
0.267
0.302
0.288
0.312
0.265
0.189
0.153
0.207
0.271
0.096
0.262
0.286
0.184
0.21
0.259
0.296
0.141
0.273
0.293
0.226
0.25
0.246
0.289
0.202
0.194
0.161
0.311
NA
0.285
0.318
0.238
0.093
0.275
0.109
0.141
0.201
0.159
0.21
0.314
0.305
0.281
NA
0.211
0.133
0.168
0.342
0.253
0.134
0.257
0.136
0.308
0.232
0.101
0.209
0.292
0.126
0.265
0.287
0.164
0.101
0.25
0.233
0.194
0.157
0.281
NA
0.242
0.247
0.215
0.11
0.186
0.23
0.235
0.188
0.149
0.198
0.243
0.236
0.181
0.126
0.111
0.146
NA
0.137
0.199
0.183
0.119
0.148
0.188
0.167
0.182
0.164
0.172
NA
0.656
0.516
0.358
NA
0.201
0.277
0.22
0.537
0.214
0.228
0.172
0.084
0.501
0.507
NA
0.181
NA
0.515
NA
0.168
0.026
0.252
0.295
0.17
0.206
0.382
0.053
0.353
0.135
0.313
0.375
0.195
0.338
NA
0.58
0.273
NA
0.267
0.203
0.707
0.425
0.312
0.449
0.229
0.269
0.274
0.278
0.34
0.242
0.307
0.258
0.301
0.336
0.368
0.314
0.314
0.327
0.323
0.288
0.282
0.339
0.123
0.353
NA
0.32
0.237
0.122
0.262
0.117
0.477
0.298
0.219
NA
NA
0.172
0.197
0.168
0.163
0.048
0.309
0.334
0.088
0.152
NA
0.128
0.159
0.086
0.245
0.183
0.271
0.235
0.255
0.157
0.121
NA
0.172
0.358
0.224
0.207
0.195
0.101
NA
0.283
0.186
0.175
0.145
0.146
0.255
0.154
0.128
0.313
0.233
0.299
0.368
0.323
0.215
0.365
0.38
0.386
0.54
0.189
0.341
0.321
0.226
0.309
0.235
0.298
0.233
0.189
0.299
0.31
0.181
0.521
0.559
NA
0.453
0.46
0.144
0.062
NA
NA
NA
NA
NA
NA
NA
NA
NA
NA
NA
NA
NA
0.332
0.321
0.297
0.185
0.194
0.338
0.355
0.368
0.327
0.373
0.313
0.146
0.526
0.379
0.562
0.361
0.036
0.48
0.291
0.286
0.225
0.649
0.34
0.54
0
0.214
0.168
0.098
0.092
0.389
0.191
0.353
0.163
0.334
NA
0.277
0.251
0.301
0.294
0.13
0.281
0.291
0.715
0.492
0.358
0.501
0.681
0.252
0.277
0.283
0.439
NA
0.393
0.19
0.112
0.159
0.186
0.412
0.493
0.111
0.286
0.248
0.321
0.6
0.301
0.228
0.345
0.422
0.357
0.479
0.269
0.314
0.261
NA
0.576
0.241
0.466
0.157
0.247
0.391
NA
NA
0.336
NA
NA
NA
0.652
0.245
0.172
0.155
0.476
0.152
0.396
0.452
0.31
0.295
0.293
0.428
0.506
0.578
0.425
0.266
0.172
0.203
0.182
0.215
0.234
0.239
0.184
0.286
0.158
0.323
0.143
0.263
NA
0.177
0.154
NA
0.17
0.362
NA
0.355
0.58
0.418
0.229
NA
0.246
0.204
0.216
0.203
0.183
0.204
0.21
0.23
0.257
0.217
0.158
0.209
0.251
0.407
NA
0.223
0.23
0.205
0.237
0.194
0.168
0.238
0.223
0.146
0.291
0.183
0.412
0.603
0.266
0.337
0.319
0.332
0.265
0.312
0.346
0.276
0.285
0.332
0.243
0.302
0.295
0.231
0.231
0.351
0.251
0.203
0.277
0.323
0.314
0.29
0.455
0.291
0.335
NA
0.198
0.204
0.301
0.269
0.254
0.344
0.231
0.186
0.664
0.213
0.19
0.297
0.413
0.322
0.314
0.542
0.336
0.194
0.138
NA
0.174
0.186
0.209
0.111
0.183
0.178
0.246
0.036
0.036
0.298
0.241
0.205
0.3
0.171
0.168
0.259
0.291
0.266
0.31
0.274
0.509
0.248
NA
NA
0.4
0.3
0.321
0.167
0.296
0.409
NA
0.687
0.659
0.261
0.609
0.245
0.246
0.287
0.292
0.295
0.201
0.243
0.297
0.27
0.328
NA
NA
0.148
0.202
0.174
0.191
0.388
0.241
0.281
0.193
NA
NA
NA
NA
NA
NA
NA
NA
0.194
0.113
0.079
0.077
0.14
0.189
0.038
0.448
0.195
NA
0.216
0.074
0.437
0.136
0.153
0.162
0.173
0.119
0.199
0.225
0.233
0.082
0.16
0.168
0.275
0.242
0.143
0.124
NA
0.141
0.174
NA
0.098
0.238
0.123
0.662
0.313
0.709
0.27
0.226
0.153
NA
NA
NA
NA
NA
0.491
0.244
0.228
0.349
NA
0.436
NA
0.396
0.415
0.482
0.272
0.405
0.428
0.206
0.239
0.571
0.19
0.178
0.462
0.04
0.305
0.28
0.328
0.327
0.558
0.41
0.232
0.314
0.329
0.3
0.34
0.315
0.244
0.238
0.141
0.233
NA
0.152
0.572
0.141
0.288
0.141
0.138
0.317
0.132
0.255
0.266
0.243
0.112
NA
0.401
0.098
0.348
0.312
0.383
0.579
0.157
0.125
0.096
0.352
0.309
0.388
0.221
0.113
0.518
0.456
0.291
0.262
0.282
0.226
0.409
0.257
0.234
0.237
0.227
0.292
0.306
0.164
0.294
0.238
0.437
0
0.386
0.334
0.241
0.191
0.295
0.166
0.061
0.574
NA
NA
0.498
0.436
0.226
0.232
0.174
NA
0.125
0.254
0.262
0.243
0.216
0.283
0.097
0.215
0.197
0.146
NA
0.205
NA
NA
0.22
0.106
0.236
0.21
0.226
0.307
0.371
0.33
0.218
0.176
0.185
0.177
0.169
0.178
0.28
0.246
0.232
0.22
0.235
0.207
0.295
NA
0.65
0.65
NA
NA
NA
NA
NA
0.103
0.375
0.418
0.393
0.38
0.24
0.332
0.328
0.32
NA
0.276
0.341
0.348
0.472
0.406
0.426
0.389
0.348
0.442
0.236
0.278
0.51
0.365
0.401
0.072
0.167
0.236
0.158
0.254
0.427
0.346
0.312
0.579
NA
NA
NA
0.102
0.355
0.212
0.25
0.318
0.33
0.323
0.182
0.315
0.406
0.542
0.357
0.214
0.241
0.383
NA
0.267
0.293
0.408
0.289
0.266
0.384
0.313
0.244
0.384
0.207
0.468
0.356
0.369
0.37
0.346
0.095
0.281
0.299
0.281
0.312
0.269
0.236
0.233
0.257
0.2
0.523
NA
NA
NA
NA
NA
0.311
0.289
0.182
0.213
0.543
0.394
0.358
0.329
0.339
0.336
0.328
0.266
0.227
0.301
0.333
0.241
0.118
0.134
0.111
0.1
NA
0.12
0.142
0.041
0.305
NA
NA
NA
NA
NA
NA
NA
NA
0.19
0.229
0.334
0.153
0.293
0.046
0.567
0.182
0.281
0.653
0.157
0.392
0.083
0.074
0.159
0.162
0.116
0.098
0.144
0.047
0.177
0.354
0.576
0.169
0.249
0.32
0.18
0.136
NA
0.245
NA
0.18
0.189
0.313
0.167
0.359
0.187
0.411
0.178
0.405
0.332
0.074
0.217
0.309
0.571
0.241
0.136
0.186
0.182
0.208
0.231
0.201
0.181
0.204
0.709
0.397
0.082
0.276
0.188
0.233
0.272
NA
0.523
0.659
0.312
NA
0.298
0.289
0.325
0.435
0.475
0.695
0.368
0.445
0.443
0.297
0.32
NA
0.179
0.173
0.274
0.232
0.212
0.191
0.195
0.212
0.185
0.219
0.392
0.573
0.361
0.196
0.269
0.226
0.183
0.403
0.481
0.558
0.233
0.173
0.368
0.256
0.094
0.688
0.217
0.219
NA
0.321
0.639
0.203
0.3
0.435
NA
0.668
0.151
0.641
0.599
0.716
0.5
0.182
0.294
0.354
0.434
0.217
0.182
0.122
0.243
0.182
0.108
0.161
0.162
0.148
0.112
0.508
0.211
0.21
0.326
0.335
0.326
0.24
0.452
0.036
0.227
0.202
0.277
0.293
0.319
0.582
0.361
0.425
0.601
0.348
0.273
0.341
0.325
0.553
0.151
NA
NA
NA
NA
0.215
0.152
0.347
0.276
0.293
0.587
0.316
0.225
0.323
0.36
0.235
0.286
0.465
0.562
0.254
0.181
0.414
0.159
0.434
0.344
0.264
0.305
0.377
0.336
0.287
0.374
0.147
0.596
0.217
0.403
0.254
0.221
0.319
0.222
0.107
0.302
0.298
0.152
0.25
0.206
0.172
0.198
0.236
0.232
0.205
0.238
0.494
0.272
0.258
0.252
NA
0.154
0.131
0.296
0.215
0.28
0.263
0.253
0.209
0.285
0.237
0.203
0.242
0.252
0.238
0.221
0.28
0.243
0.263
0.212
0.258
0.533
0.33
0.154
0.224
0.239
0.554
0.398
0.21
0.185
0.214
0.256
0.267
0.491
0.33
0.399
0.185
0.241
0.41
0.607
0.433
0.505
0.204
0.228
0.312
0.317
0.386
0.14
0.569
0.424
0.28
0.206
0.46
0.074
0.24
NA
0.376
0.506
0.326
0.243
0.104
0.337
0.355
0.373
0.102
NA
0.366
0.101
0.215
0.421
0.591
0.176
0.241
0.501
0.218
0.236
0.168
0.196
0.355
0.408
0.6
0.095
0.339
0.276
0.088
0.358
0.46
0.211
0.226
0.24
0.241
0.223
0.082
0.112
0.182
0.335
0.583
0.339
0.598
0.211
0.205
0.522
0.572
0.041
0.147
0.064
0.221
0.334
NA
0.207
0.487
0.284
0.117
0.221
0.265
0.321
0.31
0.29
0.273
0.266
0.435
0.283
0.517
0.29
0.304
0.196
0.258
0.271
0.334
0.253
0.287
0.412
0.151
0.19
0.356
0.177
0.337
0.421
0.234
0.181
0.348
0.573
0.176
0.299
0.355
0.251
NA
0.317
0.338
0.269
0.285
0.358
0.251
0.287
0.264
0.341
0.352
0.414
0.642
0.348
0.368
0.336
0.231
0.311
0.367
0.241
0.079
0.23
0.424
0.353
0.243
0.309
0.289
0.186
0.45
NA
0.556
0.428
0.08
0.305
0.409
0.421
0.29
0.315
0.304
0.203
0.256
0.289
0.437
0.423
0.225
0.277
0.055
0.185
0.095
0.584
0.39
0.097
0.184
0.39
NA
0.203
0.25
0.297
0.33
0.483
0.205
0.385
0.457
0.357
0.461
0.476
0.481
0.255
0.533
0.583
0.589
0.476
0.053
0.355
0.202
0.229
0.245
0.132
0.184
0.177
0.528
0.148
0.318
0.525
0.325
0.172
0.533
0.207
0.318
0.525
0.525
0.61
0.048
0.244
0.2
0.237
0.238
0.325
0.236
0.238
0.63
0.355
0.103
0.204
0.246
0.519
0.108
0.456
0.478
0.422
0.064
0.14
NA
0.148
0.077
0.067
0.076
0.118
0.082
0.155
0.365
0.444
0.193
0.155
0.238
0.175
0.255
0.384
0.592
NA
0.364
0.291
0.327
0.611
0.415
0.111
NA
0.429
0.094
0
0.581
0.307
NA
0.388
0.245
0.33
0.32
0.41
0.306
0.574
0.34
0.325
0.391
0.34
0.156
0.19
0.403
0.519
NA
0.547
0.083
0.251
NA
0.077
0.1
0.275
0.181
0.163
0.248
0.171
0.561
0.354
0.34
0.157
0.083
0.354
0.213
0.232
0.062
0.19
0.074
0.184
0.202
0.55
0.117
0.228
0.184
0.205
0.186
0.178
0.171
NA
0.116
0.027
0.133
NA
NA
0.147
0.375
0.237
0.194
0.178
0.188
0.053
0.264
0.213
0.169
0.082
0.068
0.2
NA
0.178
0.452
0.19
NA
0.229
NA
NA
0.353
0.297
NA
0.103
0.294
NA
0.267
0.185
0.145
0.286
0.18
0.226
NA
0.235
0.165
0.173
0.19
NA
NA
0.228
0.331
0.271
0.284
0.129
0.286
NA
NA
0.14
0.19
0.116
0.344
0.232
0.276
0.283
0.325
0.036
0.196
0.372
0.202
0.087
0.45
0.539
0.271
0.265
NA
0.187
0.379
0.367
0.267
0.228
0.485
0.206
0.245
0.137
0.183
0.097
0.182
NA
0.04
0.16
0.062
0.059
0.084
0.145
0.335
0.454
0.452
0.04
0
0.199
0.555
0.072
0.611
0.356
0.318
0.331
0.38
0.308
0.222
0.321
0.245
0.087
0.193
0.203
0.25
NA
0.441
0.245
NA
0.609
0.257
0.201
0.198
0.284
0.122
NA
NA
NA
0.1
0.07
0.15
0.147
0.129
0.45
0.049
0.036
0.26
0
NA
0.289
0.301
NA
NA
0.344
0.409
0.263
NA
0.38
0.427
0.197
0.254
0.406
0.321
0.49
0.31
0.284
0.245
0.036
0.295
0.207
0.308
0.135
0.238
0.304
0.302
0.565
0.29
0.069
0.159
0.198
0.403
0.403
0.153
0.211
0.656
0.129
0.289
0.227
0.211
0.174
0.135
NA
0.327
0.252
0.217
0.187
0.186
0.256
0.336
NA
NA
0.106
0.265
0.475
0.189
0.081
0.112
0.071
0.342
0.032
0.146
0.679
0.446
0.192
0.297
0.075
0.545
0.282
0.272
0.266
0.257
NA
0.645
0.302
NA
0.306
0.208
0.522
0.603
0.243
0.266
0.332
0.253
0.365
0.166
0.153
0.293
0.232
0.276
0.251
0.063
0.365
0.204
0.405
0.591
0.255
0.368
0.336
NA
0.4
0.23
0.134
0.395
0.36
0.341
0.217
NA
0.356
0.188
NA
NA
NA
NA
NA
NA
NA
NA
NA
NA
NA
NA
0.179
0.112
0.189
0.315
0.31
0.178
0.093
0.199
0.23
0.187
NA
0.361
0.156
0.211
0.276
NA
0.208
0.168
0.249
0.571
0.338
0.377
0.289
0.193
NA
0.248
0.234
0.26
0.2
NA
0.197
0.274
0.15
0.153
0.074
0.184
0.209
0.232
0.143
0.209
0.344
0.16
0.379
0.104
0.098
0.297
0.331
0.283
0.24
0.312
0.26
0.196
0.31
0.235
0.339
0.272
0.185
0.331
0.152
0.595
0.443
0.302
0.33
0.217
NA
0.211
0.214
0.414
0.262
0.229
0.093
0.263
0.26
0.197
0.24
NA
0.18
0.232
0.289
0.233
0.239
0.417
0.362
0.161
0.287
0.202
0.235
0.097
0.071
NA
0.266
NA
0.158
0.13
0.334
0.263
0.197
0.179
0.237
NA
0.251
0.122
0.255
0.118
0.235
0.294
0.374
0.162
0.376
0.3
0.269
0.273
0.27
0.363
0.245
0.29
0.283
NA
0.312
0.173
0.302
0.364
0.326
0.267
0.403
0.545
0.439
0.31
0.296
0.3
0.361
NA
0.083
0.179
0.21
0.356
0.323
0.292
0.335
0.345
0.165
0.19
0.264
0.241
0.228
0.198
0.373
0.288
0.153
0.057
0.166
NA
0.249
NA
0.302
NA
NA
0.238
0.293
0.289
0.128
0.294
0.251
0.274
0.274
0.245
0.196
0.18
0.226
0.267
0.25
0.274
0.343
0.279
0.29
NA
0.295
NA
0.276
0.298
0.354
0.347
0.552
0.31
0.315
0.319
0.279
0.143
0.259
0.323
NA
0.379
0.383
0.159
0.183
0.206
0.374
0.339
0.301
NA
0.229
0.211
0.202
0.118
0.298
0.413
0.288
0.203
0.291
0.243
0.19
0.197
0.485
0.344
NA
0.159
0.105
0.188
0.223
0.295
0.169
0.124
0.263
NA
0.316
NA
0.383
0.306
NA
NA
0.393
0.609
0.245
0.219
0.385
0.355
0.122
0.351
0.26
0.31
0.31
0.31
0.31
0.249
0.291
0.28
0.274
0.286
0.036
0.322
0.425
0.096
0.343
NA
NA
NA
NA
NA
NA
NA
NA
NA
NA
NA
NA
NA
NA
NA
NA
NA
NA
NA
NA
NA
NA
NA
NA
NA
0.124
0.063
0.151
0.561
0.625
0.252
0.036
0.294
0.252
0.036
0.036
0.162
0.418
0.289
0.449
0.31
0.191
0.122
0.194
0.175
0.39
0.374
0.615
0.27
0.235
0.175
0.22
0.073
0.112
0.181
0.206
NA
NA
0.167
0.178
0.15
0.585
0.16
0.177
0.266
0.453
0.343
0.43
0.157
0.061
0.626
0.243
0.328
0.359
0.439
0.303
0.187
0.302
0.505
0.243
0.204
0.146
0.505
0.505
0.505
0.348
0.164
0.505
0.099
0.381
0.505
0.103
0.165
NA
NA
0.233
0.201
0.174
0.08
0.393
0.181
0.58
0.197
0
NA
0.141
NA
0.227
NA
NA
0.244
0.162
NA
NA
NA
NA
NA
0.124
0.129
0.161
0.179
0.119
0.219
0.504
0.16
0.309
0.385
0.492
0.189
0.067
0.188
0.177
0.39
0.265
0.297
0.203
0.276
0.26
0.314
0.38
0.339
0.263
0.294
0.212
0.163
0.319
0.246
0.363
0.299
0.296
0.187
0.205
0.281
1
0.577
0.177
NA
0.637
0.178
0.18
0.228
0.226
0.492
0.231
NA
0.62
0.181
0.343
0.181
0.62
0.181
0.231
NA
0.181
0.399
0.209
0.498
0.373
0.191
NA
0.151
NA
0.32
0.209
0.306
0.561
0.292
0.397
0.293
0.367
0.313
0.272
0.298
0.22
0.078
0.195
0.313
0.185
0.075
0.146
0.146
0.04
0.146
0.04
0.146
0.567
0.146
0.146
0.567
0.146
0.146
0.04
0.04
0.04
0.567
0.567
0.567
0.567
0.146
0.187
0.239
0.227
0.398
0.535
0.278
0.305
0.164
0.283
NA
0.188
0.288
0.46
0.46
0.162
NA
0.278
0.175
0.496
0.168
0.177
0.361
0.036
0.554
0.323
0.377
0.14
0.588
0.219
0.373
NA
0.222
0.093
0.121
0.595
0.04
0.238
0.514
NA
0.31
NA
0.31
0.31
NA
0.562
0.337
0.25
0.12
0.178
0.099
0.053
0.188
0.488
0.186
0.329
0.219
0.235
0.227
0.254
0.393
0.428
0.266
0.274
0.281
0.319
0.256
0.201
0.196
0.166
0.252
0.251
0.26
0.658
0.157
0.183
0.313
0.285
0.067
0.087
0.101
0.364
0.113
0.21
0.257
0.169
0.313
0.113
0.139
0.253
0.137
0.21
0.448
0.119
0.566
0.288
0.151
0.255
0.196
0.436
0.386
0.118
0.256
0.28
0.183
0.196
0.183
0.029
0.146
0.075
0.236
0.228
0.31
0.342
NA
0.152
0.146
0.504
0.18
NA
0.054
0.517
0.182
0.171
0.155
NA
0.136
0.098
0.413
0.452
0.243
0.354
0.194
0.882
0.274
0.727
0.356
0.124
0.479
0.04
0.14
0.192
0.192
0.293
0.549
NA
0.249
0.219
0.482
0.254
0.289
0.233
0.259
0.168
0.25
0.581
0.559
0.169
0.196
0.216
0.264
0.259
0.151
0.632
0.202
0.021
0.168
0.192
0.167
0.162
0.241
0.234
0.116
0.187
0.217
0.317
0.288
0.304
0.19
0.514
0.03
0.193
0.54
NA
0.308
0.486
0.048
0.578
0.557
0.436
0.165
0.15
0.186
0.131
0.131
0.153
0.461
0.144
0.036
0.312
0.153
0.31
0.22
0.297
0.245
0.188
0.138
0.185
0.429
0.294
0.298
0.16
0.354
0.337
0.221
0.233
0.48
0.257
0.575
0.449
0.411
0.128
0.231
0.444
0.231
0.197
0.178
0.259
0.577
0.39
0.472
0.215
0.065
0.163
0.111
0.373
0.203
0.318
0.227
0.245
0.272
0.122
0.229
0.703
0.237
0.168
NA
0.189
0.309
0.233
0.154
0.111
0.238
0.143
0.565
0.266
0.245
0.21
0.027
NA
0.185
0.365
0.305
0.174
0.232
0.327
0.422
0.176
0.284
0.224
0.491
0.35
0.196
NA
0.163
0.173
0.194
0.194
0.04
0.282
0.282
NA
NA
0.181
0.399
0.119
0.109
0.182
0.419
0.121
0.081
0.298
0.483
0.322
0.251
0.355
0.353
0.402
0.626
0.373
0.155
0.341
0.395
0.235
0.366
0.389
0.292
NA
0.262
0.077
0.388
0.331
0.191
0.156
0.27
0.268
0.676
0.181
0.181
0.181
0.147
NA
NA
NA
NA
NA
NA
NA
NA
NA
NA
0.14
0.228
0.168
0.175
0.144
0.192
0.147
0.155
0.443
0.174
NA
0.036
0.213
0.086
0.212
0.13
NA
0.41
0.217
0.234
0.515
0.746
0.218
0.173
0.238
0.161
0.21
0.217
0.225
0.436
0.426
0.592
0.087
0.198
0.152
0.085
0.082
0.469
0.421
0.381
0.596
0.237
0.32
0.262
0.295
0.313
0.683
0.228
0.173
0.398
NA
0.225
0.334
0.311
0.276
0.173
0.318
0.358
0.122
0.301
0.227
0.227
0.273
0.227
0.28
0.134
NA
0.174
0.27
NA
0.437
0.437
NA
0.203
0.206
0.371
0.31
0.184
0.606
0.463
0.519
0.357
0.351
0.32
NA
0.438
0.288
0.255
0.284
0.293
0.194
0.542
0.405
0.401
0.463
0.188
0.296
0.439
0.226
0.226
0.208
0.165
0.174
0.069
0.232
0.171
0.116
0.307
NA
0.277
0.286
0.119
0.514
0.393
0.2
0.284
0.244
0.326
0.275
0.334
0.293
0.294
0.121
0.613
0.282
0.076
0.18
NA
NA
NA
NA
NA
0.225
NA
0.182
0.27
0.307
0.191
0.189
0.207
0.357
0.252
0.293
0.346
0.482
0.149
0.277
0.251
0.327
0.209
0.217
0.203
0.438
0.285
0.698
0.124
0.145
0.148
0.195
0.189
0.317
0.255
0.282
0.53
0.239
0.189
0.074
0.13
0.144
0.142
0.081
0.446
0.274
0.117
0.244
0.201
0.231
0.196
0.109
0.193
0.312
0.182
0.454
0.091
0.749
0.118
0.138
0.121
0.623
0.328
0.223
0.643
0.235
0.617
0.165
0.681
0.332
NA
0.257
0.646
0.202
NA
0.43
0.424
0.303
NA
0.221
0.334
0.598
0.129
0.432
0.213
0.157
0.35
0.38
0.553
0.3
0.299
0.29
0.458
0.346
0.338
0.359
0.194
0.234
0.21
0.306
0.297
0.182
0.182
0.04
0.182
NA
NA
NA
NA
NA
NA
NA
0.447
0.441
0.189
0.478
0.373
NA
NA
0.497
NA
0.406
0.579
0.224
0.373
0.181
0.194
0.146
0.313
0.305
0.263
0.287
0.238
0.218
0.283
0.3
NA
0.319
0.384
0.242
0.092
0.309
0.27
0.307
0.221
0.362
NA
0.222
NA
0.115
0.155
0.168
0.261
0.142
0.339
0.137
0.099
0.223
0.571
0.108
0.182
0.253
0.346
0.082
0.253
0.422
0.269
0.531
0.089
0.113
0.108
0.192
0.215
0.284
0.153
0.074
0.14
0.245
0.595
0.318
0.196
NA
0.134
0.614
0.155
0.341
0.097
0.107
0.118
NA
0.318
0.334
0.204
0.025
NA
0
0.453
0.473
0.182
0.586
0.548
0.19
0.27
0.103
0.182
0.159
0.289
0.13
0.194
0.318
0.376
0.176
0.487
0.36
NA
0.205
0.118
0.322
NA
0.303
0.132
NA
0.541
0.16
0.152
0.257
0.29
0.214
0.18
0.408
0.106
NA
NA
NA
NA
NA
NA
0.303
0.181
0.442
0.236
0.187
0.089
0.19
0.206
0.306
0.401
0.213
0.174
0.177
0.341
0.12
0.194
0.813
NA
0.376
0.813
0.252
0.036
0.813
0.813
0.192
NA
0.351
0.1
0.586
0.046
0.307
NA
0.17
0.214
0.157
0.257
0.258
0.195
0.158
0.219
NA
0.171
0.131
0.161
0.382
NA
0.352
0.352
0.393
0.31
0.215
0.204
0.426
0.163
NA
0.426
0.142
NA
NA
NA
NA
NA
NA
NA
NA
NA
0.114
0.15
0.102
NA
0.118
0.278
0.357
0.129
NA
0.08
NA
0.212
0.215
0.181
0.181
0.25
0
NA
0.33
0.338
0.207
0.469
0.048
NA
0.031
0.36
0.242
NA
0.691
0.174
0.292
0.121
0.214
0.298
0.272
0.228
0.354
0.547
0.266
0.299
0.054
0.181
NA
0.578
0.267
0.419
0.091
0.338
0.448
0.118
0.361
0.296
0.315
0.337
0.326
0.515
0.391
0.632
0.516
0.33
0.509
0.512
0.197
0.3
0.358
0.501
0.443
0.379
0.417
0.099
0.794
0.058
0
0.032
0.442
0.453
0.463
0.254
0.33
0.352
0.133
0.107
0.605
0.358
0.611
0.207
0.387
0.294
0.229
0.23
0.131
0.17
0.154
0.44
0.152
0.319
NA
0.235
0.351
0.036
0.048
0.453
NA
NA
NA
NA
NA
NA
0.216
0.247
0.43
NA
NA
NA
NA
NA
0.528
0.134
0.113
0.106
0.135
0
0.414
NA
0.123
0.386
0.386
0.266
0.386
0.266
0.188
0.04
0.548
0.341
0.55
0.313
0.349
0.655
0.693
0.036
NA
0.137
0.183
0.469
0.097
0.316
0.304
0.304
0.294
0.286
NA
NA
0.594
0.382
0.668
0.428
0.499
0.255
0.713
0.33
0.676
0.277
0.436
0.366
0.732
0.23
0.266
0.252
0.036
0.252
0.196
0.252
NA
NA
0.196
0.036
0.252
0.036
0.036
0.182
0.182
0.182
0.123
NA
0.581
0.181
0.369
0.629
NA
0.584
0.238
0.06
NA
0.048
0.231
0.177
0.306
0.29
0.414
0.623
0.484
0.515
0.416
0.349
0.368
0.624
0.506
0.393
0.222
0.246
0.165
0.103
0.115
0.139
0.53
0.758
0.288
0.331
NA
0.303
0.201
0.252
0.187
0.134
0.205
0.179
0.21
0.212
0.24
0.063
NA
0.182
0.308
0.184
0.198
0.361
0.036
0.329
0.416
0.271
0.211
0.643
0.137
0.374
0.372
0.405
0.331
0.362
0.227
0.256
0.173
0.265
0.285
0.526
0.526
0.524
0.167
0.577
NA
0.294
0.526
0.396
0.253
0.34
0.219
0.582
0.326
0.324
0.318
0.546
0.813
0.813
0.15
0.261
NA
0.319
0.321
0.365
0.295
0.272
0.348
0.536
0.344
0.415
0.393
0.325
0.294
0.187
0.39
0.345
0.336
0.31
0.226
0.278
NA
0.316
0.309
NA
NA
NA
NA
NA
0.197
0.287
0.391
0.295
0.31
0.227
0.285
0.352
0.304
0.31
0.442
0.257
0.24
0.244
0.356
0.268
0.21
0.215
0.285
0.252
0.561
0.247
0.284
0.22
0.283
0.221
0.081
0.589
0.268
0.074
NA
NA
NA
NA
NA
NA
NA
0.412
0.206
NA
NA
0.399
0.472
0.213
0.232
0.535
0.472
0.596
0.744
0.36
0.418
0.081
0.226
0.4
0.699
0.484
0.595
0.306
NA
0.123
0.177
0.226
0.117
0.341
0.404
0.404
0.03
0.248
0.079
NA
0.194
0.234
0.254
0.309
NA
0.136
0.126
NA
0.124
0.133
0.262
NA
0.093
NA
0.522
0.119
0.247
0.115
0.278
0.16
0.194
0.339
0.212
0.154
0.164
0.246
0.218
0.242
0.198
0.141
0.252
0.171
0.466
0.473
0.498
0.258
0.581
0.246
0.255
0.519
0.305
0.214
0.201
0.242
0.292
0.196
0.436
0.49
0.352
0.522
0.214
NA
0.132
0.348
0.089
NA
0.036
0.156
0.21
0.244
0.271
0.167
0.149
0.124
0.219
0.185
0.154
0.557
0.253
0.235
0.281
0.212
0.303
0.438
0.385
0.376
0.197
0.199
0.167
0.288
0.202
0.117
0.318
NA
0.325
0.278
0.361
0.331
0.572
0.411
0.331
0.257
0.323
0.348
0.382
0.245
0.187
0.147
0.327
0.285
0.239
0.369
0.17
0.275
0.24
0.224
0.218
0.362
0.195
0.243
0.19
0.271
0.471
0.271
0.346
0.378
0.448
0.566
0.281
0.266
0.318
0.274
0.315
NA
0.24
0.06
0.237
NA
NA
0.135
0.17
0.316
0.325
0.318
0.281
0.19
0.256
0.258
0.329
0.244
0.383
0.274
0.326
0.254
0.254
0.314
0.316
0.122
0.288
0.268
0.354
0.345
0.289
0.361
0.194
0.163
0.08
0.243
0.168
0.206
0.222
0.024
0.086
0.112
0.011
0.689
0.248
NA
NA
NA
0.335
0.258
0.248
0.626
0.529
0.165
0.21
0.238
0.255
NA
0.226
0.18
0.058
0.104
0.117
0.061
0.19
0.277
0.381
0.245
0.338
0.339
0.329
0.324
0.337
0.309
NA
0.211
0.211
0
0.348
0.252
0.26
0.532
NA
0.345
0.369
0.287
0.539
0.258
0.1
0.24
NA
0.108
0.557
0.19
0.345
0.321
0.218
0.418
0.146
0.281
0.254
0.188
0.123
0.578
0.266
0.163
NA
0.123
0.256
0.441
0.637
0.194
0.258
0.247
0.266
0.389
0.353
0.353
0.353
0.353
0.353
0.342
0.407
0.335
0.29
NA
0.253
0.316
0.168
0.37
0.185
0.218
0.303
0.434
0.491
0.731
0.378
0.141
0.194
0.171
0.325
0.469
0.276
0.128
0.505
0.219
0.239
0.098
0.184
0.639
0.316
0.336
0.355
0.377
0.609
0.293
0.466
NA
0.125
0.092
0.097
0.154
0.089
0.085
0.085
0.631
0.064
0.26
0.207
0.467
0.096
0.018
0.411
0.398
0.168
0.288
0.466
0.284
0.131
NA
0.106
0.127
0.382
0.217
0.282
0.307
0.248
0.28
0.282
NA
0.373
0.135
NA
0.469
0.594
0.179
0.307
0.537
0.546
0.598
0.251
0.24
0.304
0.348
0.273
0.241
0.19
0.49
0.454
0.495
0.449
0.266
0.217
0.205
0.175
0.303
0.499
0.454
0.584
0.53
0.447
0.447
0.295
0.562
0.58
0.454
0.557
0.286
0.363
0.214
0.454
0.459
0.451
0.454
0.559
0.559
0.559
0.566
0.227
0.256
0.222
0.417
0.282
0.223
NA
NA
NA
0.427
0.166
0.145
0.196
0.074
0.745
NA
0.036
0.128
0.633
0.354
0.308
0.233
0.321
0.166
0.233
0.284
0.185
0.47
0.279
0.235
0.241
0.401
0.202
0.351
0.335
0.286
0.284
0.31
0.414
0
0.036
0.561
0.275
0.194
0.627
NA
0.093
0.053
0.244
0.174
0.184
0.182
0.414
NA
0.408
0.103
0.103
NA
NA
NA
0.137
0.103
0.759
NA
NA
0.214
0.217
0.627
0.261
0.302
0.196
NA
0.487
0.286
0.202
0.179
0.208
0.245
0.282
0.315
0.254
0.379
0.344
0.314
0.309
0.29
0.253
0.302
0.559
0.265
0.308
0.259
0.27
0.4
0.681
0.142
0.173
0.148
0.457
0.276
0.256
0.299
NA
NA
NA
NA
NA
0.198
NA
NA
NA
NA
NA
0.276
0.249
0.292
0.186
NA
0.313
0.259
0.301
NA
0.375
0.175
0.245
0.237
0.229
0.269
NA
NA
NA
0.107
0.249
0.342
0.384
0.158
0.31
0.316
0.176
0.209
0.239
0.148
0.345
NA
0.032
0.259
0.237
0.636
NA
NA
0.168
0.64
NA
0.296
NA
NA
NA
NA
NA
0.567
0.122
NA
0.209
0.244
0.257
0.23
0.137
0.355
NA
NA
0.546
NA
NA
NA
0.227
0.183
0.218
NA
NA
NA
NA
NA
NA
NA
NA
NA
NA
NA
NA
NA
NA
NA
NA
NA
0.118
0.183
0.183
0.127
0.413
0.196
0.389
0.254
0.221
0.172
0.138
NA
0.241
0.237
0.349
0.2
0.261
0.237
0.272
0.288
0.199
0.323
0.343
0.176
0.253
0.07
0.126
0.304
0.2
0.299
0.191
0.131
0.464
0.29
0.223
0.249
0.162
0.171
0.188
0.215
0.319
0.077
0.276
0.174
0.14
0.121
0.219
0.167
0.151
0.228
0.211
0.061
0.124
0.162
0.218
0.09
0.183
0.219
0.107
0.196
0.284
0.061
0.14
NA
NA
0.644
0.159
0.187
0.146
0.25
NA
NA
0.321
0.095
0.254
NA
NA
NA
NA
0.188
NA
0.253
0.198
0.332
0.283
NA
0.155
NA
0.276
NA
0.197
0.194
0.18
NA
0.342
0.2
0.249
0.358
0.27
0.125
NA
0.074
0.103
0.39
0.32
0.31
0.781
0.337
NA
0.169
0.223
0.099
0.047
NA
NA
NA
0.185
0.257
0.139
0.327
0.367
0.217
0.155
NA
0.486
0.163
0.812
0.295
NA
0.267
0.192
0.377
0.174
0.239
0.193
NA
NA
0.279
0.323
0.262
0.183
0.193
0.197
0.256
0.251
0.182
0.299
0.187
0.277
0.164
0.208
NA
0.264
0.196
0.172
0.269
0.192
0.337
0.238
0.281
0.342
0.135
0.25
0.15
NA
0.228
0.142
0.116
0.182
0.15
0.153
0.372
0.138
0.288
0.145
0.28
0.17
0.193
0.143
0.143
0.338
0.315
0.293
0.181
0.119
0.215
0.203
0.146
0.142
0.212
0.18
0.236
0.311
0.368
0.16
0.281
0.328
0.385
0.185
0.203
0.122
0.317
0.377
0.338
0.071
0.22
0.346
0.174
0.217
0.247
0.442
0.093
0.271
0.387
0.135
0.241
0.181
0.338
0.259
0.303
0.155
0.141
NA
0.074
0.188
0.209
0.142
0.254
0.2
0.163
0.122
0.162
0.245
NA
0.122
0.141
NA
0.083
0.493
0.054
0.133
0.263
0.262
0.346
0.391
NA
0.108
0.558
0.246
NA
0.128
0.414
0.414
0.327
0.072
0.04
0.304
0.311
0.344
0.332
0.051
NA
0.04
0.519
0.16
0.442
NA
0.152
0.172
0.261
0.324
0.259
0.155
0.272
0.378
0.342
0.127
0.504
0.421
0.184
0.278
0.329
0.25
0.19
0.504
0.342
0.301
0.282
0.602
0.101
0.302
0.283
0.515
NA
0.151
0.158
0.155
0.496
NA
0.205
0.199
NA
0.242
0.328
0.218
0.267
0.383
NA
0.222
0.362
0.159
0.167
NA
0.266
0.178
0.201
0.245
0.182
0.162
0.162
0.165
0.185
0.232
0.182
0.373
0.346
0.319
0.366
0.32
0.161
0.161
0.285
0.192
0.316
0.106
0.204
0.145
0.151
0.212
0.341
0.146
0.138
0.287
0.202
0.32
0.129
0.24
0.583
0.281
0.274
0.299
NA
0.073
0.154
0.317
0.442
0.093
0.283
0.283
0.15
0.318
0.387
0.202
0.253
0.35
0.29
NA
0.171
0.241
0.274
0.164
0.217
0.072
0.235
0.211
0.214
NA
0.145
0.234
0.284
0.377
0.325
0.326
0.348
0.379
0.285
0.234
0.315
0.107
0.233
0.302
0.153
0.154
0.391
0.343
0.286
0.385
0.199
0.214
0.138
0.117
0.127
0.146
0.317
0.293
0.377
0.624
0.118
0.114
0.227
0.249
0.382
0.288
0.145
0.294
0.123
0.203
0.266
0.22
0.198
0.237
0.211
0.156
0.254
0.267
0.265
0.279
0.26
0.584
0.391
0.141
0.169
0.197
0.074
0.207
0.301
NA
0.297
0.274
0.25
NA
0.205
0.1
0.163
0.163
0.203
0.169
0.34
0.339
0.132
0.164
NA
0.202
0.262
0.141
0.085
0.042
NA
0.251
0.314
NA
0.303
0.123
0.203
0.294
0.198
0.308
NA
0.103
0.403
0.246
0.166
0.201
0.225
0.239
0.491
0.285
0.235
0.282
0.232
0.208
0.518
0.152
0.036
0.223
0.297
0.19
0.332
0.25
0.225
0.312
0.362
0.253
0.343
0.59
0.267
0.315
0.3
0.384
0.074
0.196
0.384
0.257
0.227
0.176
0.194
0.329
0.379
0.217
0.579
0.239
0.206
0.18
0.135
0.2
0.244
0.199
0.354
0.349
0.388
0.361
0.382
0.653
NA
0.309
0.336
0.351
NA
0.266
0.231
0.303
0.326
0.305
0.326
0.306
0.504
0.37
0.392
0.3
0.267
0.169
NA
0.11
0.255
0.164
0.266
0.273
0.275
0.157
0.233
0.298
0.173
0.29
0.386
0.386
0.386
0.091
0.348
0.257
0.223
0.14
0.236
0.216
0.199
0.363
0.242
0.101
0.419
0.241
0.176
0.117
0.275
0.238
0.318
0.418
0.186
0.312
0.181
0.304
0.233
0.301
0.327
0.344
0.278
0.372
0.256
0.197
0.22
0.334
0.237
0.291
0.324
0.312
0.376
0.192
0.27
0.272
0.144
0.34
0.222
0.29
0.401
0.379
0.554
0.482
0.253
0.306
0.424
0.116
0.28
0.365
0.222
0.235
0.302
0.22
0.283
0.363
0.209
0.147
0.246
0.345
0.208
0.174
0.29
0.405
NA
0.074
0.279
0.211
0.433
0.373
0.166
0.418
0.211
0.441
0.264
0.292
0.278
0.459
0.2
0.04
0.293
0.287
0.416
0.252
0.326
0.195
0.234
0.236
0.297
0.067
0.288
0.155
0.337
0.099
0.327
0.252
0.306
0.143
0.371
0.295
NA
0.427
0.188
0.272
0.335
0.54
0.419
0.276
NA
NA
NA
0.287
0.283
0.348
0.416
0.326
0.301
0.57
0.319
0.29
0.446
0.238
0.277
0.3
0.668
0.274
0.287
NA
0.118
0.181
0.283
0.127
0.16
0.161
0.214
0.346
0.377
NA
0.587
0.332
0.133
0.476
NA
0.252
0.267
0.253
0.263
0.255
0.546
NA
NA
NA
NA
0.182
0.182
NA
0.511
NA
NA
NA
0.441
NA
0.648
NA
0.262
0.309
0.128
0.201
NA
0
0.201
0.352
0
0.128
0.207
0.306
0.226
0.214
0.306
0.231
0.148
0.242
NA
NA
NA
NA
NA
NA
NA
NA
0.282
NA
0.143
0
0.465
0.136
0.465
0.469
0.161
0.161
0.138
0.066
0.283
0.169
0.311
0.353
0.469
0.469
0.191
0.469
0.469
0.469
NA
0.353
0.165
0.354
0.127
0.259
0.247
0.176
0.353
0.207
0.194
NA
0.247
0.465
0.469
0.469
0.469
0.27
0.314
0.469
NA
0.345
0.351
0.351
0.437
0.102
0.353
0.469
0.469
0.268
0.541
0.306
0.158
0.463
0.189
0.165
0.154
0.298
0.32
0.314
0.179
0.456
0.151
NA
0.467
0.163
0.459
0.469
0.458
0.203
0.226
0.402
0.215
0.286
0.227
NA
0.26
0.344
0.266
0.266
0.449
0.213
0.222
0.239
0.458
0.04
0.191
0.314
0.213
0.459
0.487
0.635
NA
0.054
0.465
NA
0.331
0.325
0.386
0.083
0.313
0.086
0.335
0.258
0.427
0.539
0.559
0.376
0.224
0.203
0.209
0.3
0.36
0.683
NA
0.315
0.293
0.335
0.404
0.265
0.392
0.263
0.332
0.254
0.339
0.314
0.102
0.162
0.469
NA
NA
0.512
0.213
0.39
0.398
NA
NA
NA
NA
NA
NA
NA
0.366
0.17
0.163
0.144
0.189
0.161
0.156
0.21
0.276
0.386
NA
0.131
0.311
NA
0.261
0.296
0.361
0.343
0.036
0.581
NA
0.065
0.488
0.056
0.519
0.1
NA
0.529
0.684
0.236
0.261
0.224
0.377
0.211
0.332
0.166
NA
0.36
0.252
0.378
0.376
0.367
0.368
0.339
0.365
0.355
0.376
0.378
0.4
0.199
0.388
0.38
0.36
0.539
NA
0.254
0.353
0.273
0.29
0.284
0.281
0.355
NA
0.259
0.321
0.293
0.217
0.534
0.41
0.402
0.341
0.374
0.388
0.239
0.331
0.314
0.539
NA
0.165
0.331
0.245
0.099
NA
0.701
0.644
0.201
NA
NA
NA
NA
0.096
0.203
NA
0.272
0.074
0.113
0.207
NA
NA
NA
NA
0.189
0.071
0.199
0.138
0.155
0.152
0.486
0.182
0.145
0.143
0.178
0.11
NA
NA
0.174
0.142
0.165
NA
0.128
0.167
0.145
0.276
0.302
0.318
0.349
0.396
0.385
0.367
0.394
0.355
0.278
0.297
0.269
0.239
0.37
0.345
0.357
0.436
0.476
0.247
0.378
0.373
0.376
0.343
0.347
0.282
NA
0.257
0.206
0.239
0.13
NA
0.025
0.376
0.349
0.333
0.156
0.275
0.141
0.159
0.243
0.405
0.179
0.174
NA
0.218
0.229
0.196
0.14
NA
NA
0.324
0.631
0.431
0.391
0.348
NA
0.021
0.095
0.092
0.545
NA
NA
NA
NA
NA
NA
NA
NA
NA
NA
NA
NA
NA
NA
NA
NA
NA
NA
NA
NA
NA
NA
NA
NA
NA
NA
NA
NA
NA
NA
NA
NA
NA
NA
NA
NA
NA
NA
NA
NA
0.487
0.095
0.352
NA
NA
0.071
0.086
0.108
0.088
0.085
0.076
0.033
0.754
0.172
0.205
0.074
0.104
0.304
0.322
0.329
0.149
0.399
0.614
0.288
NA
0.26
NA
0.303
0.331
0.301
0.119
0.152
0.242
0.594
0.212
0.228
0.134
0.225
0.149
0.647
0.135
0.086
0.076
0.03
0.275
0.349
0.168
0.298
0.352
0.37
0.334
0.286
0.512
0.341
0.142
0.298
0.2
0.565
0.083
0.191
NA
NA
0.126
0.681
0.253
0.235
0.256
0.281
0.188
0.548
0.284
0.206
0.283
0.271
0.06
0.208
0.166
0.208
0.462
0.291
0.208
0.225
0.185
0.209
0.23
0.733
0.04
0.04
0.211
0.04
0.229
0.669
0.241
0.29
0.476
0.377
0.136
0.277
0.682
0.021
0.144
0.379
0.605
0.098
0.302
0.251
0.23
0.253
0.241
0.213
0.252
0.233
0.304
0.279
0.16
0.264
NA
NA
0.03
0.524
0.278
0.202
0.234
0.296
NA
0.298
0.192
0.338
0.059
0.202
0.5
0.492
0.042
0.229
0.135
0.266
0.251
0
0.329
0.216
NA
0.631
0.318
0.425
0.296
0.237
0.545
0.134
0.397
0.35
0.184
0.18
0.176
0.139
0.501
0.201
0.214
0.168
0.103
0.355
0.093
0.615
0.142
0.208
0.282
0.18
0.268
0.523
0.141
0.106
0.646
0.235
0.375
0.128
0.422
0.287
NA
NA
0.823
0.074
0.046
0.069
0.54
0.194
0.165
0.081
0.139
0.157
0.223
0.189
0.255
0.358
0.36
0.383
0.296
0.302
0.178
0.553
0.243
0.264
0.333
0.304
0.284
0.198
0.306
0.228
0.348
0.199
0.187
0.149
0.338
0.145
0.395
0.403
0.333
0.406
0.404
0.218
0.529
0.268
0.653
0.279
0.291
0.488
0.272
0.488
0.668
0.449
0.475
0.175
NA
NA
0.207
0.084
0.536
0.088
0.607
NA
0.266
0.201
0.194
0.063
0.516
0.207
0.307
0.571
NA
0.312
0.26
0.305
0.563
0.308
0.241
0.217
0.138
0.285
0.182
0.208
0.189
0.282
0.463
0.102
0.192
0.141
0.2
0.219
0.206
0.544
0.273
NA
0.286
0.279
0.186
NA
0.126
0.288
0.23
0.215
0.161
0.077
0.26
0.337
0.293
0.512
NA
0.304
0.226
NA
0.336
0.276
0.11
0.292
0.312
0.31
0.312
0.204
0.383
0.197
0.284
0.328
0.356
0.195
0.224
0.252
0.357
0.635
0.382
0.295
0.097
0.294
0.198
0.212
0.349
0.203
0.215
0.41
0.241
0.282
0.239
0.242
0.41
0.172
0.186
0.141
0.141
0
0.377
0.252
0.251
0.729
0.298
0.304
0.298
0.117
0.264
0.273
0.221
0.416
NA
0.256
0.243
0.23
0.272
0.367
0.291
0.183
0.138
0.17
0.628
0.259
0.217
0.272
0.288
0.375
0.111
0.109
0.425
0.122
0.102
0.576
0.237
0.248
0.284
0.205
0.24
0.256
0.288
0.235
0.35
0.269
0.387
0.267
0.301
0.186
0.598
0.358
0.329
NA
0.065
0.12
NA
0.715
0.28
0.236
0.494
0.326
0.197
0.416
0.294
0.04
0.398
0.5
0.117
0.349
0.279
0.287
0.276
0.303
0.185
0.44
0.617
0.435
0.339
0.514
0.197
0.585
0.557
0.141
0.514
0.584
0.585
0.31
0.282
0.328
0.179
0.615
0.216
0.212
NA
0.211
0.189
0.168
0.37
0.362
0.325
0.165
0.545
0.221
0.254
0.337
0.334
0.334
NA
NA
0.093
0.292
0.266
0.301
NA
0.303
0.265
0.191
0.208
0.152
0.259
NA
0.198
0.242
0.597
0.165
0.05
0.213
0.214
0.259
0.235
0.271
0.286
0.28
0.103
0.321
0.103
0.523
0.103
0.103
0.321
0.103
0
0.197
0.245
0.22
0.232
0.184
0.223
0.143
NA
0.467
0.523
NA
0.436
0.314
0.506
0.599
0.241
0.581
0.191
0.17
0.126
0.162
0.088
0.119
0.132
NA
NA
NA
NA
NA
NA
NA
NA
0.631
0.207
0.24
0.252
0.535
0.206
0.09
0.619
0.334
0.295
NA
NA
NA
0.05
0.113
0.187
0.207
0.294
0.176
0.379
0.127
0.12
0.205
0.139
0.156
0.192
NA
0.255
0.231
NA
0.317
0.036
0.321
0.209
0.132
0.584
NA
0.094
NA
NA
0.293
NA
0.15
0.17
0.24
0.191
0.523
0.475
0.605
NA
0.165
0.311
0.141
0.161
NA
0.606
0.182
NA
0.606
0.61
0.617
0.586
NA
0.201
0.231
0.114
NA
0.039
0.45
0.152
0.045
NA
0.336
0.287
0.262
0.203
0.439
0.345
0.224
0.217
NA
0.349
0.547
0.172
NA
NA
NA
NA
NA
0.269
0.365
0.419
0.515
0.279
0.133
0.316
0.445
0.205
0.281
0.275
0.204
NA
0.28
0.215
0.228
0.234
NA
0.122
NA
NA
NA
NA
NA
NA
NA
0.253
0.191
0.284
0.181
0.078
0.127
0.074
0.216
0.093
0.366
0.141
0.156
0.101
0.19
0.298
0.098
0.585
0.166
0.349
0.296
0.437
0.28
0.275
NA
0.236
0.189
0.233
0.235
0.493
0.137
0.233
0.551
0.19
NA
NA
0.428
0.6
NA
NA
0.62
0.203
0.28
0.203
0.594
0.581
0.093
0.675
0.3
0.145
0.429
0.155
0.299
0.58
0.224
0.308
0.35
0.103
0.192
NA
0.267
0.273
0.426
0.117
0.551
0.409
NA
NA
0.269
0.243
0.355
0.162
0.213
0.234
0.498
0.149
0.146
NA
NA
0.104
0.338
0.284
0.062
0.074
0.219
0.469
0.48
NA
0.146
0.099
0.533
0.332
0.332
0.183
0.486
0.533
0.533
0.567
0.069
0.066
0.617
0.206
0.526
0.214
0.614
0.236
0.318
0.189
0.295
0.09
0.249
0.305
0.113
0.226
0.094
0.218
0.362
NA
0.602
NA
0.667
NA
0.591
0.219
0.301
0.208
0.416
0.402
0.371
0.387
0.601
NA
0.28
0.393
0.361
0.372
0.762
0.333
0.564
0.26
0.32
0.34
0.207
0.258
0.237
0.105
0.124
0.238
0.228
0.257
0.257
0.193
0.226
0.254
0.119
0.275
0.237
NA
0.074
0.124
0.241
0.544
0.189
0.264
0.205
0.555
0.36
0.302
NA
0.406
0.232
0.35
0.206
0.204
0.226
0.395
0.385
0.303
0.235
0.097
0.147
NA
0.264
0.271
0.277
0.304
0.317
0.328
0.241
0.18
0.248
0.328
NA
0.222
0.043
0.576
NA
0.271
0.361
0.333
0.581
0.079
0.132
0.636
0.451
0.183
0.518
0.425
0.365
0.25
0.327
0.332
0.392
NA
NA
0.238
0.334
0.431
0.584
0.489
0.188
0.274
0.261
0.199
0.184
0.694
0.499
0.076
0.522
0.044
0.275
NA
0.594
0.248
0.471
0.327
0.469
NA
NA
NA
NA
0.507
0.348
0.244
0.224
0.298
0.339
0.148
NA
0.265
0.352
0.204
0.386
0.266
NA
0.386
0.386
NA
NA
NA
NA
NA
0.115
0.14
0.24
0.439
0.17
NA
NA
NA
0.165
0.613
0.46
0.449
0.508
0.476
NA
0.494
NA
0.137
0.302
0.26
0.175
0.254
0.236
0.448
0.204
0.16
0.164
0.182
0.167
0.093
0.188
0.125
0.339
0.295
0.154
0.329
0.229
0.127
0.167
0.378
0.093
0.108
NA
NA
0.103
0.279
0.279
0.162
0.309
0.074
0.481
0.053
0.04
NA
0.138
0.074
NA
0.181
0.279
NA
0.182
0.285
0.169
0.172
0.205
0.194
0.157
0.2
0.19
0.224
0.235
0.179
0.146
0.279
0.645
NA
0.301
0.69
0.176
0.338
NA
0.139
0.184
0.304
0.571
NA
NA
NA
0.288
0.318
0.304
0.137
NA
0.189
NA
0.223
0.264
0.275
0.593
NA
NA
0.181
0.081
0.28
0.589
0.194
NA
0.141
0.227
0.238
0.209
0.196
0.083
0.207
NA
0.285
NA
0.196
NA
0.314
0.094
NA
NA
0.21
0.221
0.04
0.368
0.511
0.128
0.175
0.17
0.094
NA
NA
NA
NA
NA
0.106
0.2
NA
0.304
0.3
0.207
0.093
0.445
0.62
0.426
0.346
0.301
NA
0.103
NA
0.546
0.234
0.28
0.35
0.289
0.35
0.289
0.178
NA
0.295
0.154
0.155
0.229
0.349
NA
0.118
0.158
0.193
0.196
0.092
0.133
0.193
0.119
0.387
0.195
0.145
0.191
0.236
0.115
0.148
0.237
0.18
0.179
0.134
0.471
0.416
0.472
NA
0.071
0.561
0.194
0.099
0.228
0.215
0.097
0.059
0.402
0.067
0.068
0.079
0.401
0.053
0.402
0.219
0.052
0.56
0.047
0.14
0.043
NA
0.151
0.167
0.16
0.17
NA
NA
NA
NA
NA
NA
NA
NA
0.252
0.157
NA
0.142
0.364
0.232
0.116
0.27
0.297
0.107
NA
0.074
0.085
NA
0.1
0.258
0.104
NA
0.053
0.211
0.14
0.217
NA
0.358
0.378
0.332
NA
0.627
0.442
0.315
0.273
0.188
0.14
0.136
0.082
0.39
0.385
0.361
0.591
0.114
0.178
0.097
0.093
0.178
0.407
0.382
0.366
0.662
0.17
0.234
0.255
0.235
0.237
0.306
0.261
0.355
0.258
0.435
0.248
0.422
0.374
0.369
0.279
0.257
0.177
0.277
0.299
0.244
0.173
0.352
0.206
0.536
0.213
0.284
0.141
0.152
0.164
NA
0.2
0.15
NA
0.176
0.447
0.212
0.19
0.174
NA
0.217
0.2
0.238
0.191
0.201
0.376
0.275
0.172
0.222
0.233
0.222
0.166
0.151
0.241
0.164
0.423
0.206
0.335
0.254
0.27
0.115
0.066
0.328
0.193
0.322
0.585
0.2
NA
NA
0.122
0.368
NA
0.525
0.418
0.566
NA
NA
NA
NA
0.467
NA
NA
NA
NA
0.388
0.183
0.403
0.423
0.643
0.428
0.413
0.19
0.06
0.165
0.359
0.178
0.373
0.48
0.48
0.14
0.157
0.639
0.097
0.13
0.136
0.588
0.654
0.12
0.12
NA
NA
NA
0.081
0.624
0.318
0.386
0.218
0.587
0.413
0.279
0.389
0.855
0.325
0.383
0.317
0.317
0.349
0.234
0.379
0.293
0.283
0.461
0.295
0.309
0.353
0.248
0.297
0.29
0.232
0.151
0.711
NA
0.186
0.17
0.192
NA
NA
0.129
0.266
0.13
0.297
0.209
0.225
0.179
NA
0.165
0.281
0.226
0.287
0.29
0.318
0.288
0.251
0.215
0.182
0.232
0.2
0.332
0.203
0.241
0.194
0.389
0.27
0.216
0.28
0.239
0.127
0.278
0.18
NA
0.254
0.31
0.228
0.192
0.197
0.263
0.175
0.235
0.345
0.547
NA
0.641
0.245
0.32
0.368
0.392
0.207
0.553
0.074
0.329
0.281
0.244
0.218
0.31
0.271
0.244
0.286
0.283
0.263
0.265
0.307
0.186
0.21
0.137
0.165
0.264
0.295
0.234
NA
0.246
0.204
0.269
0.209
NA
0.371
0.373
0.177
0.201
0.136
0.247
0.04
0.225
0.229
0.335
0.16
0.299
0.215
0.169
0.313
0.271
0.346
0.281
0.188
NA
0.242
0.363
0.252
0.289
0.212
0.188
0.208
NA
0.237
0.259
0.179
0.231
0.325
0.368
0.325
0.248
0.3
0.368
0.159
0.366
0.285
0.315
0.347
0.395
0.231
0.373
0.359
0.365
0.321
0.347
0.369
0.415
NA
0.344
NA
0.235
NA
0.258
0.18
0.601
0.315
0.215
0.221
0.266
0.243
0.217
0.245
0.295
0.327
0.297
0.172
0.291
0.423
0.297
0.3
0.31
0.157
0.199
0.149
0.254
0.221
0.458
0.625
0.253
0.22
0.248
0.5
0.253
0.283
0.234
0.293
0.605
0.231
NA
0.156
0.239
0.194
0.604
0.23
0.077
0.504
0.184
0.359
0.415
0.404
0.417
0.271
0.275
0.262
0.283
0.439
0.449
0.401
0.378
0.365
0.092
0.178
0.32
0.21
0.231
0.336
0.189
0.471
0.587
0.109
0.158
NA
0.352
0.137
0.044
0.387
0.243
0.218
0.424
0.286
0.242
0.236
0.302
0.272
0.303
0.261
0.302
0.352
0.257
0.315
0.295
0.287
0.515
0.545
0.258
0.286
0.316
0.29
0.545
0.193
0.219
0.137
0.245
0.224
0.616
0.143
0.165
0.217
0.248
0.169
0.297
0.237
0.149
0.198
0.188
0.723
0.193
0.113
0.201
0.168
0.602
0.112
0.164
0.307
0.259
0.675
0.674
0.198
0.218
0.217
0.125
0.64
0.449
NA
0.119
0.444
0.24
0.306
0.361
0.178
0.378
NA
0.145
0.582
0.215
0.448
0.176
0.328
0.544
0.344
0.266
0.142
0.14
0.163
0.177
0.183
0.577
0.295
0.432
0.396
0.406
0.044
NA
0.031
0.309
0.227
0.079
NA
0.052
0.464
0.546
0.524
0.37
0.121
NA
0.169
0.148
0.255
0.105
0.149
0.117
0.061
0.146
0.199
0.143
0.185
0.02
0.129
0.112
0.125
0.079
0.201
NA
0.221
0.29
0.137
0.103
0.346
0
0.122
0.227
0.333
0.151
0.082
0.147
0.141
0.03
0.312
0.078
0.104
0.143
0.213
0.286
0.205
0.184
0.19
0.157
0.136
0.074
0.168
0.607
0.5
0.484
0.342
0.276
0.194
NA
0.658
0.105
0.143
0
0
0
0.143
0
0.178
0.465
0.193
0.157
0.247
0.339
0.349
0.216
0.263
0.26
0.263
0.273
0.279
0.274
0.308
0.167
0.268
0.522
0.214
0.093
0.338
0.34
0.401
0.343
0.357
0.34
0.23
0.24
0.282
0.388
0.307
0.571
0.232
0.15
0.254
0.256
0.178
0.216
0.28
0.4
0.311
0.429
0.36
0.484
0.337
0.317
0.287
0.348
0.374
0.369
0.313
0.331
0.407
0.367
0.199
0.412
0.371
0.266
0.262
0.403
0.37
0.252
0.453
0.428
0.053
NA
0.14
NA
0.409
0.28
0.221
0.19
0.358
0.358
0.345
0.21
0.242
0.189
0.177
0.206
0.294
0.215
0.177
0.217
0.332
0.539
0.154
0.185
0.441
0.438
0.331
0.565
NA
0.266
0.036
NA
NA
0.259
0.245
0.234
0.103
0.242
0.478
0.26
0.217
0.233
0.232
0.579
0.159
0.296
0.202
0.29
0.181
0.528
0.387
NA
0.189
0.294
0.177
0.097
0.266
0.266
0.266
0.278
0.291
0.284
0.18
0.371
0.189
0.318
0.36
0.316
0.111
0.356
0.299
0.329
0.371
0.354
0.359
0.193
0.541
0.279
NA
0.111
0.191
0.254
NA
0.297
0.327
0.18
0.103
0.09
0.471
0.074
NA
0.065
0.31
0.129
0.266
0.468
0.183
0.28
0.326
0.303
0.123
0.281
0.337
0.39
0.508
0.295
0.36
0.841
0.378
0.118
0.284
0.495
0.336
0.077
0.581
0.135
0.284
0.126
0.366
0.735
0.289
0.292
0.311
0.265
0.274
0.265
0.672
0.196
0.52
0.128
0.137
0.093
0.127
0.087
0.172
0.336
0.181
0.131
0.184
0.334
0.289
0.464
0.514
0.567
0.434
0.12
0.182
0.251
0.434
0.182
0.432
0.628
0.15
0.113
0.127
0.462
0.257
0.326
0.276
0.277
0.161
0.583
0.284
0.21
0.263
0.227
0.243
0.233
0.414
0.251
0.281
0.625
0.431
0.241
0.284
0.272
0.3
0.289
0.1
0.118
0.318
0.28
0.274
0.337
0.433
0.437
0.583
0.411
0.338
0.259
0.445
0.397
0.339
0.252
0.306
0.303
0.288
0.287
0.21
0.241
0.18
0.321
0.37
0.334
0.219
0.277
0.398
0.318
0.294
0.328
0.235
0.421
0.555
0.31
0.214
0.315
0.241
0.207
0.312
0.185
0.298
0.273
0.333
0.398
0.604
0.198
0.289
0.333
0.263
0.331
0.357
0.341
0.367
0.447
0.125
0.086
0.192
0.139
0.236
0.233
0.195
0.231
0.137
0.136
0.23
0.646
0.392
0.362
0.195
0.366
0.279
0.123
0.2
0.19
0.139
0.356
0.356
0.296
0.429
0.283
0.39
0.125
0.232
0.344
0.329
0.213
0.38
0.324
0.371
0.641
0
0.542
0.263
0.17
0.257
0.308
0.214
0.257
0.221
0.232
0.288
0.241
0.31
0.229
0.185
0.258
0.281
0.311
0.176
0.244
0.187
0.262
0.147
0.213
0.155
0.271
0.262
0.361
0.137
0.088
0.14
0.267
0.222
0.182
0.149
0.116
0.321
0.23
0.215
0.323
0.33
0.31
NA
0.264
0.257
0.251
0.217
0.303
0.494
0.273
NA
0.32
0.286
0.304
0.193
0.169
0.308
0.301
0.198
0.148
0.312
0.173
0.24
0.266
0.031
0.41
0.191
0.631
0.135
NA
0.118
NA
0.164
NA
0.131
0.3
NA
NA
NA
NA
NA
NA
NA
NA
NA
NA
NA
NA
NA
NA
NA
NA
NA
NA
NA
NA
NA
NA
NA
NA
NA
NA
0.103
0.122
0.54
0.217
0.31
0.318
0.238
0.451
0.43
0.469
0.311
0.433
0.642
0.373
0.295
0.369
0.354
0.481
0.295
0.336
0.099
0.142
0.228
NA
NA
NA
NA
0.676
0.092
0.205
0
0.729
0.555
0.254
0.453
0.453
0.145
0.694
0.491
0.461
0.086
0.48
NA
0.254
0.376
0.557
0.634
0.473
0.197
0.218
0.424
NA
NA
NA
0.52
0.712
0.311
0.204
0.223
0.233
0.363
0.221
0.341
0.265
0.077
0.244
0.11
0.256
0.248
0.323
0.316
0.224
0.292
0.196
0.188
0.248
0.346
0.339
0.134
0.106
0.066
0.238
0.335
0.432
0.096
0.296
0.104
0.288
0.364
0.281
0.143
0.203
0.143
0.168
0.187
0.149
0.228
0.254
0.205
0.258
0.316
0.309
0.183
0.577
0.342
0.137
0.067
0.066
0.204
0.052
0.153
0.235
0.307
0.194
0.266
0.239
0.212
0.117
0.155
0.119
0.133
0.168
0.07
0.232
0.229
0.142
NA
0.076
0.143
0.481
0.036
0.229
0.286
0.365
0.2
0.113
0.093
0.324
0.355
0.605
0
0.513
NA
0.374
0.074
0.458
0.324
0.493
0.03
0.176
NA
NA
0.15
0.14
0.192
0.091
0.177
0.349
0.151
0.213
0.294
0.3
0.275
0.212
0.22
NA
0.276
0.181
0.177
NA
0.159
NA
0.23
0.139
0.368
0.316
0.286
0.297
0.122
NA
0.112
0.122
0.235
0.577
0.433
0.268
0.232
0.279
0.113
NA
0.297
0.375
0.232
0.394
0.196
0.356
0.265
0.309
0.364
NA
NA
0.192
0.143
0.363
NA
0.464
0.249
0.324
0.296
0.148
0.276
0.532
0.258
0.304
0.253
0.315
0.257
0.268
0.331
0.324
0.553
0.282
0.289
0.211
0.315
0.392
0.42
0.376
0.379
0.18
0.311
0.297
0.318
0.266
0.368
0.314
0.37
0.32
0.247
0.347
0.421
0.58
0.419
0.468
NA
0.356
0.32
0.315
NA
0.124
NA
NA
NA
0.11
0.104
0.129
0.107
0.333
0.04
0.174
NA
NA
0.233
0.246
0.14
0.258
0.236
NA
0.112
0.276
0.152
0.026
0.012
0.383
0.209
0.238
0.291
0.217
0.45
0.445
0.277
0.251
0.229
0.201
0.313
0.084
0.319
0.426
0.286
0.271
0.446
0.454
0.188
0.237
0.182
0.474
0.244
0.467
0.228
0.504
0.118
0.306
0.234
0.176
0.177
0.38
NA
0.23
0.228
0.135
0.36
0.249
0.047
0.287
0.332
0.298
0.243
0.301
0.248
0.233
0.237
0.104
0.202
0.243
NA
0.272
0.279
NA
0.107
0.258
0.314
0.325
0.325
0.286
0.288
0.32
0.206
0.248
0.251
0.255
0.244
0.535
0.186
0.096
NA
0.211
NA
NA
0.093
0.118
0.214
0.118
0.214
0.125
0.043
0.118
0.087
0.688
NA
0.541
0.32
0.247
0.281
0.351
0.428
0.589
0.278
0.341
0.333
0.41
0.229
0.532
0.532
0.555
0.143
0.137
0.147
0.455
0.157
0.13
0.196
0.196
0.073
0.212
0.109
0.275
0.311
0.557
NA
0.152
0.312
0.351
0.361
0.3
0.686
0.342
0.291
0.206
0.213
0.204
0.331
0.511
0.221
0.114
0.288
0.29
0.509
0.219
0.239
0.351
0.237
0.325
0.246
0.764
0.332
0.132
0.222
0.357
0.397
0.218
0.169
0.278
0.231
NA
0.193
0.409
0.194
0.272
NA
0.221
0.348
0.329
0.327
0.28
NA
NA
0.528
0.273
NA
NA
NA
0.305
NA
0.405
0.407
0.551
0.146
0.217
NA
0.393
0.168
0.248
0.31
NA
0.217
0.2
0.177
0.178
0.214
0.229
0.299
0.061
NA
0.159
0.164
0.132
0.046
0.225
0.086
0.074
0.246
0.192
0.19
0.205
0.209
0.159
0.214
0.152
0.476
NA
0.361
0.242
0.309
0
NA
NA
0.226
0.36
0.405
NA
0.204
0.164
0.2
0.186
0.373
0.552
NA
0.01
NA
NA
NA
NA
NA
NA
NA
NA
NA
NA
NA
NA
NA
NA
NA
NA
NA
NA
NA
NA
NA
NA
NA
NA
NA
0.122
0.357
0.122
0.139
0.121
0.114
0.135
0.08
0.173
0.076
0.041
0.07
0.244
0.303
0.408
NA
0.52
0.258
0.024
0.367
0.588
0.313
0.369
0.117
0.036
NA
0.378
0.327
0.549
0.358
0.259
0.308
0.36
0.461
0.293
0.258
0.129
0.292
0.591
NA
NA
NA
NA
NA
NA
NA
NA
0.279
0.293
0.573
0.266
0.197
0.249
0.281
0.191
0.344
NA
NA
NA
NA
NA
0.172
0.158
NA
NA
NA
0.293
0.213
NA
NA
0.265
0.492
0.212
NA
0.249
0.22
0.267
0.288
0.323
0.28
0.242
0.265
0.44
0.26
0.127
0.331
0.287
0.391
0.312
0.168
0.218
0.217
0.447
0.109
0.18
0.204
0.4
0.367
0.359
0.26
NA
0.381
0.235
NA
NA
NA
NA
NA
NA
NA
NA
NA
NA
0.29
0.293
0.663
NA
0
0
0.211
0.537
0.359
0.167
0.296
0.398
0.414
0.322
0.314
0.166
0.658
0.027
0.236
0.225
0.229
0.149
0.133
0.557
0.253
0.164
0.213
0.428
0.243
0.186
0.243
0.178
0.567
0.359
0.236
0.334
0.303
0.413
0.299
0.626
0.147
0.118
0.309
0.311
0.175
0.256
0.311
0.333
0.327
0.28
0.475
0.304
0.196
0.166
0.205
0.198
0.153
0.119
0.122
0.281
0.273
0.266
0.241
0.244
0.159
0.28
0.171
0.128
0.241
0.208
0.207
0.244
0.064
0.227
0.186
0.182
NA
0.068
NA
0.277
0.303
0.288
0.093
0.115
0.195
0.217
0.285
0.051
0.234
0.144
0.486
0.196
0.271
0.098
0.137
0.227
0.317
0.365
0.183
0.357
0.331
0.322
0.353
0.381
0.254
0.235
0.5
0.21
0.081
0.287
0.297
0.197
0.384
0.115
0.233
0.24
0.127
0.522
0.341
0.339
0.334
0.17
0.207
0.141
NA
0.242
0.235
0.036
0
0.369
0
0.19
0.19
0.19
0.399
0.42
0.268
0.463
0.322
0.335
0.32
0.167
NA
0.105
0.15
0.263
0.294
0.18
0.248
0.181
0.02
0.155
0.355
0.326
0.237
0.096
0.243
0.068
0.096
0.096
0.247
0.266
0.19
0.513
0.053
0.141
0.139
0.123
0.085
0.176
0.276
0.265
0.22
0.572
NA
0.071
0.591
0.145
NA
NA
NA
NA
NA
0.568
0.285
0.378
0.301
NA
NA
NA
NA
NA
0.308
0.276
NA
NA
NA
NA
0.203
0.266
0.266
0.191
0.311
0.333
NA
0.258
0.452
0.124
0.195
0.182
0.147
0.519
0.304
0.196
0.167
0.304
0.3
0.166
0.152
0.298
0.632
0.082
0.22
0.206
0.325
0.286
NA
0.313
0.219
0.543
0.378
0.177
0.35
0.414
0.214
0.415
0.33
0.291
0.208
0.266
NA
0.245
0.23
0.281
0.285
0.276
0.283
0.26
0.619
NA
0.263
0.176
0.07
NA
0
0
0.63
0.447
0.184
NA
0.091
0.144
0.534
0.348
0.775
NA
NA
NA
NA
0.138
0.429
0.414
0.392
0.183
0.233
0.262
0.388
NA
0.181
NA
NA
NA
NA
0.292
NA
NA
NA
NA
0.362
0.265
NA
NA
NA
0.628
0.182
0.185
0.427
0.476
0.436
0.486
NA
NA
0.358
NA
NA
0.195
0.155
0.574
0.188
0.437
0.312
NA
NA
NA
0.421
0.361
0.749
0.749
0.361
0.207
0.361
0.611
NA
NA
NA
0.388
NA
0.384
NA
NA
0.397
NA
0.152
0.152
0.16
0.203
0.222
0.228
0.18
0.192
0.324
0.561
0.202
NA
0.093
0.089
0.216
NA
NA
NA
0.103
NA
0.04
0.357
0.357
NA
NA
NA
0.141
NA
0.217
NA
NA
0.199
0.343
0.343
0.343
0.19
0.392
0.376
0.352
0.471
0.084
0.156
0.097
0.256
0.208
NA
0.145
NA
0.403
0.365
0.103
0.327
0.351
0.456
0.369
0.22
0.06
0.541
0.247
0.036
NA
0.287
0.214
0.157
0.189
0.185
0.091
0.379
0.452
NA
0.144
0.17
0.148
NA
0.155
NA
0.46
0.276
0.141
0.09
NA
NA
0.458
0.271
0.312
0.185
0.04
0.191
NA
0.365
0.082
0.1
0.215
0.168
NA
0.223
NA
0.074
0.172
0.15
0.269
0.222
0.231
0.182
NA
0.346
0.239
0.589
0.181
0.04
0.587
0.269
0.192
NA
NA
NA
NA
NA
0.136
0.036
0.393
0.247
0.27
0.484
0.291
0.365
0.365
0.265
0.193
0.281
0.303
0.228
NA
0.222
0.246
0.156
0.209
0.34
0.241
0.578
0.283
0.244
0.232
0.236
0.234
0.157
0.596
0.421
0.421
0.421
0.421
0.252
0.24
0.239
0.241
0.237
0.285
0.093
0.284
0.084
0.242
0.193
0.557
0.328
NA
NA
NA
0.294
0.259
0.218
0.216
0.237
0.252
0.397
0.191
0.136
0.422
0.149
0.171
0.199
0.296
0.326
0.26
0.349
0.279
0.247
0.349
0.295
0.313
0.293
0.291
0.268
0.273
0.202
0.275
0.233
0.218
0.284
0.271
0.206
NA
0.28
0.515
0.257
0.205
NA
0.162
0.498
0.407
0.119
0.036
0.26
0.336
0.38
0.169
0.156
0.147
0.223
0.159
0.323
0.369
0.241
0.391
0.069
0.114
0.176
0.147
0.099
0.308
0.09
0.099
NA
0.309
0.15
0.166
0.456
0.245
0.16
0.123
0.257
0.644
NA
0.327
0.159
0.288
0.247
0.281
0.244
NA
0.301
0.65
0.301
0.65
0.122
0.065
0.137
0.311
0.313
0.304
0.391
0.378
0.402
0.329
0.423
0.384
0.348
0.35
0.211
0.198
NA
0.645
0.117
0.23
0.419
0.317
0.37
0.37
0.37
0.26
0.119
0.242
0.298
0.184
0.199
0.236
0.237
0.076
0.077
0.2
0.249
0.193
0.155
0.149
NA
0.128
0.174
0.059
0.126
0.205
NA
0.061
0.094
NA
NA
NA
NA
0.202
0.135
0.274
0.299
0.295
0.249
0.036
NA
NA
0.062
NA
NA
0.06
0.092
0.16
0.144
0.169
NA
NA
NA
NA
NA
NA
NA
NA
NA
0.195
0.246
0.318
0.063
NA
NA
NA
NA
NA
NA
NA
NA
NA
NA
NA
NA
NA
NA
NA
NA
NA
NA
NA
NA
NA
NA
NA
NA
NA
NA
NA
NA
NA
NA
NA
NA
NA
NA
0.308
NA
0.085
0.141
NA
0.134
NA
0.253
NA
0.061
0.1
0.167
0.029
0.041
0.018
NA
NA
NA
NA
0.074
NA
0.28
NA
NA
NA
NA
0.118
NA
NA
NA
NA
NA
NA
NA
NA
NA
NA
NA
NA
0.124
NA
NA
NA
NA
NA
NA
NA
NA
NA
NA
NA
NA
NA
NA
NA
NA
NA
NA
NA
NA
NA
NA
NA
NA
NA
NA
NA
NA
NA
NA
NA
NA
NA
NA
NA
NA
NA
NA
NA
NA
0.096
0.038
0.357
NA
NA
NA
NA
NA
NA
NA
0.252
NA
0
0.058
0.105
0.237
NA
NA
NA
NA
NA
NA
NA
NA
NA
NA
NA
NA
NA
NA
NA
0.103
NA
0.168
0.188
NA
NA
NA
NA
NA
NA
NA
NA
NA
NA
0.143
NA
NA
NA
NA
NA
0.04
0.072
NA
NA
NA
0.196
0.29
NA
NA
NA
NA
0.085
0.137
0.159
0.18
0.239
0.113
0.266
NA
0.243
NA
NA
NA
0.063
0.191
NA
0.183
NA
0.033
0.232
0.152
NA
NA
0.163
NA
NA
0.117
NA
NA
NA
NA
0.065
0.252
NA
NA
NA
NA
NA
NA
NA
NA
NA
0.189
0.182
NA
NA
NA
NA
NA
NA
NA
NA
0.099
NA
NA
NA
NA
NA
0.266
0.093
NA
0.178
0.179
NA
0.066
NA
NA
NA
NA
NA
NA
NA
NA
NA
NA
0.15
NA
NA
NA
NA
NA
NA
NA
NA
NA
NA
NA
NA
NA
NA
NA
NA
NA
NA
NA
NA
NA
NA
NA
NA
NA
NA
NA
NA
NA
NA
NA
NA
NA
NA
NA
NA
0.241
NA
NA
0.162
NA
0.04
NA
0.032
0.19
NA
NA
NA
NA
NA
NA
0.227
NA
NA
0.052
NA
NA
0.288
0.202
0
NA
0.148
NA
NA
NA
NA
NA
NA
NA
NA
NA
0.066
0.229
NA
NA
0.132
0.077
NA
0.292
0.232
NA
0.118
0.345
NA
0.043
0.227
NA
NA
NA
NA
0.058
NA
NA
NA
NA
NA
NA
0.185
NA
NA
0.092
0.241
0.179
0.158
0.154
0.248
0.171
NA
NA
NA
0.04
NA
0.126
NA
NA
0.357
0.074
0.282
NA
NA
NA
0.122
0.24
0.167
NA
NA
NA
NA
NA
NA
0.073
0.018
0.159
0.073
0.16
NA
NA
0.329
0.295
0.076
0.192
0.141
0.099
0.157
NA
0.179
0.141
NA
NA
NA
NA
0.048
NA
0.065
NA
NA
0.147
0
0
NA
NA
NA
NA
NA
NA
NA
NA
NA
0.02
NA
NA
NA
NA
NA
NA
NA
NA
NA
0.161
0.253
NA
0.154
NA
NA
NA
NA
0.141
0.193
NA
NA
NA
NA
NA
NA
NA
NA
NA
NA
NA
0.074
0.074
0.074
NA
0.022
NA
NA
NA
NA
NA
NA
NA
NA
NA
NA
0.018
NA
0.346
NA
NA
NA
NA
0.141
NA
NA
0.178
NA
NA
NA
0.064
0.146
NA
0.2
NA
NA
NA
0.28
0.26
0.057
0.053
NA
NA
NA
NA
0.141
NA
NA
0.136
0.19
0.223
NA
NA
NA
0.215
NA
NA
NA
NA
0.113
NA
NA
NA
0.157
NA
0.146
NA
NA
NA
0.053
0.07
NA
0.069
NA
0.166
0.029
NA
0.027
NA
NA
NA
0.125
0.215
0.113
0.146
NA
0.195
NA
0.044
0.199
NA
NA
0.156
0.072
NA
NA
0.313
NA
0.114
NA
0.074
0.211
NA
NA
0.11
NA
NA
NA
0.108
NA
NA
0.129
NA
0.21
0.108
NA
0
NA
NA
0.22
NA
NA
NA
0.127
0.063
NA
NA
NA
NA
0.219
0.161
0.182
NA
NA
0.142
NA
0.238
NA
0.164
NA
0.082
NA
NA
0.103
0.235
0
NA
NA
NA
0.027
0.116
NA
0.098
NA
0.094
NA
NA
NA
NA
NA
NA
0.1
NA
NA
NA
0.246
0.186
NA
NA
NA
NA
NA
0.036
NA
0.052
NA
NA
NA
NA
NA
NA
NA
0
0.442
NA
NA
NA
NA
NA
NA
NA
0.152
NA
0.211
NA
NA
0.11
0.135
NA
0.282
NA
NA
0.177
NA
0.146
0.129
NA
NA
NA
NA
0.176
NA
0.206
NA
0.145
0.268
NA
0.212
0.176
0.127
NA
0.212
0.271
0.153
NA
NA
NA
NA
NA
NA
NA
NA
0.167
NA
NA
NA
0.137
0.253
NA
0.247
NA
NA
NA
0.123
0.036
0.036
0.296
0.26
NA
NA
NA
NA
NA
NA
NA
NA
NA
0.188
0.369
NA
0.093
0.121
0.193
0.093
0.123
0.034
0.035
NA
NA
NA
NA
NA
NA
NA
NA
NA
NA
NA
NA
0.055
NA
NA
NA
NA
NA
NA
0.153
0.182
NA
NA
NA
0.186
NA
NA
0.284
0.186
0.248
NA
NA
NA
0.097
NA
0.023
NA
NA
NA
NA
0.097
NA
NA
NA
NA
NA
NA
NA
NA
0.04
0.04
NA
NA
NA
NA
NA
0.425
NA
NA
NA
NA
NA
NA
NA
NA
NA
0.052
NA
NA
NA
0.132
NA
NA
NA
NA
NA
NA
NA
NA
NA
NA
NA
NA
NA
NA
NA
0.125
0.211
0.184
0.139
NA
NA
NA
NA
NA
0.113
NA
NA
NA
0.207
NA
0.212
NA
NA
NA
0
NA
0.069
0.096
0.026
0.211
NA
NA
NA
NA
0.147
NA
NA
NA
NA
0.18
NA
0.061
NA
0.164
0.127
NA
NA
NA
NA
NA
0.18
0.315
NA
NA
0.04
NA
NA
NA
NA
NA
NA
NA
NA
NA
NA
NA
NA
NA
NA
NA
NA
NA
NA
NA
0.192
NA
NA
NA
NA
NA
0.101
0.179
NA
NA
NA
NA
NA
0.112
NA
0.052
NA
0.37
NA
NA
NA
NA
NA
NA
NA
NA
NA
NA
0.027
0.063
0.069
NA
0.208
NA
0.169
0.121
0.141
NA
NA
0.316
0.135
NA
NA
NA
0.036
0.063
NA
NA
NA
NA
NA
0
0
NA
NA
NA
NA
NA
NA
NA
NA
NA
NA
0.113
0.053
NA
0.132
0.229
NA
NA
NA
NA
NA
NA
NA
NA
0.111
0.126
0.232
NA
NA
NA
0.134
NA
0.094
NA
NA
NA
0.182
NA
NA
NA
NA
NA
NA
NA
NA
NA
NA
NA
0.115
NA
NA
0.269
0.088
0.064
NA
NA
NA
NA
NA
NA
NA
NA
NA
NA
NA
0.083
NA
NA
NA
0.442
NA
NA
NA
NA
NA
NA
NA
NA
NA
NA
0.182
NA
NA
NA
NA
NA
NA
0.182
NA
0.179
NA
0.09
0.033
NA
NA
NA
NA
NA
NA
NA
NA
NA
NA
NA
NA
NA
NA
NA
0.101
NA
NA
0.049
0.118
NA
NA
NA
0.214
0.108
0.119
0.043
NA
0.208
0.203
0.08
NA
0
NA
NA
NA
NA
0.22
NA
NA
NA
0.124
NA
NA
NA
NA
0.133
NA
NA
NA
NA
NA
0.155
0.074
NA
NA
0.074
NA
NA
NA
0.214
NA
NA
NA
NA
NA
NA
NA
NA
0.335
NA
NA
NA
NA
NA
NA
0.263
0.077
NA
0.103
NA
NA
0.535
NA
0.157
0
NA
NA
NA
NA
NA
0.127
NA
NA
NA
NA
NA
NA
NA
NA
0.148
NA
NA
NA
NA
NA
0.145
NA
NA
NA
0.199
NA
NA
NA
NA
0.183
NA
NA
NA
NA
NA
NA
NA
0.042
0.103
NA
0.329
0.141
0.201
NA
NA
NA
NA
NA
NA
NA
NA
NA
NA
NA
NA
NA
0.19
NA
NA
NA
NA
NA
NA
NA
0.127
0.24
NA
NA
NA
NA
NA
NA
NA
NA
0.122
NA
NA
NA
NA
NA
NA
NA
NA
NA
NA
NA
NA
NA
0.342
NA
0.294
NA
0.081
NA
NA
NA
NA
NA
NA
NA
NA
NA
NA
0.11
NA
0.164
0.148
NA
NA
NA
NA
0.406
0.112
0.127
0.172
0.073
NA
NA
NA
NA
NA
NA
NA
NA
NA
NA
NA
NA
NA
NA
NA
NA
NA
NA
NA
0.127
NA
NA
NA
NA
NA
NA
NA
NA
NA
NA
0.079
0.188
0.17
0.165
NA
NA
NA
0.176
0.149
NA
NA
NA
NA
NA
NA
NA
NA
NA
0.126
NA
NA
NA
NA
NA
NA
NA
0.095
0.182
0.229
NA
NA
NA
0.16
NA
NA
NA
NA
NA
NA
NA
NA
0.192
0.19
0.596
NA
NA
NA
NA
0.044
0.17
NA
NA
NA
NA
NA
NA
0
NA
NA
0.141
0.036
0.036
NA
NA
NA
NA
NA
0.2
NA
0.291
NA
0.275
NA
NA
NA
NA
NA
NA
0.203
NA
NA
NA
NA
NA
NA
NA
NA
NA
NA
NA
NA
0.077
NA
0.187
NA
NA
NA
NA
NA
NA
NA
NA
NA
NA
0.126
0.055
NA
NA
NA
NA
0.187
0.154
NA
NA
NA
0.095
0.167
0.244
NA
0.104
NA
NA
NA
0.099
0.057
0.099
0.156
0.198
NA
0.223
NA
NA
NA
NA
0.226
NA
0.047
0.024
0.085
NA
NA
NA
0.117
NA
NA
NA
NA
NA
NA
NA
NA
NA
NA
0.036
NA
NA
NA
NA
NA
NA
NA
NA
NA
NA
NA
NA
NA
0.14
NA
NA
NA
0.074
NA
0.239
NA
0.09
NA
NA
NA
NA
0.241
0.113
0.122
0.122
NA
NA
0.079
0.106
0.421
NA
NA
0.195
NA
0.128
0.15
0.064
0.122
NA
0.165
NA
NA
NA
0.194
NA
0.183
0.176
NA
0.196
NA
NA
NA
0.241
NA
NA
NA
NA
NA
0
NA
NA
NA
NA
0.164
0.122
0.141
0.096
0.054
NA
NA
NA
NA
NA
NA
NA
NA
NA
NA
NA
NA
NA
NA
0.091
NA
NA
0.064
0.249
0.191
NA
NA
NA
NA
NA
NA
NA
NA
NA
0.022
0.131
0.093
NA
NA
NA
NA
NA
NA
NA
NA
0.331
NA
NA
NA
NA
NA
NA
NA
NA
NA
NA
NA
NA
NA
0
NA
NA
NA
NA
NA
NA
NA
NA
NA
0.107
0.179
NA
NA
NA
NA
NA
NA
NA
NA
NA
NA
0.145
NA
NA
NA
NA
NA
NA
0.244
0.177
NA
0.173
NA
NA
NA
NA
NA
NA
NA
0.266
0.298
0.255
NA
NA
0.194
0.169
NA
0.316
NA
0.101
0.213
NA
NA
NA
NA
NA
NA
0.141
NA
0.138
0.183
NA
0.161
NA
NA
NA
NA
NA
0.313
0.143
NA
0.15
0.247
NA
NA
NA
0.148
NA
NA
NA
NA
0.04
NA
0.04
NA
NA
NA
NA
NA
0.313
0.04
NA
NA
NA
0.241
NA
NA
NA
0.146
NA
NA
NA
NA
NA
NA
0.072
0.049
NA
NA
NA
0.098
0.044
NA
0.114
0.041
0.143
0.129
0.297
NA
0.187
0.314
NA
NA
NA
0.089
0.284
0.073
NA
NA
NA
NA
0.183
0.188
NA
NA
NA
NA
NA
0.168
NA
NA
NA
0.118
0.201
0.111
NA
NA
NA
NA
0.277
NA
NA
0.179
NA
0.122
0.16
NA
NA
NA
0.029
NA
0.166
NA
NA
NA
0.121
NA
NA
NA
NA
NA
NA
NA
NA
NA
NA
NA
NA
NA
NA
0.253
0
NA
NA
0.171
0.126
NA
0.182
NA
0.351
NA
NA
NA
0.108
NA
NA
0
0.094
NA
NA
NA
NA
NA
NA
0.159
NA
0.376
NA
NA
NA
0.246
NA
NA
NA
0.217
NA
NA
NA
NA
NA
NA
NA
NA
0.155
0.183
NA
NA
NA
NA
0.208
NA
NA
NA
NA
NA
NA
NA
NA
NA
NA
NA
NA
NA
NA
NA
NA
NA
NA
NA
NA
NA
NA
NA
NA
NA
NA
NA
NA
0.203
0.204
NA
NA
NA
NA
NA
NA
NA
NA
NA
NA
NA
NA
NA
NA
NA
NA
0.13
NA
0.221
0.199
NA
NA
NA
0.406
NA
NA
NA
NA
0.139
NA
NA
NA
NA
NA
NA
NA
NA
0.159
0.044
NA
NA
NA
0.23
0.101
NA
NA
NA
0.178
NA
NA
NA
NA
NA
0.115
NA
NA
NA
NA
NA
NA
NA
NA
NA
NA
NA
NA
NA
NA
NA
0.097
0.052
NA
0.175
NA
NA
0.223
0.148
0.251
NA
0.162
NA
NA
NA
NA
0.19
NA
NA
NA
NA
NA
0.196
0.11
0.171
0.111
NA
NA
NA
NA
NA
NA
NA
NA
NA
NA
NA
NA
NA
0.17
NA
NA
NA
NA
NA
0.397
NA
0.182
0.241
NA
NA
0.074
NA
0.115
0.143
NA
NA
NA
NA
NA
0.235
0.167
NA
NA
0.285
0.22
0.149
NA
NA
NA
NA
NA
NA
NA
NA
NA
NA
NA
NA
NA
NA
0.081
0.195
0.184
NA
NA
0.178
NA
NA
NA
NA
NA
NA
NA
NA
NA
NA
NA
NA
NA
NA
NA
NA
NA
NA
NA
NA
0.131
NA
NA
NA
0.046
NA
0.186
NA
0.132
0.188
NA
0.14
0.237
NA
NA
0.08
NA
NA
0.169
NA
NA
0.19
NA
0.231
NA
NA
NA
0.133
NA
NA
NA
NA
NA
NA
NA
NA
NA
NA
NA
NA
NA
NA
0.24
NA
NA
0.052
0.046
NA
0.254
NA
NA
NA
NA
0.189
NA
0.208
0.204
NA
0.165
NA
NA
0.123
NA
NA
NA
NA
NA
NA
NA
NA
0.244
NA
0.103
NA
0.163
0.066
NA
NA
NA
NA
NA
0.196
0.108
0.055
0.125
0.12
0.192
0.366
NA
NA
NA
0.118
NA
NA
NA
NA
NA
0.134
NA
NA
NA
NA
0.141
NA
NA
NA
0.451
NA
0.209
0.288
NA
0.168
0.255
0.196
NA
0.192
NA
0.149
NA
NA
0.168
NA
0.16
0.155
NA
0.284
0.271
0.04
NA
0.135
0.252
NA
NA
NA
0.169
NA
0.103
NA
0.191
NA
NA
NA
NA
NA
0.107
NA
NA
NA
0.355
NA
0.14
0.247
NA
0.182
NA
0.196
NA
NA
NA
0.371
NA
NA
NA
NA
0.138
0.073
0.21
NA
NA
NA
NA
NA
NA
NA
0.133
NA
0.136
NA
NA
NA
NA
NA
NA
NA
0.211
NA
NA
0.255
NA
NA
0.021
0.121
NA
NA
NA
NA
NA
0.237
NA
NA
NA
0.088
NA
NA
0.175
NA
0.59
NA
0.241
NA
NA
NA
0.224
0.036
0
NA
NA
NA
NA
NA
0.129
NA
NA
0.084
0.295
0.142
0.166
NA
NA
NA
0.147
NA
0.125
0.144
NA
NA
NA
0.25
NA
0.119
NA
NA
NA
NA
NA
0.141
NA
0.193
NA
NA
NA
NA
NA
NA
0.033
0.064
NA
NA
NA
NA
NA
NA
NA
NA
NA
0.198
NA
NA
NA
NA
NA
NA
NA
NA
NA
NA
NA
NA
NA
NA
NA
NA
NA
NA
0.191
0.176
NA
NA
0.074
0.224
NA
NA
0.099
NA
0.074
NA
0.158
NA
NA
0.154
0.215
NA
NA
NA
NA
NA
NA
NA
NA
NA
NA
0.291
NA
0.158
0.217
NA
NA
0.16
0.104
NA
NA
NA
0.13
NA
NA
0.058
NA
NA
NA
NA
NA
NA
0.226
0.204
0.47
NA
NA
NA
NA
0.029
0.263
NA
NA
NA
0.062
0.11
0.108
0.138
NA
NA
0.052
0.107
NA
NA
0.103
NA
0.128
0.168
0.177
NA
NA
0.198
0.159
0
0.049
0.238
0.109
0.101
NA
NA
0.072
NA
0.189
NA
NA
NA
NA
0.109
NA
NA
NA
NA
NA
NA
0.2
NA
0.172
NA
NA
NA
NA
0.157
NA
NA
NA
0.141
NA
0.172
0.194
0.08
NA
NA
NA
NA
NA
0.09
0.213
0.269
NA
NA
NA
NA
NA
NA
NA
NA
NA
NA
NA
NA
NA
NA
0.116
0.036
0.19
NA
NA
0.207
0.241
0.074
NA
NA
0.115
NA
0.577
0.122
0
NA
NA
0.157
0.1
0.152
NA
NA
NA
NA
0.109
0.028
NA
NA
NA
NA
NA
NA
0.179
NA
NA
NA
NA
NA
NA
NA
0.245
0.154
0.036
NA
NA
NA
NA
0.112
NA
NA
NA
NA
0.088
NA
NA
NA
NA
NA
0
0
0
NA
NA
NA
NA
0.067
NA
NA
0.121
0.094
0.163
0.096
NA
0.14
NA
0.186
0.145
0.284
0.12
0.093
NA
NA
0.108
NA
NA
NA
NA
NA
NA
NA
0.252
0.197
NA
0.193
NA
NA
0.217
NA
0.052
NA
NA
NA
0.04
0.118
0.234
NA
NA
0.032
0.196
NA
0
0.17
NA
0.037
NA
NA
0.154
NA
0.146
0.114
NA
0.25
NA
0.084
0.045
0.149
NA
NA
0.182
0.243
0.095
NA
NA
0.068
NA
0.23
NA
0.118
NA
NA
NA
NA
NA
NA
NA
NA
NA
NA
0.056
NA
0.098
0.195
NA
0.185
NA
NA
0.271
0.227
0.135
NA
NA
0.231
0.133
NA
NA
NA
NA
0.159
NA
NA
NA
NA
NA
NA
NA
0.064
0.158
0.226
NA
0.188
0.216
0.22
NA
NA
NA
NA
NA
NA
NA
NA
NA
NA
NA
0.103
NA
0.22
0.151
NA
NA
NA
NA
0.18
NA
NA
0.181
NA
NA
0.235
NA
NA
0.181
NA
NA
0.46
NA
NA
0.177
0.167
0.262
NA
0.15
NA
0.073
NA
NA
0.218
0.094
NA
NA
NA
0.084
NA
0.248
0.101
NA
0.188
0.041
0.143
0.2
NA
0.118
0.103
NA
NA
0.154
NA
NA
NA
NA
NA
NA
NA
0.133
0.146
NA
NA
NA
0.103
NA
0.113
NA
NA
0.104
NA
NA
NA
NA
NA
NA
0.081
0.1
0.282
NA
NA
NA
NA
NA
NA
NA
NA
0.236
0.18
NA
0.09
0.089
NA
NA
0.137
NA
0.126
0.129
NA
NA
NA
0.172
NA
NA
NA
NA
NA
NA
NA
NA
0.06
NA
NA
NA
NA
NA
NA
NA
NA
NA
NA
NA
0.076
0.04
NA
NA
NA
0.036
NA
0.172
NA
0.21
0.088
0.036
NA
NA
NA
NA
NA
0.076
0.248
NA
0.059
NA
NA
0.134
0.157
NA
NA
0.035
0.054
0.151
0.173
0.248
NA
NA
NA
NA
0.061
NA
0.253
NA
0.063
NA
0.146
0.146
NA
0.19
NA
0.357
NA
NA
NA
0.115
NA
NA
0.15
0.252
NA
0.036
0.252
0.196
NA
NA
NA
0.182
NA
0.122
0.106
NA
0.16
NA
0.097
0.07
0.157
NA
NA
0.135
0.221
NA
0.134
0.108
0.16
NA
NA
0.123
0.092
NA
NA
NA
NA
0.219
NA
NA
NA
NA
NA
NA
NA
0.074
NA
0.297
0.16
NA
NA
NA
NA
NA
0.164
NA
NA
NA
NA
NA
NA
0.133
NA
NA
NA
NA
NA
NA
NA
NA
NA
NA
NA
NA
NA
NA
NA
NA
NA
NA
NA
NA
NA
NA
NA
NA
NA
NA
NA
NA
NA
NA
NA
NA
NA
NA
NA
NA
NA
NA
NA
NA
NA
NA
0.196
NA
0.104
0.111
0.156
0.047
NA
NA
0.088
NA
NA
0.139
0.131
0.145
0.126
0.04
NA
0.171
0.421
NA
NA
NA
NA
0.131
NA
NA
0.205
0.09
NA
0.165
0.024
NA
0.223
0.193
0.091
NA
NA
NA
NA
NA
NA
NA
NA
NA
NA
NA
NA
NA
NA
NA
NA
0.331
NA
NA
0.212
0.127
0.056
NA
NA
0.036
NA
NA
0.138
NA
NA
NA
NA
NA
0.163
NA
NA
NA
NA
NA
NA
0.149
0.263
NA
0.194
NA
0.209
0.261
NA
NA
NA
NA
NA
NA
NA
NA
NA
NA
NA
NA
NA
NA
NA
NA
0.101
NA
NA
NA
NA
0.137
NA
NA
NA
0.09
NA
NA
NA
NA
NA
0.215
NA
NA
0.202
0.089
NA
NA
NA
NA
0.273
0.117
NA
0.314
NA
NA
NA
0.053
0.102
NA
0.204
NA
0.222
0.262
0.365
NA
NA
NA
NA
0.137
0.202
0.074
0.069
0.05
NA
0.081
0.017
0.069
NA
0.133
0.152
NA
NA
NA
NA
0.079
0.192
0.052
0.065
0.117
0.204
NA
0.328
NA
0.171
0.068
0.159
NA
NA
NA
NA
NA
0.148
NA
NA
0.096
0.328
NA
NA
NA
NA
NA
NA
NA
NA
NA
NA
NA
NA
NA
NA
NA
NA
0.056
0.053
0.059
NA
NA
NA
0.273
0.143
0.159
0.204
0.187
NA
NA
NA
0.054
NA
0.156
0.146
NA
NA
NA
NA
0.036
0.31
0.049
0.145
NA
NA
NA
NA
NA
0.252
NA
NA
NA
NA
0.097
NA
NA
0.227
0.301
0.122
NA
NA
0.129
0.089
NA
0.017
NA
0.087
0.138
0.122
NA
NA
0.176
NA
NA
NA
NA
0.131
NA
0.046
NA
NA
NA
NA
NA
NA
NA
NA
NA
NA
NA
NA
NA
NA
NA
NA
NA
0.163
NA
0.365
NA
0.174
0.098
0.211
NA
0.04
NA
0.121
0.284
NA
NA
NA
NA
NA
NA
NA
NA
NA
NA
NA
0.136
0.196
NA
0.074
NA
NA
NA
NA
0.115
NA
NA
NA
NA
NA
NA
NA
NA
NA
NA
NA
NA
0.085
0.085
NA
0.191
NA
0.126
0.154
0.14
0.093
0.034
NA
0.185
0.105
NA
NA
NA
NA
NA
NA
0.407
0.126
NA
NA
0.291
0.036
0.098
NA
0.167
NA
NA
NA
NA
NA
0.148
NA
0.104
NA
NA
NA
0.083
NA
0.236
0.201
NA
0.13
NA
0.054
NA
0.144
0.129
NA
NA
NA
0.118
NA
0.202
NA
NA
NA
0.165
0.103
NA
NA
0.241
0.166
NA
NA
NA
NA
NA
0.191
0.175
0.142
NA
0.173
0.126
0.101
NA
NA
NA
NA
NA
NA
NA
NA
NA
0.452
NA
NA
NA
NA
NA
NA
NA
NA
NA
NA
NA
NA
NA
NA
NA
NA
NA
NA
NA
NA
NA
NA
NA
NA
NA
NA
NA
NA
NA
NA
NA
NA
NA
0.04
NA
NA
0.04
NA
NA
NA
0.122
0.146
NA
NA
NA
0.114
NA
0.183
NA
NA
NA
0.095
NA
0.307
0.133
NA
0.252
NA
0.138
NA
0.258
0.16
NA
0.121
0.128
0.04
0.14
0.255
NA
0.252
NA
NA
NA
NA
NA
NA
0
NA
NA
NA
0.155
0.233
NA
NA
0.131
NA
NA
NA
NA
NA
NA
NA
0.146
NA
NA
0.074
NA
0.04
NA
NA
0.156
0.19
NA
0.1
NA
0.078
0.143
NA
NA
NA
0.106
0.123
NA
0.162
NA
NA
NA
NA
0.185
NA
NA
NA
0.14
NA
NA
0.115
0.028
0.089
0.028
0.124
0.182
NA
NA
NA
NA
NA
NA
NA
NA
0.182
NA
NA
0.189
NA
NA
NA
NA
NA
0.143
NA
NA
NA
0.048
NA
NA
NA
NA
NA
NA
0.091
NA
NA
NA
0.237
NA
NA
NA
0.235
NA
0.173
0.144
0.05
0.116
NA
0.144
NA
NA
NA
0.123
NA
NA
0.133
NA
NA
NA
NA
NA
NA
NA
NA
NA
NA
NA
NA
NA
NA
NA
NA
NA
NA
NA
NA
0.094
0.129
NA
0.159
0.202
NA
0.228
0.219
NA
0.103
NA
0.141
0.135
NA
NA
NA
NA
NA
NA
0.12
0.111
0.15
NA
NA
0.139
NA
NA
NA
NA
0.122
0.257
0.067
0.166
0.286
0.263
0.182
0.14
0.391
NA
0.23
0.133
0
NA
NA
NA
NA
NA
0.036
NA
NA
NA
NA
NA
NA
NA
NA
NA
NA
NA
NA
0.087
NA
0.184
NA
0.084
0.244
0.149
NA
0.228
0.25
0.113
NA
NA
NA
0.144
0.156
0.282
0.04
NA
NA
NA
NA
NA
NA
NA
NA
NA
NA
0.247
NA
0.287
NA
0.371
0.113
0.036
0.297
NA
NA
NA
0.386
NA
0.176
0.153
0.1
0.077
0.124
NA
0.214
0.046
0.154
0.148
NA
0.066
0.08
0.175
0.167
0.315
NA
0.119
0.289
0.049
NA
NA
0.036
0.06
NA
0.172
0.407
0.208
0.243
NA
NA
0.021
NA
NA
0.244
0.05
NA
0.094
NA
NA
0.104
0.223
NA
0.269
NA
NA
NA
NA
NA
NA
NA
NA
NA
NA
0.084
NA
0.143
NA
NA
NA
NA
NA
NA
0.08
NA
NA
0.196
NA
NA
NA
NA
NA
NA
NA
NA
NA
NA
NA
NA
NA
NA
NA
NA
0.036
0.029
0.11
NA
NA
NA
0.091
0.16
NA
NA
0.071
NA
NA
NA
NA
NA
0.085
0.031
NA
NA
NA
NA
NA
NA
NA
NA
NA
NA
NA
0.022
NA
NA
NA
NA
NA
NA
NA
NA
0
0.182
0.284
NA
0.074
NA
NA
NA
NA
NA
NA
NA
NA
NA
NA
NA
NA
0.278
0.074
0.095
0.142
0.139
0.202
0.101
NA
NA
NA
NA
NA
NA
NA
0.375
0.203
0.266
0.157
NA
NA
NA
NA
NA
NA
NA
NA
0.139
NA
NA
NA
NA
NA
NA
NA
0.116
0.175
0.161
0.124
NA
NA
NA
NA
NA
NA
0.099
NA
NA
NA
0.28
NA
0.124
0.301
0.161
NA
0.093
0.222
0.167
NA
0.209
0.257
NA
0.214
0.112
NA
NA
NA
NA
NA
NA
NA
NA
0.118
NA
0.315
0.135
NA
0.086
0.155
NA
0.179
NA
NA
0.061
NA
0.141
NA
NA
0.036
NA
NA
NA
0.103
NA
NA
NA
NA
NA
NA
NA
NA
NA
NA
NA
NA
NA
NA
NA
0.206
0.112
NA
NA
NA
NA
0.252
NA
NA
0.266
0.117
NA
NA
NA
NA
0.14
NA
0.018
NA
NA
NA
NA
NA
NA
NA
NA
0.111
0.264
0.18
0.117
NA
NA
0.04
0.245
NA
0.168
NA
NA
0.092
0.151
NA
NA
NA
NA
NA
NA
0.172
NA
NA
NA
NA
NA
NA
NA
0.285
0.085
NA
0.018
NA
0.041
0.136
NA
NA
NA
NA
NA
NA
NA
NA
0.144
NA
NA
NA
NA
NA
NA
NA
NA
NA
NA
NA
NA
NA
0.104
NA
NA
0.178
0.144
0.118
0.138
NA
NA
NA
0.406
NA
NA
NA
NA
NA
NA
0.182
NA
NA
NA
NA
NA
NA
0.133
0.252
0.036
NA
NA
NA
NA
NA
NA
NA
NA
NA
NA
NA
NA
NA
0.116
NA
NA
NA
NA
NA
NA
0.118
NA
NA
0.269
NA
NA
0.135
NA
0.04
0.035
0.141
NA
NA
0.257
0.167
NA
NA
NA
NA
NA
NA
0.09
NA
NA
NA
NA
NA
NA
NA
NA
0.19
NA
NA
NA
NA
0.122
0.126
NA
NA
0.151
NA
NA
0.109
0.156
NA
NA
NA
NA
NA
0.12
NA
NA
NA
NA
NA
NA
NA
NA
NA
NA
NA
NA
NA
NA
NA
NA
NA
NA
NA
NA
NA
NA
NA
NA
0.103
NA
NA
NA
NA
NA
NA
NA
NA
0.045
NA
NA
NA
NA
NA
NA
NA
NA
NA
NA
NA
NA
0.089
NA
NA
NA
NA
NA
NA
NA
NA
NA
NA
NA
NA
NA
0.214
NA
NA
NA
0.163
NA
0.244
0.091
0.223
NA
NA
NA
NA
0.252
0.2
0.672
0.234
NA
NA
NA
NA
NA
NA
NA
NA
0.242
NA
NA
NA
NA
0.142
NA
NA
NA
NA
NA
NA
NA
NA
NA
NA
NA
NA
NA
NA
NA
NA
NA
0.182
NA
0.122
0.29
0.182
NA
0.099
NA
NA
NA
NA
NA
NA
NA
NA
0.126
0.21
NA
0.181
0.04
NA
NA
0.266
NA
0.241
NA
NA
NA
NA
NA
NA
NA
0.23
0.266
NA
0.174
NA
NA
NA
NA
NA
0.15
NA
NA
0.252
NA
NA
NA
NA
0.157
0.187
0.187
0.093
NA
NA
NA
NA
0.243
NA
NA
NA
NA
NA
NA
0.194
NA
NA
NA
NA
NA
NA
NA
NA
NA
0.421
0.105
NA
NA
NA
NA
NA
NA
NA
NA
NA
NA
NA
0.215
0.188
0.14
0
0.182
NA
NA
NA
NA
0.113
NA
NA
NA
0.284
NA
0.141
0.156
NA
0.027
NA
NA
NA
NA
NA
0.233
NA
NA
NA
0.097
0.16
NA
NA
NA
NA
NA
NA
NA
NA
NA
0.272
NA
0.036
0.155
NA
NA
NA
NA
NA
NA
NA
NA
0.216
NA
NA
NA
NA
NA
NA
NA
0.203
0.12
0.078
0.148
0.028
NA
NA
NA
0.074
NA
NA
NA
NA
0.077
0.188
NA
NA
NA
NA
NA
NA
NA
NA
NA
0.157
0.098
NA
0.167
NA
NA
NA
NA
0.129
0.317
NA
0.246
0.195
NA
0.222
NA
NA
NA
NA
0.024
NA
NA
0.106
0.19
NA
NA
0.123
NA
NA
NA
NA
0.252
0.221
0.098
NA
NA
NA
NA
NA
NA
NA
NA
0.155
0.164
NA
0.216
0.199
0.09
NA
0.361
NA
NA
NA
NA
NA
0
NA
0.213
0.036
0.152
NA
NA
0.214
NA
NA
NA
NA
0.167
0.136
0.149
0.147
0.108
0.093
NA
NA
NA
NA
NA
NA
0.163
0.351
0.111
0.179
0.068
NA
NA
NA
0.321
NA
0.213
NA
NA
NA
NA
NA
NA
NA
NA
NA
NA
0.046
0.293
NA
0.107
NA
NA
0.077
NA
NA
NA
NA
NA
NA
NA
NA
0.093
0.076
0.088
NA
NA
NA
0.172
0.036
NA
NA
NA
NA
NA
NA
NA
NA
NA
0.143
0.137
NA
NA
NA
NA
NA
0.402
0
NA
NA
NA
NA
NA
NA
NA
0.046
0.029
NA
0.137
NA
NA
NA
0.192
0.182
NA
0.255
NA
NA
NA
NA
NA
NA
0.267
NA
NA
0.154
0.178
NA
NA
NA
0.096
NA
NA
NA
NA
0.186
NA
NA
NA
NA
NA
NA
NA
NA
NA
NA
NA
0.061
NA
NA
NA
NA
NA
NA
NA
NA
NA
NA
NA
0.131
NA
NA
NA
NA
NA
NA
0.059
NA
0.121
NA
NA
0.124
NA
0.036
NA
NA
NA
NA
NA
NA
NA
NA
NA
NA
0.175
0.163
0
0.186
0.165
NA
NA
NA
0.146
0.096
0.167
0.173
0.127
0.155
NA
NA
NA
NA
0.141
0.036
NA
NA
NA
NA
NA
NA
NA
NA
0.585
0.239
0.27
NA
NA
NA
0.208
NA
NA
NA
0.29
0.221
0.057
NA
0.184
0.212
NA
NA
0.151
NA
NA
NA
NA
NA
NA
NA
NA
NA
NA
NA
NA
NA
NA
NA
NA
NA
0.153
NA
NA
NA
NA
NA
0.174
0.188
NA
NA
NA
NA
NA
NA
NA
NA
NA
NA
NA
NA
0.068
NA
NA
0.11
0.227
NA
NA
NA
NA
NA
NA
NA
NA
NA
0.207
NA
NA
NA
NA
NA
NA
NA
NA
NA
0.066
NA
NA
NA
NA
NA
0.211
0.129
NA
NA
NA
NA
NA
NA
NA
NA
NA
NA
NA
NA
NA
NA
NA
NA
NA
NA
0.126
0.149
0.093
NA
NA
NA
NA
NA
NA
0.126
NA
0
NA
NA
NA
NA
NA
NA
NA
NA
NA
0.052
NA
NA
NA
NA
0.165
NA
NA
NA
NA
NA
NA
NA
NA
NA
NA
0.182
0.242
NA
NA
NA
NA
NA
NA
NA
NA
NA
NA
NA
0.093
NA
NA
NA
NA
NA
NA
NA
NA
NA
NA
NA
NA
NA
NA
NA
NA
NA
NA
NA
NA
NA
NA
NA
NA
0.093
NA
NA
NA
NA
NA
NA
NA
NA
NA
NA
NA
NA
NA
NA
NA
NA
NA
NA
NA
NA
NA
0.181
0.172
NA
NA
NA
NA
0.266
NA
NA
NA
NA
NA
NA
NA
NA
NA
0.246
NA
NA
NA
NA
NA
NA
NA
NA
NA
NA
NA
NA
NA
NA
NA
NA
0.06
0.133
NA
0.138
NA
NA
NA
NA
NA
NA
NA
NA
NA
NA
NA
NA
NA
NA
0
NA
0.154
NA
NA
NA
NA
NA
NA
NA
0.045
NA
NA
NA
NA
0.19
0.076
NA
NA
NA
NA
NA
NA
NA
NA
NA
NA
NA
NA
NA
NA
NA
NA
NA
NA
NA
NA
NA
NA
NA
0.192
NA
NA
NA
NA
NA
NA
NA
NA
NA
NA
NA
NA
NA
NA
NA
0.252
NA
0.251
0.054
NA
NA
NA
NA
NA
NA
NA
NA
0.131
0.182
NA
NA
NA
NA
NA
NA
NA
NA
NA
NA
NA
NA
NA
NA
NA
NA
NA
NA
NA
NA
NA
NA
NA
NA
NA
NA
0.207
NA
NA
NA
NA
NA
NA
NA
NA
NA
0.282
NA
NA
NA
NA
NA
NA
NA
NA
NA
NA
NA
NA
NA
NA
NA
NA
NA
NA
NA
NA
NA
0.252
NA
NA
NA
NA
NA
NA
NA
NA
NA
NA
NA
NA
NA
NA
NA
0
NA
NA
NA
NA
NA
NA
NA
NA
0.078
0.154
NA
NA
NA
NA
NA
NA
NA
NA
NA
0.053
NA
NA
NA
NA
NA
NA
NA
NA
NA
NA
NA
NA
NA
NA
NA
NA
NA
NA
NA
NA
NA
NA
NA
NA
NA
NA
NA
NA
NA
NA
NA
NA
NA
NA
NA
NA
NA
NA
NA
NA
0.083
NA
0.103
NA
NA
NA
NA
NA
NA
NA
NA
NA
NA
NA
NA
NA
NA
NA
NA
0.143
NA
NA
NA
NA
0.231
0.225
NA
NA
0.133
NA
NA
NA
NA
NA
NA
NA
NA
0.209
0.171
NA
NA
NA
NA
NA
NA
0.114
0.058
NA
NA
NA
NA
NA
NA
NA
NA
NA
NA
NA
0.088
0.227
NA
0.06
NA
NA
NA
NA
0.349
NA
NA
NA
NA
NA
NA
NA
NA
NA
NA
NA
NA
NA
NA
NA
NA
NA
NA
NA
NA
NA
NA
NA
NA
0.036
0.3
0.252
0.118
0.193
NA
NA
NA
NA
NA
NA
NA
0.093
0.192
0.143
NA
NA
0.031
NA
0.155
NA
NA
NA
NA
NA
NA
NA
NA
NA
NA
0.204
0.17
NA
NA
NA
0.217
NA
NA
NA
NA
NA
NA
NA
NA
NA
NA
NA
NA
NA
NA
NA
NA
NA
NA
NA
NA
NA
0.073
NA
0.193
NA
NA
NA
NA
NA
NA
NA
NA
NA
NA
NA
NA
NA
NA
0.189
0.233
NA
NA
NA
NA
0.231
NA
NA
NA
NA
NA
0.226
0.074
0.074
NA
NA
NA
NA
NA
NA
NA
0.064
NA
NA
NA
NA
NA
NA
0.231
0.196
NA
NA
NA
NA
NA
NA
0.18
NA
NA
NA
NA
NA
NA
NA
NA
NA
0.055
0.108
NA
NA
NA
NA
NA
0.218
0.175
NA
NA
NA
0.062
0.153
NA
NA
NA
0.147
0.23
0.018
NA
NA
0.178
NA
NA
NA
NA
NA
NA
NA
NA
0.123
NA
0.16
NA
NA
NA
NA
NA
NA
NA
NA
NA
0.202
NA
NA
NA
NA
NA
0.128
NA
NA
NA
NA
NA
NA
NA
NA
0.066
0.09
0.23
0.235
0.183
NA
NA
NA
NA
NA
NA
NA
NA
NA
NA
NA
0.113
NA
NA
NA
NA
NA
NA
NA
NA
NA
NA
0.04
0.161
NA
NA
NA
NA
NA
NA
0.036
0.058
NA
0.036
NA
NA
NA
NA
0.186
NA
0.19
NA
NA
0.062
NA
0.162
NA
NA
NA
0.206
NA
NA
NA
NA
0.036
0.103
NA
NA
NA
NA
NA
NA
NA
NA
NA
NA
0.333
NA
NA
NA
NA
NA
NA
NA
NA
0.225
0.05
0.171
NA
NA
0.093
NA
NA
0.194
NA
NA
NA
0.227
NA
NA
NA
NA
NA
NA
NA
NA
NA
NA
NA
NA
NA
NA
NA
0.033
NA
0.241
0.321
NA
NA
NA
NA
NA
0
NA
0.216
NA
0.099
NA
NA
NA
NA
0.172
0.241
NA
NA
0.111
NA
0.295
NA
NA
0.158
NA
NA
NA
NA
NA
NA
0.323
NA
NA
NA
0.093
NA
0.129
0.084
NA
NA
NA
NA
NA
NA
NA
NA
0.09
NA
NA
0.198
NA
NA
NA
NA
NA
NA
NA
NA
NA
0.107
NA
NA
NA
NA
0.184
0.207
NA
NA
NA
NA
0.107
0.252
0.036
NA
0.115
0.148
0.172
NA
NA
NA
NA
NA
NA
NA
NA
0.04
0.04
0.04
NA
NA
NA
NA
NA
NA
0.098
NA
NA
0.183
0.207
NA
NA
NA
NA
NA
NA
NA
0.164
NA
NA
NA
NA
NA
0.036
0.167
NA
NA
NA
NA
NA
NA
0.3
NA
0.228
NA
NA
NA
NA
0.126
NA
NA
NA
NA
NA
0
NA
NA
0.182
NA
NA
NA
NA
NA
0.176
NA
NA
NA
NA
NA
NA
NA
NA
NA
NA
0.133
0.093
NA
NA
NA
0.236
NA
NA
NA
NA
NA
NA
NA
NA
NA
NA
NA
NA
NA
NA
NA
0.152
NA
NA
NA
NA
NA
NA
NA
NA
0.101
NA
NA
NA
NA
0.124
NA
0.14
0.157
NA
NA
NA
NA
NA
NA
NA
NA
NA
NA
NA
0.224
NA
NA
0.181
NA
NA
NA
NA
0.067
NA
NA
NA
NA
NA
NA
0.176
NA
NA
NA
NA
NA
NA
NA
0.083
0.217
NA
NA
NA
NA
NA
NA
NA
NA
NA
NA
NA
NA
NA
NA
NA
NA
NA
NA
NA
NA
NA
NA
NA
NA
NA
0.182
NA
NA
NA
NA
NA
NA
0.187
NA
NA
NA
NA
NA
NA
NA
NA
0.236
NA
NA
0.099
NA
NA
0.143
0.226
NA
NA
NA
NA
NA
NA
0.165
NA
NA
NA
0.196
0.082
NA
0.196
NA
NA
NA
NA
NA
0.17
0.411
NA
NA
NA
NA
0.082
0.103
0.166
0.133
NA
NA
0.146
0.094
0.091
NA
NA
NA
0.04
0.089
NA
0.226
NA
NA
NA
0.115
NA
NA
NA
NA
NA
NA
NA
NA
NA
NA
NA
0.207
NA
NA
NA
0.18
0.166
NA
NA
NA
NA
NA
NA
NA
NA
NA
0.093
0.218
NA
NA
NA
NA
NA
NA
0.116
NA
0.096
NA
NA
NA
NA
NA
NA
0.133
NA
NA
NA
NA
0.063
NA
NA
NA
NA
NA
NA
NA
NA
0.182
NA
0.243
0.175
NA
NA
NA
0.103
NA
NA
NA
NA
NA
NA
NA
NA
0.114
NA
NA
NA
NA
NA
NA
0.044
0.177
NA
NA
NA
0.026
NA
NA
NA
NA
NA
NA
0.089
NA
0.31
NA
NA
NA
0.196
NA
NA
NA
NA
NA
0.174
0.134
0.254
NA
0.267
0.216
NA
NA
NA
NA
NA
NA
NA
NA
NA
NA
NA
NA
NA
NA
NA
0.059
NA
0.289
NA
NA
NA
NA
NA
0.141
NA
NA
NA
0.297
0.196
NA
0.064
NA
NA
0.133
0.33
NA
NA
NA
0.093
NA
NA
NA
NA
NA
NA
0.121
0.084
0.187
NA
NA
NA
NA
NA
NA
NA
NA
0.245
0.16
NA
NA
NA
0.251
NA
NA
NA
NA
NA
NA
0.182
NA
0.094
0
0.106
0.176
NA
NA
0.047
NA
0.223
NA
NA
NA
NA
0.051
NA
NA
0.206
NA
NA
NA
NA
NA
NA
NA
NA
0.083
0.096
NA
NA
NA
NA
NA
0
NA
0.11
NA
0.163
0.227
0.091
0.211
NA
0.216
NA
NA
NA
0.165
0.23
NA
0.199
NA
NA
NA
NA
NA
NA
NA
NA
0.176
NA
NA
0.164
NA
0.134
NA
NA
NA
NA
0.208
0.033
NA
NA
NA
NA
0.096
NA
NA
NA
NA
NA
NA
NA
NA
NA
0.206
NA
0.18
0.094
NA
NA
NA
0.153
0.126
NA
NA
0.201
0.182
NA
0.086
NA
0.131
0.103
NA
0.174
NA
0.168
0.209
0.245
0.116
0.154
NA
NA
NA
0.253
0.202
0.207
NA
NA
0.097
0.027
NA
NA
NA
0.144
NA
0.159
NA
NA
NA
NA
NA
NA
NA
NA
0.049
NA
0.204
0.127
NA
NA
NA
NA
NA
NA
NA
NA
NA
0.163
NA
0.074
0.164
NA
NA
NA
0.226
NA
0.228
0.051
NA
NA
NA
0.141
NA
0.084
NA
NA
0.359
0.147
NA
NA
0.049
0.214
0.083
0.194
0.213
NA
0.274
NA
NA
NA
NA
NA
NA
NA
NA
NA
NA
NA
0.389
NA
NA
NA
NA
0.074
NA
NA
NA
NA
NA
0.185
0.227
NA
NA
NA
NA
NA
NA
0.192
0.04
0.04
NA
NA
0.088
NA
NA
NA
0.107
0.084
NA
NA
NA
NA
NA
NA
NA
NA
NA
0.202
NA
0.122
0.102
NA
NA
0.196
NA
0.257
NA
NA
NA
NA
NA
0.21
NA
0.123
NA
NA
NA
NA
0
NA
0.139
NA
NA
NA
NA
0.082
NA
0.11
0.128
0.204
NA
0.084
NA
NA
NA
NA
NA
0.209
0.074
NA
NA
NA
NA
0.174
NA
0.201
NA
NA
NA
0.26
NA
NA
NA
NA
NA
NA
NA
NA
NA
NA
NA
NA
NA
0.233
NA
NA
NA
NA
NA
NA
NA
NA
NA
NA
NA
NA
0.027
NA
NA
NA
NA
NA
NA
NA
0.064
0.189
0.143
NA
NA
NA
0.131
NA
NA
NA
NA
0.253
NA
NA
0
NA
NA
NA
NA
NA
NA
NA
NA
NA
NA
NA
NA
NA
NA
NA
NA
NA
NA
NA
0.113
NA
0.149
NA
NA
NA
NA
NA
NA
NA
NA
NA
NA
NA
NA
0.189
NA
NA
NA
NA
NA
NA
0.221
NA
NA
NA
NA
NA
NA
NA
NA
NA
NA
NA
0.134
0.222
NA
0.237
NA
0.037
NA
0.262
0.269
NA
0.103
NA
NA
NA
NA
NA
0.124
0.173
NA
NA
NA
NA
0.137
0.132
0.111
NA
NA
0.182
0.09
NA
0.154
NA
0.324
NA
NA
NA
0.194
NA
0.231
0.22
NA
0.165
NA
NA
0.223
0.201
0.233
0.036
0.035
NA
NA
0.084
0.128
NA
NA
NA
NA
NA
0.175
NA
NA
NA
NA
NA
NA
NA
NA
NA
0.082
0.127
NA
NA
NA
NA
NA
NA
0.178
0.11
0.114
NA
NA
NA
0.054
NA
0.069
NA
0.157
0.117
NA
0.054
NA
NA
0.219
0.139
NA
0.232
NA
0.187
NA
0.236
NA
0.219
0.237
NA
NA
0.041
NA
NA
NA
NA
NA
0.107
NA
0.075
0.22
0.123
0.056
0.132
0.184
NA
0.093
0.123
0.143
NA
NA
NA
NA
0.115
NA
0.223
0.133
0.164
NA
NA
NA
NA
NA
NA
NA
NA
NA
NA
NA
NA
NA
NA
NA
0.085
NA
NA
0.13
NA
NA
NA
NA
NA
NA
NA
NA
0.057
0.08
NA
NA
NA
NA
NA
NA
NA
NA
NA
NA
NA
0.089
0.132
0.178
0.074
NA
NA
NA
0
NA
NA
NA
NA
NA
NA
0.226
NA
NA
0.113
NA
NA
NA
0.125
0.256
0.12
0.055
NA
NA
NA
NA
NA
NA
NA
NA
NA
NA
NA
NA
NA
NA
NA
NA
NA
NA
NA
NA
NA
NA
NA
NA
NA
NA
NA
0.142
NA
NA
NA
NA
NA
NA
NA
NA
NA
NA
NA
NA
NA
0.272
NA
NA
NA
NA
NA
NA
NA
NA
NA
NA
0.031
NA
0.13
NA
NA
NA
NA
NA
NA
NA
NA
NA
NA
NA
NA
NA
NA
0.11
NA
NA
NA
0.146
NA
NA
NA
NA
NA
NA
NA
NA
NA
NA
NA
NA
0.233
0.092
0.095
NA
NA
NA
0.16
NA
NA
NA
NA
NA
NA
NA
0.07
0.052
0.069
0.152
NA
NA
NA
NA
NA
NA
NA
NA
0.073
NA
NA
NA
NA
0.194
NA
NA
NA
NA
NA
NA
0.147
0.04
NA
NA
0.175
NA
NA
NA
NA
NA
NA
NA
NA
NA
NA
NA
NA
0.187
NA
NA
NA
NA
0.287
NA
0.175
0.099
NA
0.124
NA
0.187
NA
NA
0.051
0.042
0.141
NA
0.115
0.297
0.24
0.141
NA
NA
NA
0.107
0.117
NA
NA
NA
NA
NA
NA
NA
NA
NA
NA
NA
NA
NA
NA
NA
0.115
NA
NA
0.132
0.125
NA
0.254
0.074
NA
NA
NA
NA
0.165
NA
NA
NA
NA
0.047
NA
NA
NA
NA
NA
NA
NA
NA
NA
NA
0.24
0.04
NA
NA
NA
NA
NA
NA
NA
NA
NA
NA
0.048
NA
NA
0.033
NA
NA
0.191
NA
NA
NA
0.145
NA
NA
NA
NA
NA
NA
NA
NA
NA
NA
NA
NA
NA
NA
NA
NA
NA
NA
NA
0.199
NA
NA
NA
NA
NA
NA
NA
NA
NA
NA
NA
NA
NA
NA
NA
0.067
NA
0.247
NA
NA
0.167
NA
NA
NA
NA
0
0.12
NA
0.178
0.117
NA
NA
NA
0.064
NA
NA
NA
NA
NA
NA
0.043
NA
0.068
0.174
0.084
NA
0.165
NA
0.036
NA
NA
NA
NA
NA
NA
NA
NA
NA
NA
NA
NA
0.187
0.08
NA
NA
NA
0.201
NA
NA
0.073
0.068
NA
0.058
NA
NA
NA
0.04
NA
NA
NA
NA
NA
NA
NA
NA
NA
NA
0.296
0.225
0.045
0.048
NA
NA
NA
NA
NA
0.071
NA
NA
NA
NA
NA
NA
0.264
NA
NA
NA
NA
NA
0.085
0.163
0.198
0.026
NA
NA
NA
NA
NA
NA
NA
NA
0.056
0.053
NA
NA
0.049
NA
NA
0.074
NA
0.081
NA
0.142
0.031
0.034
NA
NA
NA
NA
NA
NA
NA
0.04
NA
0.128
0.407
0.154
NA
NA
NA
NA
NA
NA
NA
NA
0.067
0.327
0.18
NA
0.122
NA
NA
NA
0.089
0.093
NA
0.323
NA
0.146
NA
0.109
NA
NA
NA
NA
0.113
NA
NA
NA
NA
NA
NA
NA
NA
NA
NA
NA
0.131
0.135
NA
0.274
0.083
NA
0.122
0.04
0.134
NA
NA
NA
NA
NA
NA
NA
NA
NA
0.191
NA
NA
NA
NA
0.103
NA
NA
NA
NA
NA
0.093
NA
0.165
0.186
NA
NA
0.026
0.029
NA
NA
NA
NA
0.138
NA
0.1
NA
NA
NA
0.123
NA
0.252
NA
NA
NA
NA
NA
NA
NA
NA
0.253
NA
0.262
0.128
NA
0.193
0.11
0.134
0.117
NA
0.125
NA
0.238
NA
NA
NA
0.176
NA
0.061
NA
NA
NA
NA
NA
0.119
NA
NA
NA
NA
0.126
0.256
0.16
0.238
NA
0.171
0.122
0.063
NA
NA
0.103
0.408
0.422
NA
NA
NA
NA
0.149
0.086
NA
0.107
NA
NA
NA
NA
NA
0.168
0.304
NA
NA
NA
0.188
0.17
NA
0.068
NA
NA
NA
NA
NA
0.203
0.262
0.206
0.232
NA
NA
NA
NA
NA
NA
NA
0.221
0.185
0.197
NA
0.121
NA
0.227
0.093
NA
NA
NA
NA
NA
NA
NA
0.148
0.181
0.074
0.135
NA
0.243
NA
0.23
NA
NA
0.128
NA
NA
NA
0.253
NA
0.052
NA
0.067
0.166
0.259
0.149
0.29
0.29
0.29
NA
0.072
NA
NA
NA
0.099
0.144
NA
NA
0.116
0.107
NA
NA
NA
NA
NA
0.153
0.145
0.135
0.254
NA
NA
0.171
NA
NA
NA
0.261
0.192
0.072
NA
NA
0.255
0.167
0
NA
NA
NA
NA
NA
NA
NA
NA
NA
NA
NA
NA
0.252
NA
NA
NA
NA
0.387
NA
0.253
NA
0.235
NA
NA
NA
NA
NA
NA
NA
NA
NA
NA
NA
NA
NA
NA
NA
0.043
NA
0.103
0.151
0.221
NA
0.174
0.183
0.102
0.165
0.138
0.091
0.153
0.266
NA
NA
0.207
NA
NA
NA
0.04
NA
NA
NA
NA
NA
NA
NA
NA
0.055
NA
NA
0.106
NA
0.035
NA
NA
NA
NA
NA
NA
NA
NA
0.156
NA
NA
0.129
0.242
0.167
0.127
0.175
0.183
NA
NA
0.172
0.142
NA
0.263
NA
NA
0.152
0.117
0.134
0.243
0.236
0.136
NA
NA
NA
NA
NA
NA
NA
NA
NA
NA
NA
NA
NA
NA
NA
NA
NA
0.082
0.072
0.059
NA
0.129
0.04
NA
NA
NA
NA
NA
NA
NA
0.266
0.187
NA
NA
0.356
0.181
0.239
NA
0.226
0.162
0.185
NA
0.159
NA
NA
NA
NA
NA
NA
0.201
0.268
0.155
0.258
0.197
0.199
NA
NA
NA
NA
0.174
0.063
NA
0.055
0.045
NA
NA
0.163
NA
NA
0.11
0.082
NA
0.072
0.094
0.092
0.35
NA
0.11
0.228
0.195
NA
0.169
NA
0.261
0.138
0.059
0.124
NA
NA
NA
NA
0.073
0.24
0.121
0.266
0.168
0.218
0.129
NA
0.313
0.403
0.09
0.146
0
0.342
NA
NA
NA
NA
NA
NA
0.225
0.184
NA
0.198
0.04
0.174
NA
0.246
0.168
0.037
0.17
0.114
NA
NA
NA
NA
NA
0.201
0.23
0.103
NA
NA
0.085
0.148
0.074
0.25
NA
0.107
NA
0.076
NA
NA
NA
NA
NA
NA
NA
NA
NA
0.175
NA
NA
NA
NA
NA
0.202
0.179
NA
0
0
0
0.036
0.024
0.193
0.227
0.132
NA
0.333
0.167
0.062
NA
0.142
0.186
0.099
0.035
0.132
NA
NA
NA
0.234
NA
NA
NA
NA
NA
0.019
0.128
0.196
NA
0.088
NA
0.07
NA
NA
NA
NA
0.093
0.165
0.146
NA
0.048
0.059
NA
NA
NA
0.175
0.339
0.141
0.102
NA
0.14
NA
0.313
NA
NA
NA
NA
NA
NA
NA
0.263
NA
NA
NA
0.266
0.236
NA
NA
NA
NA
0.092
0.081
NA
0.121
0.36
0.202
NA
NA
NA
NA
0.157
NA
NA
NA
NA
NA
0.098
0.076
NA
NA
NA
NA
0.207
NA
NA
NA
NA
NA
NA
NA
NA
NA
NA
NA
NA
NA
0.189
0.211
NA
0.195
NA
0.26
0.266
0.151
0.085
NA
NA
NA
NA
NA
NA
0.105
0.171
NA
NA
0.174
0.12
NA
NA
NA
NA
NA
NA
0.182
NA
NA
0.249
NA
0.238
0.093
0.04
NA
0.071
NA
NA
0.164
0.13
0.112
0.183
NA
0.114
NA
0.09
0.077
0.246
0.21
NA
0.243
0.036
NA
0.075
0.133
NA
0.122
0.069
0.166
NA
0.09
0.175
NA
NA
NA
NA
NA
0.065
NA
0.169
0.068
NA
NA
NA
0.19
0.125
NA
NA
NA
NA
NA
0.139
0.059
NA
NA
NA
0.127
NA
NA
NA
NA
0.05
0.057
NA
NA
NA
NA
0.04
NA
0.04
0.299
NA
NA
0.164
NA
0.162
0.076
NA
NA
NA
0.233
0.071
NA
NA
NA
NA
NA
NA
NA
NA
NA
NA
NA
NA
NA
0.291
NA
NA
NA
NA
0.092
NA
NA
NA
0.135
0.187
NA
0.169
NA
NA
NA
NA
NA
NA
NA
NA
NA
NA
NA
NA
NA
NA
NA
NA
0.243
NA
NA
0.342
NA
NA
NA
0.185
0.112
0.226
NA
0.087
NA
0.211
0.216
NA
0.215
0.243
0.153
NA
NA
NA
NA
NA
NA
NA
0.207
NA
NA
NA
NA
NA
NA
NA
NA
NA
NA
NA
NA
NA
0.139
NA
NA
NA
NA
NA
NA
NA
NA
NA
NA
NA
NA
0.135
NA
NA
NA
0.163
NA
NA
0.11
0.101
0.191
NA
0.197
NA
NA
NA
NA
NA
NA
NA
NA
0.17
0.087
NA
NA
NA
NA
NA
NA
NA
NA
NA
NA
NA
NA
NA
NA
NA
NA
0.22
NA
0
NA
NA
NA
NA
NA
NA
NA
NA
NA
NA
NA
NA
NA
NA
NA
NA
0.114
NA
NA
NA
NA
NA
NA
NA
NA
NA
NA
NA
NA
NA
NA
NA
NA
NA
NA
NA
NA
NA
NA
0.045
NA
NA
NA
NA
0.266
0.067
0.224
NA
NA
0.062
NA
NA
NA
NA
0.146
NA
NA
0.261
0.179
NA
0.156
NA
NA
NA
0.253
NA
NA
0.19
NA
NA
NA
0.066
0.208
NA
NA
NA
NA
NA
NA
0.28
0.135
0.076
NA
NA
NA
0
NA
NA
NA
NA
NA
NA
NA
NA
NA
0.19
NA
NA
NA
NA
NA
NA
NA
NA
NA
NA
NA
NA
NA
NA
NA
NA
NA
NA
NA
NA
NA
NA
0.207
NA
NA
NA
NA
NA
NA
NA
NA
NA
NA
NA
NA
NA
NA
NA
NA
NA
NA
NA
NA
0.234
NA
0.182
0.118
0.255
NA
NA
NA
NA
NA
NA
NA
NA
NA
NA
NA
0.128
NA
NA
NA
NA
0.254
NA
NA
NA
NA
NA
NA
NA
NA
NA
NA
NA
NA
NA
NA
0.182
NA
NA
NA
NA
NA
NA
NA
NA
NA
NA
NA
NA
NA
NA
0.052
NA
NA
NA
NA
NA
NA
NA
NA
NA
NA
NA
NA
NA
NA
NA
NA
NA
NA
NA
NA
NA
NA
NA
NA
NA
NA
0.212
NA
NA
NA
NA
NA
NA
NA
NA
NA
NA
NA
NA
NA
NA
NA
NA
NA
NA
NA
NA
NA
NA
0.371
NA
NA
NA
NA
NA
NA
NA
NA
NA
NA
0.372
0.196
0.036
NA
0.268
NA
NA
NA
NA
NA
NA
0.198
NA
NA
NA
NA
NA
NA
NA
NA
NA
NA
NA
NA
NA
NA
NA
NA
NA
0.051
0.046
NA
NA
NA
NA
0.02
NA
NA
NA
0.134
NA
NA
NA
NA
NA
NA
NA
NA
NA
NA
NA
NA
NA
NA
0.021
NA
0.153
NA
NA
NA
NA
NA
NA
NA
NA
NA
NA
NA
NA
NA
0.048
0.157
NA
NA
NA
NA
NA
NA
NA
NA
NA
NA
NA
NA
NA
NA
NA
NA
NA
NA
NA
NA
0.052
NA
NA
NA
NA
NA
NA
NA
NA
NA
NA
NA
NA
NA
NA
NA
NA
NA
NA
NA
NA
NA
NA
NA
NA
NA
NA
NA
NA
NA
0.159
NA
NA
0.149
0.09
NA
0.243
NA
NA
NA
NA
NA
NA
NA
NA
NA
NA
NA
NA
NA
0.172
NA
NA
NA
NA
NA
0.343
NA
NA
NA
NA
NA
NA
NA
NA
NA
0.04
NA
NA
NA
NA
NA
NA
NA
NA
NA
NA
NA
NA
NA
NA
NA
NA
NA
NA
NA
NA
NA
NA
NA
NA
NA
NA
NA
NA
NA
NA
NA
NA
NA
NA
NA
NA
NA
NA
NA
NA
NA
NA
0.138
NA
NA
NA
NA
NA
NA
NA
NA
NA
NA
NA
NA
NA
NA
NA
0.135
0.18
NA
0.091
NA
0.127
NA
0.093
NA
0.118
NA
NA
NA
NA
NA
NA
NA
NA
0.198
0.053
0.099
NA
NA
NA
NA
NA
NA
0.136
NA
NA
NA
NA
NA
NA
NA
NA
NA
NA
NA
NA
0.108
NA
NA
NA
NA
NA
NA
NA
NA
NA
NA
NA
NA
NA
NA
NA
NA
NA
NA
NA
NA
NA
NA
NA
NA
NA
NA
NA
NA
NA
NA
NA
NA
NA
NA
NA
NA
NA
NA
NA
NA
NA
NA
NA
NA
NA
NA
NA
NA
NA
0.052
0.047
0.099
NA
NA
NA
NA
NA
NA
NA
NA
NA
NA
NA
NA
NA
NA
NA
NA
NA
NA
NA
NA
NA
NA
NA
NA
NA
NA
NA
NA
NA
NA
NA
NA
0.179
0.037
0.048
0.186
NA
NA
NA
NA
NA
NA
NA
NA
NA
NA
NA
NA
NA
NA
NA
NA
NA
NA
NA
NA
NA
NA
NA
NA
NA
NA
NA
NA
NA
NA
NA
NA
NA
NA
NA
NA
NA
NA
NA
NA
NA
NA
NA
NA
NA
NA
NA
0.103
NA
NA
NA
NA
NA
NA
NA
NA
NA
NA
NA
NA
NA
NA
NA
0.181
0.245
NA
NA
NA
NA
NA
NA
NA
NA
NA
0.144
NA
0.28
NA
NA
NA
0.03
NA
NA
NA
NA
NA
NA
NA
NA
NA
NA
NA
NA
NA
NA
NA
NA
NA
NA
NA
NA
NA
NA
NA
NA
0.334
NA
NA
NA
0.04
NA
NA
NA
0.102
NA
NA
NA
NA
NA
NA
NA
NA
NA
NA
NA
NA
NA
NA
NA
NA
NA
NA
NA
NA
NA
0.128
NA
NA
NA
0
NA
NA
0
NA
NA
NA
NA
NA
NA
NA
NA
NA
NA
NA
NA
NA
NA
NA
NA
NA
NA
0.163
0.225
0.086
0.187
0.065
NA
NA
NA
NA
NA
0.04
0.138
NA
NA
NA
NA
NA
NA
NA
NA
NA
NA
NA
NA
NA
NA
NA
0.032
0
0.116
NA
NA
NA
NA
NA
NA
NA
NA
NA
NA
NA
NA
NA
NA
NA
NA
0.033
0.334
NA
NA
NA
NA
NA
0.036
NA
NA
NA
NA
NA
NA
NA
NA
NA
0.183
0.149
NA
NA
0.151
0.257
NA
NA
NA
NA
0.139
NA
NA
NA
NA
NA
NA
NA
NA
NA
NA
0.146
NA
NA
0.252
0.252
NA
NA
NA
NA
NA
NA
NA
NA
NA
NA
NA
NA
NA
NA
NA
0.172
0.168
NA
NA
0.227
NA
NA
NA
NA
NA
NA
NA
NA
NA
0.029
NA
NA
0.036
0.253
0.063
NA
0.174
0.26
NA
NA
NA
0.318
NA
NA
NA
NA
NA
NA
NA
NA
NA
NA
0.029
NA
NA
NA
NA
NA
NA
0.233
NA
NA
NA
NA
NA
NA
NA
0.177
0.151
NA
NA
NA
0.116
NA
NA
NA
NA
NA
NA
0.148
0.281
NA
0.071
0.136
NA
0.051
NA
NA
0.244
NA
NA
NA
0.193
NA
0.078
0.119
0.088
NA
NA
NA
NA
NA
NA
NA
NA
NA
NA
NA
0.134
NA
NA
NA
NA
NA
NA
0.13
0.188
0.189
0.089
NA
NA
NA
NA
NA
NA
NA
NA
NA
NA
NA
NA
NA
NA
NA
NA
NA
0.346
NA
NA
NA
NA
NA
NA
NA
NA
NA
NA
NA
NA
NA
NA
NA
NA
NA
NA
0.084
NA
0.082
NA
NA
NA
0.286
NA
0.063
NA
NA
NA
NA
NA
NA
0.058
NA
NA
NA
NA
NA
0.1
0.145
NA
0.093
NA
NA
NA
NA
0.022
NA
NA
NA
0.352
NA
NA
NA
NA
NA
NA
NA
NA
NA
NA
NA
0.231
0.176
NA
NA
NA
0.089
NA
NA
NA
NA
NA
NA
NA
NA
0.155
NA
0.036
NA
0.083
NA
NA
NA
NA
NA
NA
NA
NA
NA
NA
NA
NA
0.257
NA
NA
NA
NA
NA
0.257
NA
NA
NA
0.136
NA
NA
NA
0.084
NA
NA
NA
0.174
NA
NA
NA
0.297
0.064
NA
0.199
0.145
0.222
NA
0.159
0.303
NA
NA
0.159
NA
NA
NA
NA
NA
0.107
0.115
NA
NA
0.113
NA
NA
NA
NA
NA
0.265
0.237
NA
NA
NA
NA
NA
NA
NA
0.167
NA
0.23
NA
0.136
0.123
0.146
NA
NA
NA
0.141
0.17
NA
0.252
0.141
NA
NA
0.115
NA
NA
NA
0.237
NA
NA
NA
NA
NA
NA
NA
NA
NA
NA
NA
NA
NA
0.166
NA
NA
NA
NA
NA
NA
NA
NA
NA
NA
0
0
NA
NA
NA
0.122
0.228
0.086
NA
0.036
NA
NA
0.051
NA
NA
NA
0.205
0.139
0.339
NA
NA
NA
NA
NA
NA
NA
0.183
NA
NA
0.118
NA
0.118
NA
NA
NA
NA
NA
NA
NA
NA
NA
0.124
0.207
NA
0.075
0.04
NA
NA
NA
NA
NA
0.167
0.121
NA
NA
0.151
0.153
0.21
NA
NA
NA
NA
NA
NA
0.207
0.403
0.113
0.118
NA
NA
0.112
0.176
NA
0.343
NA
NA
NA
0.316
0.437
0
NA
NA
NA
0.207
0.289
NA
NA
NA
0.045
NA
0.124
0.224
NA
NA
NA
NA
NA
NA
NA
0.127
0.108
0.119
NA
NA
0.172
0.12
NA
NA
0.056
NA
0.04
0.14
0.204
NA
0.396
NA
0.231
0.262
NA
0.114
NA
NA
NA
NA
0.125
NA
0.098
NA
0.53
NA
NA
NA
NA
NA
0.18
NA
NA
NA
NA
NA
NA
NA
NA
NA
NA
0.088
0.015
0.11
0.074
0
NA
NA
NA
NA
NA
NA
NA
NA
NA
NA
NA
NA
NA
NA
NA
NA
NA
0.225
0.146
NA
NA
NA
NA
0.114
0.082
0.128
0.277
0.074
0.197
0.033
NA
NA
0.147
0.315
NA
0.132
0.215
NA
NA
NA
NA
NA
NA
NA
0.028
0.032
NA
0.119
NA
NA
0.024
NA
NA
0.04
0.099
0.499
NA
NA
0.067
0.259
0.08
0.082
NA
NA
0.142
NA
0.172
NA
0.203
NA
NA
NA
NA
NA
NA
0.087
NA
0.174
NA
0.244
NA
NA
NA
NA
NA
NA
NA
NA
NA
0.107
NA
0.04
0.181
NA
0.187
0.172
0.281
0.241
NA
NA
NA
0.036
0.231
NA
NA
NA
0.04
NA
0.04
0
NA
NA
0.175
0.179
0.139
0.093
0.282
NA
0.04
NA
NA
NA
NA
NA
NA
NA
NA
0.501
0.051
0.074
NA
NA
NA
0.093
0.185
NA
0.086
NA
NA
NA
0.237
NA
0.102
NA
NA
NA
0.182
NA
NA
NA
NA
NA
0.185
NA
0.241
NA
0.172
NA
0.164
NA
NA
NA
NA
0.117
0.214
0.183
0.196
NA
NA
0.103
0.103
0.167
NA
NA
0.162
NA
NA
NA
NA
0.209
0.14
0.072
NA
NA
NA
NA
NA
NA
0.177
NA
0.136
0.074
0
NA
NA
0.091
0.215
NA
NA
0.273
0.196
NA
0.117
0.128
NA
0.352
0.201
0.085
0.062
NA
0.148
NA
NA
NA
0.122
0.067
NA
NA
0.141
NA
0.145
NA
0.187
NA
NA
NA
NA
NA
NA
NA
NA
NA
NA
NA
NA
0.056
NA
NA
NA
0.213
0.093
NA
0.11
NA
NA
0.147
NA
NA
NA
0.053
0.259
0.239
0.099
0.199
NA
NA
NA
NA
NA
NA
NA
0.162
0.081
NA
NA
0
0.035
NA
NA
NA
NA
NA
NA
NA
NA
NA
NA
NA
0.264
0.178
NA
NA
NA
NA
NA
0.22
NA
NA
0.113
NA
NA
0.068
0.076
NA
NA
NA
NA
NA
NA
NA
NA
0.112
0.157
NA
0.218
NA
NA
NA
NA
NA
0.101
NA
NA
NA
NA
NA
NA
NA
NA
NA
NA
NA
0.185
NA
0.152
NA
NA
0.04
0.032
NA
NA
0.074
NA
NA
NA
NA
NA
NA
NA
NA
NA
NA
0.175
0.116
NA
NA
NA
0.291
NA
NA
NA
NA
NA
NA
0.157
NA
0.241
0.266
NA
NA
0.121
NA
NA
NA
NA
NA
NA
NA
NA
NA
NA
NA
NA
0.117
0.066
NA
NA
0.058
0.126
NA
NA
NA
NA
NA
NA
NA
NA
NA
NA
NA
NA
0
0.15
NA
NA
NA
NA
NA
0.182
0.103
NA
0.073
NA
NA
0.103
NA
NA
NA
0.097
NA
0.076
0.145
NA
0.253
NA
0
NA
NA
NA
0.091
0.15
NA
NA
0.12
0.12
NA
NA
0.148
NA
NA
NA
0.14
NA
NA
NA
NA
0.344
0.377
NA
NA
NA
NA
NA
NA
NA
NA
NA
0.056
NA
0.319
NA
NA
0.168
NA
NA
NA
NA
NA
NA
NA
0.074
0.04
0.44
0.184
NA
NA
NA
NA
NA
NA
NA
NA
0.13
0.121
0.04
NA
0.386
NA
NA
NA
NA
0.142
NA
NA
NA
0.06
0.103
NA
NA
NA
NA
NA
NA
NA
NA
NA
NA
NA
NA
0.141
NA
NA
NA
NA
NA
0.036
NA
0.009
NA
0.201
0.198
0.356
0.287
0.05
NA
0.183
0.093
0.216
NA
NA
NA
NA
NA
NA
0.239
NA
NA
NA
NA
NA
NA
NA
0.251
NA
NA
0.189
0.092
NA
NA
NA
NA
NA
NA
NA
NA
NA
NA
NA
0.252
NA
0.106
NA
NA
NA
0.122
NA
NA
NA
NA
0.207
0.074
NA
NA
NA
0.124
NA
NA
NA
NA
NA
NA
NA
NA
NA
0.103
NA
0.106
NA
0.134
NA
0.041
0.214
0.174
NA
NA
NA
NA
NA
NA
NA
0
0.119
0.127
0.315
NA
0.208
NA
NA
NA
NA
NA
NA
NA
NA
NA
NA
0.166
NA
NA
NA
NA
0.141
NA
NA
NA
NA
NA
NA
NA
NA
NA
NA
0.172
0.055
NA
NA
NA
NA
NA
NA
0.215
0.17
NA
NA
NA
NA
NA
NA
NA
NA
NA
0.192
0.105
0.107
NA
NA
NA
NA
NA
NA
NA
NA
NA
NA
NA
NA
NA
NA
NA
0.211
NA
NA
NA
NA
0.226
NA
0.091
0.242
0.079
NA
NA
NA
NA
NA
NA
NA
NA
NA
NA
NA
NA
NA
NA
NA
NA
NA
NA
NA
NA
NA
NA
NA
NA
0.318
NA
NA
NA
0.152
NA
NA
NA
0.086
0.146
NA
NA
0.071
NA
0.187
NA
NA
NA
NA
NA
NA
NA
NA
NA
0.158
0.189
NA
NA
0.103
NA
NA
0
NA
NA
0.095
NA
NA
NA
NA
0.164
NA
NA
NA
NA
NA
0.216
NA
NA
NA
NA
NA
0.207
NA
NA
NA
NA
NA
0.142
NA
NA
0.034
NA
NA
0.185
0.074
NA
NA
0.164
0.074
0.136
0.122
NA
NA
NA
0.187
NA
NA
NA
NA
NA
0.231
NA
0.176
0.113
NA
0.208
NA
NA
NA
NA
NA
0.069
NA
0.214
NA
NA
NA
0.119
0.097
NA
0.225
NA
NA
NA
NA
0.055
NA
0.245
NA
NA
NA
NA
0.188
0.105
NA
NA
NA
0
NA
0.04
NA
0.059
NA
NA
NA
NA
NA
NA
NA
NA
0.156
0.214
NA
0.252
NA
0.102
NA
NA
0.04
0.215
NA
NA
NA
NA
0.044
NA
NA
NA
NA
NA
NA
NA
0.228
NA
NA
NA
NA
0.283
NA
NA
NA
NA
NA
NA
NA
NA
NA
0.24
NA
NA
NA
0.197
NA
0.247
0.074
0.235
NA
NA
0.173
NA
0.09
NA
0.096
NA
NA
0.027
0.157
NA
0.342
NA
0.103
NA
NA
NA
NA
0.145
NA
0.209
NA
NA
NA
NA
0.157
NA
NA
NA
NA
NA
NA
0.15
0.104
NA
0.234
NA
NA
NA
0.091
NA
NA
NA
0.091
NA
NA
NA
0.06
NA
NA
0.118
NA
0.271
0.036
NA
NA
