0.335
0.082
0.618
0.536
0.407
0.493
0.414
0.508
0.412
0.362
0.628
0.62
0.522
0.978
0.997
0.339
0.456
0.745
0.245
0.694
0.996
0.258
0.389
0.618
0.532
0.435
0.584
0.562
0.423
0.546
0.518
0.78
0.507
0.597
NA
NA
NA
NA
0.998
0.534
0.578
0.537
0.639
0.996
0.139
0.625
0.713
0.702
0.574
0.993
0.551
0.682
0.206
NA
0.161
0.999
NA
0.384
0.366
0.67
0.234
0.279
0.301
0.72
NA
0.029
0.575
0.994
0.683
0.219
NA
NA
NA
NA
NA
NA
NA
NA
0.517
NA
0.903
0.931
0.829
NA
0.299
0.405
0.199
0.81
0.209
0.707
0.331
0.417
0.295
0.485
0.432
0.448
0.549
0.032
0.399
0.569
0.56
0.631
0.973
0.996
0.795
0.86
0.2
0.339
0.138
0.302
0.999
0.628
NA
0.978
0.962
0.961
0.111
0.976
0.692
0.557
0.056
0.616
0.621
0.379
0.685
NA
0.99
0.463
0.998
0.422
NA
NA
0.92
0.231
0.35
0.92
0.445
0.526
0.575
0.347
0.311
0.404
0.4
0.411
0.992
0.102
0.999
0.63
0.21
0.268
0.367
0.574
NA
0.527
0.996
0.372
0.172
0.141
0.533
0.103
0.522
0.982
0.231
0.468
0.396
0.459
0.492
0.449
0.439
0.164
0.388
0.603
0.573
0.145
0.301
0.467
0.6
0.504
0.231
0.324
0.887
0.212
0.318
0.563
0.558
0.016
0.371
NA
0.663
NA
0.55
0.241
0.987
0.541
0.497
NA
NA
NA
0.856
0.68
0.7
0.389
0.996
0.747
0.714
0.689
0.491
NA
0.805
0.956
0.997
0.668
0.263
0.495
0.525
0.588
0.569
0.288
0.697
0.601
0.624
0.442
0.327
0.39
0.68
0.605
0.531
0.726
0.642
0.586
0.722
0.147
0.136
0.34
NA
NA
NA
NA
0.397
0.414
0.659
0.439
NA
NA
0.379
0.908
0.576
NA
0.371
1
0.327
0.284
0.348
NA
0.347
0.237
0.671
0.851
0.683
0.645
0.504
0.483
1
0.193
0.21
0.285
0.227
0.179
0.179
0.123
0.994
0.583
0.504
0.523
0.466
0.56
0.289
NA
0.996
0.501
0.554
0.512
0.697
0.735
0.635
NA
0.968
0.549
0.702
0.721
0.457
0.999
0.489
0.576
0.48
0.552
0.548
0.668
0.555
0.54
0.467
0.633
0.497
0.802
0.716
NA
0.43
0.429
0.747
NA
0.347
0.296
0.298
0.106
NA
NA
0.379
0.334
0.629
0.231
0.608
0.21
0.501
0.996
0.48
0.377
0.259
0.246
0.66
0.553
0.389
0.49
0.446
0.33
0.516
0.28
0.372
NA
0.171
0.682
0.611
0.032
0.36
0.327
0.13
0.597
0.38
NA
0.128
0.728
0.32
0.409
0.508
0.097
0.998
0.664
NA
0.343
0.475
0.422
0.666
0.35
0.164
NA
0.269
0.331
0.241
0.535
0.41
0.346
0.441
0.262
0.971
0.45
0.23
0.609
NA
0.221
0.134
0.519
0.555
0.343
0.373
0.997
0.549
0.03
0.468
0.762
0.425
0.419
0.39
0.936
0.429
0.394
0.805
0.941
NA
NA
0.439
0.795
0.605
0.413
0.536
0.981
0.35
0.411
0.345
0.714
0.798
0.529
0.598
0.594
0.559
0.588
0.683
0.988
0.761
0.997
NA
0.083
0.313
0.567
0.642
0.812
0.994
NA
0.551
0.357
0.366
0.315
0.425
0.616
0.558
0.445
0.301
0.18
0.985
0.373
0.297
0.339
0.289
0.077
0.604
NA
0.694
0.359
0.851
NA
0.738
0.08
0.358
0.679
NA
NA
0.606
NA
0.139
0.148
0.457
0.164
0.984
0.355
0.254
0.206
0.486
0.63
0.593
0.589
0.662
0.667
0.715
0.688
0.377
0.592
0.496
0.876
0.585
0.228
0.382
0.234
NA
0.66
0.322
0.648
0.586
0.34
NA
0.991
0.014
0.676
0.988
0.569
0.387
0.151
0.42
NA
0.668
0.499
0.936
0.973
0.36
0.999
0.67
0.785
0.359
0.295
0.32
0.983
0.969
0.4
NA
NA
0.112
0.662
0.145
NA
0.983
0.074
0.669
NA
NA
NA
0.605
0.656
0.549
0.354
0.228
0.634
0.72
0.467
0.575
0.493
0.508
0.524
0.33
0.401
0.643
0.371
0.177
0.378
0.993
0.501
0.478
0.557
0.995
0.633
0.6
0.994
0.847
0.666
0.587
0.52
0.588
0.489
0.432
0.445
0.551
0.338
0.464
0.523
NA
0.559
0.112
0.878
0.455
0.544
0.135
0.212
0.133
0.249
0.162
0.466
0.465
0.458
0.524
0.412
0.207
0.692
0.447
0.472
0.847
0.847
0.809
0.938
0.227
0.415
NA
0.65
0.602
0.168
0.176
0.139
0.151
0.274
0.409
0.481
0.449
NA
0.198
0.342
0.628
0.271
0.54
0.391
NA
NA
NA
NA
NA
NA
NA
NA
0.071
0.998
0.449
0.383
0.318
1
0.049
0.212
0.938
0.994
0.659
0.584
1
0.141
0.166
0.383
0.577
0.85
0.818
0.999
0.85
0.228
NA
0.624
0.577
0.622
0.212
0.664
0.404
0.296
0.429
0.431
0.089
0.321
0.252
NA
NA
NA
NA
NA
NA
NA
NA
NA
NA
NA
NA
NA
0.648
0.594
0.021
0.013
0.34
NA
NA
NA
NA
NA
NA
NA
NA
NA
0.965
0.457
0.976
0.59
0.479
0.441
0.457
0.411
0
0.988
0.281
0.76
0.081
0.274
0.198
0.14
0.31
0.963
0
0.036
0.341
NA
0.254
0.249
0.41
0.331
0.394
0.376
NA
NA
NA
0.548
0.67
0.67
0.521
0.266
0.657
0.994
0.767
0.45
0.503
0.502
0.31
0.515
0.455
0.553
0.586
NA
NA
0.978
0.309
0.416
0.394
0.428
0.459
0.451
0.384
0.41
0.44
0.427
0.455
0.406
0.541
0.336
0.61
0.397
0.37
0.5
0.462
0.646
0.141
0.261
0.48
0.398
0.738
0.396
0.416
0.316
0.414
0.466
0.555
0.199
0.643
0.393
0.494
0.513
0.26
0.811
0.439
0.519
0.519
0.06
0.77
NA
0.949
0.881
0.905
0.224
0.331
0.321
0.463
0.106
0.585
0.302
0.322
0.373
0.536
0.451
0.37
0.307
0.498
0.99
NA
0.21
NA
0.142
0.293
0.985
NA
NA
NA
NA
0.245
0.423
0.994
0.984
0.497
0.52
0.441
0.508
0.988
0.249
0.481
0.467
0.54
0.49
0.394
0.648
0.346
0.651
0.669
0.524
NA
NA
0.432
0.481
0.994
0.535
0
0.443
NA
0.48
0.518
0.351
0.518
NA
0.569
0.453
0.969
0.446
0.378
NA
0.818
0.999
0.999
0.85
0.539
0.988
0.452
0.366
NA
0.334
0
0.1
0.389
0.967
0.412
0.252
0.502
0.174
0.153
0.355
0.258
0.34
NA
NA
0.029
0.375
0.251
0.504
0.362
0.219
0.214
NA
0.223
0.233
0.489
0.374
0.535
0.455
0.738
0.687
0.178
NA
NA
NA
0.993
0.476
0.497
0.452
0.271
0.638
NA
0.534
0.48
0.26
0.212
0.723
0.656
0.572
0.525
0.622
0.574
0.492
0.486
0.993
0.796
0.763
NA
0.182
0.995
0.349
0.515
0.998
0.338
0.308
0.323
0.36
0.265
0.242
0.424
0.47
0
0
0
0.833
0.519
0.449
0.557
0.262
0.357
0.544
0.577
0.521
0.546
0.344
0.608
0.037
0.386
NA
0.723
NA
0.587
0.998
1
0.535
0.27
1
0.662
0.3
0.435
0.487
0.561
0.98
0.938
0.98
0.888
0.623
0.938
0.938
0.614
0.997
0.373
0.999
NA
NA
NA
NA
NA
NA
0.687
0.917
0.341
0.695
0.544
NA
0.818
0.632
0.151
0.993
0.527
0.991
0.313
0.295
0.257
0.255
0.417
0.294
0.251
0.245
0.189
0.833
1
1
NA
NA
1
0.349
NA
0.021
1
1
0.616
0.93
0.147
0.56
0.46
0.455
0.445
0.473
0.497
0.28
0.381
0.159
0.504
0.707
0.316
0.317
0.364
0.284
NA
NA
NA
NA
NA
NA
NA
NA
NA
0.566
0.254
0.965
NA
NA
0.335
NA
NA
NA
0.237
0.191
NA
NA
0.677
0.998
0.095
NA
0.996
0.391
0.979
0.484
0.245
0.357
0.385
0.252
0.119
NA
0.997
NA
0.46
0.995
0.61
0.337
0.276
0.39
0.396
0.446
0.487
0.983
0.205
0.804
0.972
NA
0.273
0.123
0.334
0.38
0.318
0.318
0.318
0.329
0.391
0.998
0.268
0.242
0.191
NA
0.987
0.353
0.314
0.325
0.117
0.184
0.26
0.43
0.141
0.317
0.322
NA
NA
0.42
0.197
0.442
0.165
0.33
0.385
NA
0.23
NA
0.19
0.141
0.173
0.436
0.215
0.161
0.328
0.263
0.99
0.346
0.4
0.345
0.767
0.387
0.319
0.196
0.196
NA
0.502
0.52
NA
NA
NA
NA
0.197
0.065
0.154
0
0.296
0.026
0.128
0.547
0.456
0.449
0.417
0.477
0.696
0.537
0.415
0.6
0.545
0.995
NA
0.085
0.796
0.308
0.817
0.215
0.281
0.574
0.547
NA
NA
NA
NA
NA
NA
NA
NA
NA
NA
0.258
0.463
NA
0.82
0.896
0.909
0.918
NA
0.997
NA
NA
NA
NA
NA
NA
NA
NA
0.126
NA
0.999
0.565
0.521
0.592
0.621
0.439
NA
0.412
NA
0.551
0.504
0.345
0.327
0.282
0.507
0.464
0.775
0.44
0.265
0.091
0.836
0.259
NA
NA
0.998
0.663
0.699
0.383
0.453
0.406
0.268
0.49
0.273
0.494
0.211
0.331
0.336
0.303
0.129
0.449
0.458
0.411
0.45
0.538
0.606
0.159
1
0.396
0.622
0.313
0.303
NA
NA
NA
0.695
0.695
0.753
0.661
0.513
0.91
0.457
0.995
0.853
0.66
0.946
0.266
NA
0.66
NA
0.895
0.567
0.212
0.394
0.011
0.115
0.999
0.864
0.973
NA
NA
NA
0.973
0.25
NA
NA
0.989
0.989
0.989
0.928
0.288
0.322
0.998
0.446
0.429
0.626
0.252
NA
0.751
0.802
0.474
0.393
0.025
NA
0.996
0.371
0.904
0.658
0.85
0.782
0.64
0.628
NA
0.235
0.433
NA
0.623
0.075
0.954
NA
0.688
0.269
0.098
0.297
0.396
0.264
NA
0.997
0.381
0.338
NA
0.293
0.359
0.384
NA
0.326
0.329
0.996
0.524
0.494
0.976
0.985
0.277
0.996
0.436
0.546
0.227
0.348
0.307
NA
0.997
0.314
0.308
0.398
0.64
0.997
0.474
0.404
0.273
0.571
0.532
0.453
0.375
0.251
0.664
0.338
0.976
0.577
0.511
0.64
0.713
0.569
0.996
0.429
0.425
0.477
0.24
0.297
0.323
0.316
NA
NA
0.991
0.265
0.362
0.334
0.306
NA
0.041
0.321
0.96
0.588
0.012
NA
NA
0.589
0.455
0.501
0.623
0.435
0.484
0.415
0.84
0.84
0.107
0.405
NA
NA
0
NA
0
1
0.998
0.409
0.41
0.997
0.846
0.672
0.249
0.444
0.351
0.998
0.438
0.514
0.481
0.385
0.23
0.133
0.16
NA
0.714
NA
0.51
0.373
0.215
0.776
0.858
0.522
0.998
0.452
0.442
0.546
0.992
0.235
0.332
0.042
0.155
0.179
0.615
0.134
0.173
0.034
0.314
0.35
0.444
0.57
0.261
0.99
0.568
0.542
0.564
0.658
0.58
0.986
0.163
0.129
NA
NA
NA
NA
0.177
0
0.684
NA
NA
NA
NA
NA
0.137
0.217
0.678
0.489
NA
NA
NA
NA
0.487
0.954
0.307
0.476
0.994
0.505
0.315
0.525
0.535
0.525
0.36
0.981
0.382
0.474
0.452
0.326
0.499
0.367
0.233
0.52
0.477
0.595
0.489
0.429
NA
0.372
0.809
0.535
0.235
0.545
0.451
0.346
0.657
0.544
0.606
0.313
0.549
0.623
0.632
0.809
0.384
0.504
0.63
0.378
0.57
0.369
0.378
0.59
0.606
0.307
0.275
0.338
0.5
0.443
0.466
0.375
0.55
0.416
0.406
0.493
0.366
0.558
0.988
0.431
0.587
0.59
0.463
0.394
0.451
0.58
0.607
0.999
0.776
0.324
0.123
NA
0.735
0.585
0.519
0.705
NA
0.422
0.614
0.404
0.477
0.244
0.63
0.507
0.257
NA
0.677
0.541
0.553
0.21
0.434
0.506
NA
0.653
0.358
0.422
0.364
0.363
0.557
0.177
0.226
0.232
0.369
NA
0.709
NA
0.237
0.692
NA
NA
0.258
0.345
0.369
0.393
0.143
0.322
0.326
0.447
0.216
0.275
0.356
0.493
0.998
0.471
0.433
0.034
0.56
0.654
0.659
0.296
0.604
0.104
0.288
0.179
0.674
0.997
0.041
0.348
0.808
0.994
0.046
0.998
0.998
NA
0.998
NA
0.998
0.998
0.041
NA
NA
NA
0.998
NA
0.981
0.536
0.594
0.536
0.535
0.366
0.998
0.594
NA
0.998
0.55
0.485
0.753
0.324
0.516
0.385
0.481
0.544
0.351
0.49
0.509
0.622
0.938
0.789
0.684
0.572
0.749
0.365
0.58
0.807
0.214
0.427
0.266
0.672
0.452
0.562
0.557
0.766
0.241
0.35
0.02
0.101
0.296
NA
0.992
0.644
0.989
0.523
0.558
0.998
0.224
0.976
0.524
0.227
0.681
0.338
0.99
0.427
0.438
0.72
0.548
0.477
0.663
0.518
NA
0.378
0.482
0.45
0.358
0.409
0.356
0.487
0.333
0.355
0.456
0.408
0.38
0.476
0.601
0.406
0.52
0.544
NA
0.983
0.533
0.579
0.373
0.542
0.372
0.544
0.361
0.388
0.439
0.46
0.984
0.477
0.525
0.53
0.289
0.546
0.37
0.179
0.442
0.183
0.359
0.637
0.578
0.538
0.557
0.458
0.349
0.235
0.382
0.523
0.147
0.487
0.535
0.368
0.421
0.443
0.525
0.358
0.477
0.492
0.403
0.467
0.415
0.564
0.49
0.337
0.283
0.585
NA
0.488
0.613
0.459
0.293
0.459
0.201
0.229
0.415
0.344
0.361
0.56
0.523
0.502
NA
0.41
0.245
0.292
0.606
0.413
0.203
0.476
0.331
0.476
0.4
0.19
0.403
0.507
0.175
0.452
0.472
0.252
0.15
0.404
0.377
0.337
0.254
0.458
NA
0.37
0.425
0.317
0.141
0.402
0.381
0.405
0.334
0.232
0.292
0.393
0.355
0.288
0.297
0.172
0.363
NA
0.252
0.458
0.365
0.247
0.268
0.423
0.303
0.33
0.3
0.427
NA
1
0.879
0.638
NA
0.334
0.589
0.381
0.997
0.424
0.453
0.354
0.108
0.983
0.979
NA
0.453
NA
0.982
NA
0.394
0.019
0.517
0.628
0.36
0.437
0.566
0.055
0.657
0.181
0.584
0.667
0.327
0.618
NA
0.996
0.581
NA
0.603
0.426
0.985
0.807
0.533
0.865
0.387
0.46
0.394
0.446
0.544
0.4
0.513
0.388
0.482
0.554
0.604
0.535
0.56
0.585
0.494
0.494
0.505
0.537
0.225
0.583
NA
0.453
0.422
0.249
0.932
0.219
0.992
0.557
0.403
NA
NA
0.383
0.431
0.268
0.264
0.052
0.418
0.599
0.14
0.252
NA
0.174
0.218
0.122
0.462
0.357
0.43
0.37
0.501
0.266
0.213
NA
0.308
0.494
0.386
0.283
0.354
0.128
NA
0.533
0.434
0.383
0.278
0.196
0.409
0.223
0.221
0.895
0.498
0.498
0.597
0.519
0.379
0.616
0.674
0.642
0.996
0.345
0.532
0.571
0.434
0.485
0.348
0.504
0.356
0.323
0.552
0.53
0.355
0.971
0.888
NA
0.78
0.794
0.261
0.058
NA
NA
NA
NA
NA
NA
NA
NA
NA
NA
NA
NA
NA
0.512
0.541
0.497
0.283
0.33
0.573
0.582
0.634
0.559
0.632
0.532
0.244
0.997
0.64
0.997
0.628
0.037
0.99
0.605
0.548
0.397
0.999
0.606
0.996
0
0.296
0.23
0.164
0.123
0.953
0.282
0.563
0.354
0.98
NA
0.501
0.436
0.524
0.507
0.204
0.475
0.376
0.998
0.838
0.598
0.854
0.998
0.322
0.322
0.389
0.67
NA
0.811
0.348
0.203
0.208
0.334
0.697
0.752
0.232
0.523
0.543
0.533
0.996
0.533
0.386
0.587
0.759
0.637
0.996
0.552
0.536
0.427
NA
0.984
0.331
0.862
0.309
0.385
0.65
NA
NA
0.693
NA
NA
NA
0.992
0.457
0.269
0.236
0.979
0.212
0.94
0.889
0.625
0.578
0.538
0.921
0.944
0.996
0.723
0.471
0.334
0.373
0.333
0.41
0.396
0.389
0.31
0.464
0.253
0.457
0.245
0.403
NA
0.248
0.273
NA
0.308
0.594
NA
0.599
0.992
0.713
0.411
NA
0.431
0.403
0.443
0.383
0.303
0.265
0.313
0.323
0.433
0.41
0.243
0.425
0.375
0.992
NA
0.392
0.437
0.39
0.472
0.365
0.304
0.341
0.427
0.222
0.514
0.255
0.706
0.989
0.483
0.568
0.627
0.573
0.468
0.574
0.653
0.506
0.5
0.556
0.758
0.505
0.489
0.408
0.408
0.547
0.438
0.335
0.485
0.39
0.462
0.424
0.684
0.52
0.566
NA
0.324
0.408
0.516
0.491
0.434
0.56
0.363
0.487
0.999
0.32
0.268
0.441
0.584
0.487
0.493
0.997
0.638
0.337
0.306
NA
0.258
0.276
0.374
0.262
0.368
0.405
0.594
0.02
0.017
0.54
0.461
0.487
0.464
0.276
0.354
0.502
0.556
0.503
0.573
0.521
0.703
0.296
NA
NA
0.773
0.614
0.614
0.252
0.474
0.669
NA
0.998
0.995
0.4
0.998
0.431
0.469
0.467
0.471
0.546
0.376
0.46
0.503
0.448
0.576
NA
NA
0.344
0.312
0.262
0.302
0.655
0.471
0.376
0.357
NA
NA
NA
NA
NA
NA
NA
NA
0.403
0.201
0.099
0.084
0.246
0.373
0.032
0.993
0.377
NA
0.378
0.086
0.994
0.231
0.264
0.295
0.348
0.208
0.432
0.456
0.495
0.079
0.28
0.333
0.577
0.42
0.21
0.166
NA
0.248
0.331
NA
0.158
0.483
0.263
0.995
0.515
0.997
0.438
0.362
0.205
NA
NA
NA
NA
NA
0.987
0.446
0.338
0.624
NA
0.761
NA
0.703
0.763
0.857
0.432
0.707
0.764
0.35
0.424
0.977
0.385
0.352
0.745
0.041
0.554
0.528
0.589
0.536
0.997
0.709
0.401
0.568
0.613
0.547
0.598
0.592
0.424
0.418
0.221
0.386
NA
0.307
0.996
0.267
0.53
0.218
0.263
0.627
0.301
0.452
0.805
0.411
0.265
NA
0.727
0.191
0.656
0.516
0.656
0.997
0.3
0.211
0.159
0.69
0.583
0.674
0.444
0.208
0.991
0.675
0.516
0.551
0.523
0.537
0.835
0.44
0.454
0.464
0.482
0.565
0.761
0.322
0.677
0.476
0.994
0
0.928
0.849
0.43
0.346
0.528
0.303
0.045
0.992
NA
NA
0.96
0.693
0.339
0.353
0.311
NA
0.242
0.419
0.42
0.365
0.312
0.418
0.207
0.312
0.275
0.2
NA
0.361
NA
NA
0.32
0.196
0.369
0.378
0.505
0.591
0.686
0.646
0.437
0.401
0.353
0.328
0.282
0.28
0.479
0.525
0.433
0.428
0.413
0.38
0.463
NA
0.912
0.912
NA
NA
NA
NA
NA
0.162
0.657
0.741
0.655
0.684
0.444
0.586
0.581
0.592
NA
0.501
0.633
0.622
0.837
0.712
0.78
0.744
0.653
0.991
0.425
0.531
0.989
0.664
0.743
0.092
0.347
0.405
0.252
0.453
0.986
0.592
0.588
0.993
NA
NA
NA
0.18
0.504
0.347
0.427
0.586
0.608
0.585
0.295
0.623
0.756
0.991
0.642
0.443
0.411
0.758
NA
0.51
0.539
0.992
0.6
0.505
0.723
0.632
0.433
0.698
0.398
0.686
0.667
0.709
0.729
0.589
0.128
0.563
0.523
0.513
0.636
0.476
0.337
0.641
0.601
NA
0.191
0.586
0.555
0.586
0.551
0.078
0.614
0.3
0.471
0.691
0.985
0.608
0.491
0.33
0.602
0.446
0.509
NA
NA
0.751
0.398
0.687
0.392
0.391
0.697
0.967
0.906
0.584
0.225
0.339
0.993
NA
0.428
0.974
NA
0.76
NA
NA
NA
NA
NA
0.539
0.319
0.465
0.943
NA
0.474
0.442
0.997
0.58
0.45
0.34
0.634
0.449
0.208
0.453
0.554
0.384
0.792
0.962
NA
0.154
0.105
0.339
NA
0.023
0.37
0.536
0.353
0.459
0.658
0.517
NA
0.324
0.263
0.327
0.322
0.313
0.976
0.651
0.288
0.273
0.286
0.274
0.384
0.317
0.569
0.342
NA
0.022
0.621
NA
0.363
0.484
0.273
0.355
0.427
0.305
0.996
0.439
0.998
NA
0.249
0.397
NA
0.285
0.108
0.035
NA
0.036
0.656
0.183
0.045
NA
0.211
0.619
0.153
NA
0.985
0.368
0.426
0.596
0.262
0.115
0.212
0.709
0.974
0.703
0.331
0.992
0.992
0.992
0.739
0.393
0.112
0.505
0.999
0.507
0.604
0.998
0.459
0.668
0.584
0.583
0.999
0.67
0.48
0.585
0.44
0.995
0.337
0.537
0.586
0.994
0.359
0.286
0.369
0.308
0.582
0.566
0.569
0.533
0.522
0.576
0.542
0.366
0.474
0.482
0.315
0.383
0.476
0.998
0.372
0.662
0.296
0.455
0.42
0.667
0.341
0.417
0.535
0.427
0.317
0.576
0.327
0.941
0.398
0.425
0.366
0.31
0.234
0.402
0.292
0.501
0.988
0.236
0.376
0.413
0.414
NA
0.367
0.371
0.543
0.176
0.684
0.297
0.434
0.581
0.519
0.362
0.113
0.997
0.568
0.337
0.463
0.464
0.449
0.725
0.701
0.991
0.788
0.675
0.721
0.554
0.494
0.519
0.66
0.736
0.991
0.767
NA
0.443
0.525
0.543
0.99
0.518
0.517
0.703
0.691
0.346
0.916
0.898
0.572
0.523
0.523
0.759
0.611
0.731
0.276
0.945
0.71
0.484
0.178
0.058
0.989
0.453
0.361
0.386
0.526
0.47
0.582
0.59
0.391
0.45
0.995
0.541
0.418
0.58
0.434
0.539
0.44
0.462
0.953
0.466
0.298
0.547
0.576
0.134
0.983
0.651
0.38
0.408
0.589
0.169
0.489
0.598
0.581
0.602
0.292
0.561
0.487
0.404
0.572
0.466
0.499
0.625
0.529
0.454
0.69
0.568
0.423
0.412
0.467
0.375
0.522
0.501
0.589
0.987
0.482
NA
0.388
0.571
0.705
0.971
0.636
0.569
0.515
0.628
0.419
0.462
0.504
0.535
0.196
0.38
0.968
0.377
0.279
0.634
0.655
0.732
0.787
0.55
0.895
0.496
0.991
0.555
0.579
0.805
0.56
0.497
0.601
0.475
0.466
0.402
0.52
0.978
0.391
0.577
0.26
0.492
0.706
0.972
0.847
0.412
0.528
0.448
0.657
0.491
0.824
0.224
0.515
0.512
0.982
0.421
0.982
0.242
0.153
0.114
NA
0.341
0.396
0.284
0.987
0.592
0.472
0.431
0.597
NA
0.597
0.775
0.198
0.458
0.12
0.292
0.528
0.323
0.712
0.692
0.988
0.243
NA
0.537
0.353
0.666
0.989
0.611
0.435
0.556
0.997
0.993
NA
0.249
0.989
0.99
0.992
0.652
0.593
0.404
0.587
0.437
0.303
0.346
0.995
0.374
0.538
0.483
0.722
0.632
0.993
0.646
0.3
0.354
0.652
0.574
0.722
0.65
0.288
0.328
0.726
0.67
0.617
0.661
0.786
0.605
0.329
0.722
0.615
0.529
0.447
0.696
0.293
0.992
0.628
0.133
0.995
0.995
0.995
0.995
0.995
0.995
0.342
0.995
0.038
0.182
0.995
0.995
0.286
0.424
0.968
NA
0.391
0.332
0.351
NA
NA
NA
NA
0.455
0.294
0.549
0.088
0.996
0.407
0.21
NA
0.999
0.991
0.99
0.405
0.564
0.695
0.392
0.993
0.659
0.561
0.988
0.289
0.64
0.57
0.564
0.506
0.246
0.483
0.432
NA
0.588
0.397
0.985
0.644
0.576
0.537
0.553
0.996
0.302
0.862
0.698
0.626
0.345
NA
NA
NA
0.986
0.523
0.675
0.498
0.629
0.133
0.782
0.679
0.761
NA
0.653
0.995
0.457
0.661
0.753
0.703
0.371
0.856
0.663
0.779
0.652
0.636
0.279
0.566
0.685
0.524
NA
0.541
0.378
0.464
0.566
0.475
0.162
0.473
0.697
0.582
0.686
0.604
0.623
NA
0.588
0.996
0.695
0.57
0.683
0.54
NA
0.997
0.234
NA
0.22
NA
0.997
0.997
0.033
0.364
0.415
0.574
0.989
0.643
0.78
0.188
0.998
0.469
0.495
0.391
0.326
NA
NA
NA
NA
NA
NA
0.993
0.355
0.471
0.346
NA
NA
0.906
0.302
0.323
0.27
0.484
NA
NA
NA
NA
NA
0.277
0.371
NA
NA
NA
NA
NA
0.738
0.992
0.613
0.998
0.998
0.848
0.151
0.133
0.346
0.586
0.568
0.708
0.64
0.395
0.468
0.541
0.989
0.989
0.928
0.989
0.78
0.677
0.572
0.999
0.578
0.45
0.587
0.63
0.575
0.609
0.587
0.609
0.609
NA
0.495
0.641
0.961
0.977
0.485
0.46
0.665
0.967
0.088
0.311
0.292
0.1
NA
0.407
0.948
NA
0.58
0.983
0.286
0.386
0.18
0.987
0.512
0.665
0.531
0.54
0.626
0.194
0.56
0.571
0.549
0.28
0.563
0.232
0.276
0.553
0.552
0.614
NA
0.156
0.018
0.296
0
0.441
0.997
0.315
0.574
0.466
0.246
0.225
0.354
0.507
NA
NA
NA
0.54
0.831
0.814
0.843
0.918
0.579
0.542
0.995
0.104
0.261
NA
NA
0.557
NA
NA
NA
NA
0.695
0.71
0.992
0.822
0.487
NA
NA
NA
NA
NA
NA
0.475
0.531
0.574
0.702
0.494
0.6
0.551
0.99
0.576
0.461
0.057
0.608
0.4
0.595
0.367
0.468
0.992
0.992
0.992
0.42
0.598
0.947
0.513
0.661
0.426
0.553
0.416
0.305
NA
NA
0.155
0.627
0.54
0.637
0.647
0.131
0.308
0.373
0.425
0.198
0.174
NA
0.048
0.2
0.232
0.998
0.117
0.314
0.563
0.564
0.696
0.172
0.698
0.368
0.348
0.034
0.996
0.685
0.465
0.487
NA
NA
0.059
NA
0.295
0.29
0.087
NA
0.313
0.542
0.287
0.994
0.196
0.648
0.674
0.563
0.497
0.337
NA
NA
0.957
NA
NA
0.996
0.612
0.566
0.706
0.999
0.458
0.398
0.124
NA
0.026
0.307
0.155
0.502
0.997
0.722
NA
0.634
0.574
0.695
0.996
0.22
0.501
0.958
0.634
0.59
0.468
0.328
0.38
0.384
0.997
0.587
0.381
0.835
0.312
0.699
NA
0.175
0.537
0.367
0.323
0.238
0.338
NA
NA
NA
NA
NA
NA
NA
NA
NA
0.218
0.229
0.995
0.884
0.502
0.425
0.448
0.504
0.691
0.34
0.39
0.484
0.928
0.368
0.475
0.754
0.315
0.235
0.271
NA
0.078
0.992
0.522
0.522
0.522
0.487
0.704
1
0.983
0.509
0.999
0.423
0.46
0.217
0.374
NA
0.215
0.497
0.527
0.592
0.437
0.513
0.479
0.322
0.407
0.35
0.514
0.519
0.398
0.27
0.206
0.308
0.386
0.284
0.278
0.027
0.267
NA
NA
NA
NA
NA
0.537
0.994
0.512
0.538
0.534
0.839
0.278
0.499
NA
0.2
0.165
0.277
0.413
0.425
0.423
0.366
0.326
0.35
0.616
0.307
0.751
NA
0.564
0.547
NA
0.185
0.42
0.378
0.706
0.284
0.504
0.589
0.342
0.584
0.347
NA
0.997
0.19
0.193
NA
NA
0.467
0.254
0.455
0.035
0.252
0.452
0.452
NA
0.389
0.214
0.315
0.342
0.564
0.522
0.518
NA
0.994
0.928
NA
NA
NA
NA
NA
NA
0.758
0.405
0.6
0.758
0.376
NA
0.376
0.318
0.638
0.649
NA
0.604
0.553
0.367
0.395
0.28
0.978
0.185
0.286
0.311
NA
0.434
0.993
0.658
0.653
0.86
0.469
0.244
0.557
0.551
0.996
0.517
0.355
0.62
0.784
0.412
0.707
0
0.189
0.838
0.215
0.906
0.906
0.197
0.353
0.245
0.539
0.259
0.985
NA
0.605
0.453
0.114
0.987
0.359
0.49
0.957
0.17
0.318
0.155
0.474
0.477
0.365
0.35
0.396
0.284
0.779
NA
NA
NA
NA
NA
0.371
0.5
0.655
1
0.804
NA
NA
NA
NA
NA
NA
NA
NA
NA
NA
NA
NA
NA
0.717
0.201
0.559
0.475
0.438
0.331
0.454
0.994
0
0.488
0.511
0.974
0.679
0.045
0.261
0.839
0.915
0.646
0.885
NA
0.642
0.643
0.677
0.276
0.29
0.371
0.368
0.326
NA
NA
0.362
0.998
0.144
0.243
0.377
0.49
0.449
0.232
0.989
NA
0.426
0.365
0.523
0.27
0.281
0.444
0.059
0.52
0.079
0.291
0.362
0.497
0.99
0.673
0.449
0.631
0.544
0.782
0.978
0.448
0.57
NA
0.222
0.403
0.448
NA
0.298
0.556
0.586
0.524
0.126
0.992
NA
0.102
0.399
0.995
0.995
0.593
0.368
0.638
0.396
0.426
0.166
0.96
0.682
0.382
0.416
0.486
0.405
0.439
0.994
NA
0.463
NA
0.317
0.292
0.467
NA
NA
0.523
0.543
0.473
0.383
NA
0.379
0.229
0.299
0.484
0.544
0.249
0.434
0.243
0.303
0.384
0.21
0.491
NA
0.512
0.859
0.664
0.615
0.412
0.587
0.581
0.533
0.705
0.632
0.34
0.546
0.63
0.176
0.354
0.462
0.313
0.982
0.975
0.068
0.281
0.861
0.115
0.334
0.59
0.261
0.402
0.5
0.441
0.999
NA
0.783
0.24
NA
0.476
0.309
0.486
NA
NA
NA
NA
0.991
0.13
0.104
0.983
0.263
0.626
0.555
0.993
NA
0.511
0.702
NA
0.999
0.661
NA
0.342
NA
0.996
0.557
0.997
0.259
0.19
0.469
0.421
0.397
0.996
NA
0.548
0.021
0.281
0.067
NA
NA
NA
NA
0.411
0.311
0.615
0.506
0.742
0.454
0.351
0.311
0.241
0.341
0.449
0.998
0.068
0.08
0.24
NA
NA
NA
NA
0.519
0.25
0.144
NA
NA
0.52
NA
0.423
NA
NA
NA
0.191
0.992
0.992
0.992
0.42
0.747
NA
0.598
0.947
0.717
0.513
0.655
0
NA
NA
NA
0.527
0.39
0.574
0.225
0.494
0.437
0.446
NA
0.994
0.141
0.429
NA
0.458
0.535
NA
NA
NA
NA
NA
0.969
0.985
0.484
0.556
0.686
0.373
0.547
0.608
0.94
0.129
0.123
0.809
0.276
0.992
0.545
0.535
0.659
0.61
0.482
0.856
0.618
0.539
0.461
0.463
0.445
0.504
0.974
NA
0.682
0.686
0.392
0.513
0.552
0.541
0.685
0.642
0.516
NA
0.56
0.594
0.604
0.955
0.208
0.778
0.997
0.431
0.037
0.269
0.032
0.439
0.02
0.105
NA
0.341
0.982
0.033
0.027
0.108
NA
0.174
0.94
0.702
0.99
0.119
0.019
0.099
0.065
0.154
0.998
0.22
0.272
0.518
0.508
0.223
0.272
0.873
0.284
0.979
0.48
0.478
0.54
0.6
0.46
0.354
0.565
0.21
0.995
0.289
NA
0.193
NA
0.422
0.265
NA
0.194
0.474
0.195
0.458
0.541
0.381
NA
0.529
0.267
0.136
NA
NA
0.251
0.375
0.323
0.378
0.992
NA
NA
NA
NA
NA
NA
0.959
0.456
NA
NA
0.883
NA
0.714
0.663
0.889
0.783
0.788
0.312
0.999
0.418
0.524
0.531
NA
0.487
0.77
0.405
0.926
0.998
0.683
0.355
NA
NA
NA
NA
NA
NA
0.689
0.113
0.015
0.253
0.433
NA
0.029
0.015
0.212
0.204
0
0.239
0.651
NA
0.116
0.252
NA
0.232
0.13
0.376
0.424
0.25
0.072
0.024
0.135
0.11
0.084
0.727
0.857
0.666
0.425
0.461
0.354
NA
0.613
0.823
0.648
0.77
0.538
0.491
0.486
0.984
0.692
0.668
0.03
0.03
0.35
0.096
0.389
0.325
0.541
0.986
NA
NA
NA
NA
NA
NA
NA
NA
0.263
0.974
0.974
0.574
0.168
NA
NA
NA
NA
0.994
0.988
0.912
0.13
0.117
0.406
0.086
0.997
0.094
0.998
0.468
0.451
0.057
0.27
0.402
0.395
0.983
0.458
0.36
0.94
NA
0.579
0.453
NA
0.216
0.233
0.995
0.141
0.025
0.116
0.487
0.305
0.104
0.301
0.341
0.929
0.966
0.748
NA
0.306
0.189
0.429
NA
0.42
0.644
0.493
0.233
0.982
0.243
0.018
0.508
NA
NA
0.232
0.494
0.529
0.548
0.473
0.481
0.162
0.365
0.345
0.582
0.995
0.527
0.226
0.275
0.312
0.262
0.997
0.45
0.5
0.988
0.555
0.528
0.408
0.487
0.124
0.097
0.436
0.96
0.354
0.312
0.388
0.449
0.458
0.666
0.419
0.463
0.492
0.462
0.603
0.463
0.433
0.551
0.468
0.463
0.36
0.958
0.986
0.074
0.212
0.561
0.462
0.454
0.56
0.635
0.484
0.434
0.567
0.506
0.384
0.344
0.453
0.443
0.427
0.95
0.419
0.428
0.542
0.273
0.293
0.365
0.544
0.914
0.389
0.24
0.438
0.2
0.467
0.467
0.45
0.97
0.518
0.486
0.454
0.454
0.513
0.68
0.415
0.715
0.365
0.459
0.587
0.995
0.285
0.365
0.405
0.904
0.469
0.28
0.458
0.807
0.455
0.867
0.437
0.241
0.375
0.27
0.118
0.94
0.038
0.11
0.148
0.309
NA
0.204
1
0.034
0.256
0.2
0.277
0.455
0.306
0.284
0.657
0.607
0.643
0.477
0.324
0.38
0.116
NA
NA
NA
0.51
0.293
0.649
0.989
0.829
0.623
0.64
0.643
0.718
NA
NA
0.532
0.121
0.691
0.18
0.524
0.21
0.995
0.341
NA
0.332
0.413
NA
0.992
0.724
0.999
0.645
0.751
0.549
0.28
0.388
0.384
0.26
0.683
0.085
NA
0.614
0.982
0.515
NA
0.235
NA
0.261
0.434
0.416
0.998
0.513
0.461
0.546
0.443
0.48
0.456
0.51
0.444
0.236
0.297
0.315
0.291
0.304
0.283
0.306
0.655
NA
0.61
0.64
0.436
0.972
0.915
0.654
0.887
0.262
0.915
0.465
0.169
0.992
0.245
0.992
0.982
0.221
0.178
0.711
0.659
0.017
NA
NA
NA
NA
NA
NA
NA
NA
0.98
0.899
0
0.071
NA
0.395
0.998
0.589
0.267
0.462
NA
0.389
0.316
0.232
0.295
0.427
0.231
0.394
0.354
0.179
0.416
0.983
0.111
0.245
0.988
0.089
0.835
0.824
0.586
0.533
0.997
0.524
0.608
0.562
0.533
0.622
0.425
0.589
0.591
0.608
0.508
0.503
0.526
0.943
0.916
0.882
0.087
NA
0.986
0.381
0.217
0.229
0.279
0.992
0.575
0.48
0.988
0.482
NA
0.428
0.518
0.514
0.446
0.239
NA
NA
NA
0.995
0.413
0.365
0.3
NA
0.678
0.723
0.997
0.545
0.785
0.521
0.21
0.371
0.429
0.496
0.993
0.47
0.545
0.998
0.288
0.999
0.399
0.467
0.415
0.479
0.196
0.286
0.289
0.979
0.581
0.673
0.169
0.532
0.392
0.384
0.213
0.352
0.664
NA
NA
NA
0.217
0.995
0.375
0.459
0.433
0.366
0.452
0.525
0.998
0.984
NA
0.985
0.934
0.987
0.997
0.449
0.542
NA
0.744
0.972
0.854
0.623
0.912
0.545
0.781
0.539
0.539
0.519
0.971
0.201
0.422
0.386
0.364
0.849
0.849
0.983
0.354
0.457
0.42
0.586
0.861
0.85
0.583
0.509
0.529
0.697
0.697
0.99
0.456
0.338
0.505
0.833
0.71
0.171
0.182
0.477
0.129
0.537
0.119
0
0.556
0.659
NA
0.844
0.338
0.412
0.84
0.84
NA
0.107
0.507
1
0.213
0.801
0.984
0.999
0.842
0.875
0.863
NA
NA
NA
0.986
0.776
0.776
0.986
0.751
0.118
0.99
NA
0.999
0.027
NA
NA
NA
0.802
0.787
0.675
0.334
0.486
0.117
NA
0.375
0.117
0.309
0.297
0.045
0.061
0.332
0.389
0.335
0.352
NA
0.204
0.989
0.382
NA
0.337
0.316
0.482
0.288
0.991
0.454
0.49
0.434
0.723
0.241
0.588
NA
NA
NA
NA
0.384
0.496
0.419
0.996
NA
NA
0
0
0
0
0
0.766
0.107
0.16
0.993
NA
0.995
0.438
0.208
0.542
0.56
NA
0.113
0.31
0.364
0.992
0.992
0.511
0.329
0.548
0.989
0.512
0.991
0.592
0.568
0.512
0.506
0.648
0.526
0.639
0.508
0.229
0.4
0.525
0.569
0.532
0.396
0.443
0.555
0.474
0.36
0.385
0.988
0.45
0.607
0.911
0.305
0.463
0.515
0.519
0.621
0.64
0.473
0.468
0.554
0.443
0.387
0.583
0.555
0.562
0.378
0.653
0.994
0.223
0.455
0.572
0.348
NA
0.244
0.234
0.366
0.94
0
0.998
0.263
0.912
0.433
NA
0.996
0.421
0.421
0.455
0.414
NA
NA
NA
NA
0.1
0.438
0.435
0.733
0.989
0.372
NA
0.998
0.367
0.448
0.88
0.577
0.549
0.441
NA
0.438
0.989
0.641
0.546
0.57
0.483
0.52
0.561
0.772
0.847
0.518
0.244
0.507
0.556
0.601
0.475
0.382
0.403
0.991
0.268
0.287
0.594
0.114
0.08
NA
NA
NA
0.36
NA
NA
0.199
0.249
0.17
0.181
NA
0.502
NA
NA
0.719
0.292
0.545
0.998
0.996
1
0.64
0.416
0.995
0.153
0.235
0.116
0.113
0.271
0.25
0.035
0.347
0.469
0.983
0.46
0.299
0.675
0.657
0.448
0.65
0.549
0.524
0.167
NA
0.546
NA
0.429
0.583
0.521
0.991
0.603
0.636
0.49
0.357
0.499
0.483
NA
0.491
0.673
0.367
0.53
NA
NA
0.575
0.981
0.708
0.644
0.52
0.374
0.692
0.407
0.396
0.968
0.658
NA
NA
NA
NA
NA
NA
NA
NA
0.139
0.305
0.287
0.514
0.321
0.936
0.375
0.335
0.943
0.065
0.203
NA
NA
0.98
0.425
0.587
0.493
0.626
0.305
0.848
0.432
0.87
0.491
0.325
0.549
0.324
0.384
NA
0.6
0.995
0.555
0.403
NA
0.998
0.996
0.274
1
0.521
0.444
0.421
0.622
0.617
0.646
0.694
0.542
0.828
0.669
0.524
0.756
0.556
0.445
0.443
0.999
NA
NA
0.288
0.288
0.616
0.501
0.987
0.552
0.689
0.45
0.356
0.169
0.426
0.142
0.155
0.245
0.543
0.13
0.998
0.891
NA
0.241
0.52
0.244
0.41
0.612
0.989
0.529
0.997
0.437
NA
0.273
NA
0.491
NA
0.143
0.332
0.103
0.201
0.211
0.149
0.282
0.551
NA
0.187
0.994
0.553
0.741
0.452
0.582
0.185
0.362
0.993
0.512
0.517
0.447
0.416
0.462
0.332
0.432
0.177
0.508
0.987
0.317
0.363
0.455
0.57
0.551
0.528
0.45
0.132
0.396
0.423
0.462
0.998
0.35
0.495
0.433
0.223
0.323
0.235
NA
NA
0.37
NA
NA
0.453
0.398
0.447
0.147
0.986
0.517
0
0.997
0.563
1
0.459
0.532
0.999
0.161
0.418
0.476
0.432
0.277
0.493
0.165
0.369
0.474
NA
0.352
0.494
1.007
0.424
0.997
0.547
0.996
0.238
0.288
0.998
0.211
0.549
0.402
0.026
0.74
NA
NA
0.215
0.643
0.821
0.587
0.544
0.991
0.568
0.314
NA
NA
0.972
NA
0.425
0.771
0.669
0.995
0.611
0.66
0.121
0.599
0.429
0.444
0.438
0.63
0.995
0.996
0.427
0.403
0.586
0.484
0.076
NA
0.294
0.587
0.381
0.965
0.792
0.998
0.294
NA
0.252
0.662
0.111
NA
0.032
0.267
0.393
0.495
0.475
0.277
0.197
0.218
0.427
0.302
0.237
0.962
0.479
0.408
0.515
0.358
0.545
0.831
0.679
0.727
0.315
0.325
0.287
0.48
0.303
0.187
0.588
NA
0.661
0.481
0.664
0.628
0.992
0.766
0.556
0.502
0.629
0.555
0.679
0.381
0.259
0.213
0.594
0.502
0.394
0.674
0.295
0.499
0.411
0.389
0.401
0.657
0.393
0.459
0.375
0.467
0.803
0.544
0.621
0.667
0.829
0.996
0.517
0.428
0.598
0.475
0.56
NA
0.452
0.059
0.447
NA
NA
0.267
0.323
0.484
0.617
0.53
0.459
0.356
0.454
0.459
0.641
0.4
0.649
0.486
0.606
0.412
0.439
0.547
0.575
0.19
0.69
0.528
0.62
0.643
0.503
0.587
0.337
0.272
0.123
0.444
0.299
0.4
0.421
0.016
0.117
0.215
0.01
1.002
0.353
NA
NA
NA
0.688
0.439
0.315
0.995
0.834
0.355
0.406
0.435
0.513
NA
0.423
0.319
0.068
0.239
0.219
0.065
0.378
0.503
0.661
0.486
0.624
0.619
0.637
0.632
0.582
0.569
NA
0.495
0.555
0
0.687
0.44
0.443
1.003
NA
0.631
0.682
0.566
0.991
0.519
0.106
0.404
NA
0.197
0.962
0.349
0.51
0.507
0.398
0.682
0.243
0.467
0.482
0.359
0.23
0.99
0.396
0.263
NA
0.216
0.447
0.691
0.998
0.403
0.503
0.392
0.723
0.67
0.645
0.645
0.645
0.645
0.645
0.587
0.663
0.583
0.598
NA
0.472
0.547
0.343
0.677
0.31
0.356
0.54
0.64
0.694
1.01
0.986
0.31
0.415
0.297
0.938
0.996
0.457
0.223
0.994
0.426
0.396
0.176
0.428
0.999
0.541
0.485
0.636
0.689
0.996
0.471
0.989
NA
0.192
0.119
0.138
0.276
0.113
0.091
0.108
0.995
0.076
0.556
0.333
0.869
0.173
0.011
0.989
0.935
0.356
0.609
0.989
0.738
0.173
NA
0.252
0.228
0.705
0.308
0.483
0.526
0.405
0.469
0.602
NA
0.656
0.244
NA
0.935
0.977
0.317
0.559
0.88
0.9
0.995
0.597
0.526
0.687
0.669
0.667
0.39
0.351
0.924
0.866
0.939
0.858
0.467
0.502
0.518
0.302
0.661
0.935
0.853
0.991
0.95
0.827
0.827
0.517
0.91
0.944
0.847
0.99
0.517
0.699
0.385
0.866
0.865
0.837
0.847
0.992
0.99
0.99
0.993
0.427
0.432
0.369
0.64
0.517
0.37
NA
NA
NA
0.99
0.262
0.288
0.268
0.06
1
NA
0.016
0.182
0.999
0.515
0.472
0.36
0.565
0.408
0.567
0.613
0.397
0.772
0.507
0.41
0.415
0.645
0.381
0.622
0.554
0.554
0.416
0.938
0.986
0
0.034
0.839
0.592
0.325
0.99
NA
0.434
0.062
0.461
0.315
0.314
0.418
0.986
NA
0.992
0.195
0.133
NA
NA
NA
0.176
0.121
1
NA
NA
0.36
0.374
0.99
0.448
0.444
0.392
NA
0.988
0.486
0.454
0.389
0.377
0.527
0.575
0.611
0.525
0.637
0.587
0.59
0.574
0.576
0.472
0.593
0.99
0.531
0.546
0.527
0.533
0.55
0.999
0.181
0.293
0.243
0.982
0.584
0.457
0.613
NA
NA
NA
NA
NA
0.276
NA
NA
NA
NA
NA
0.516
0.447
0.517
0.359
NA
0.555
0.431
0.504
NA
0.94
0.269
0.426
0.392
0.364
0.53
NA
NA
NA
0.147
0.381
0.627
0.717
0.299
0.561
0.539
0.289
0.321
0.359
0.204
0.532
NA
0.022
0.451
0.412
0.999
NA
NA
0.35
0.997
NA
0.43
NA
NA
NA
NA
NA
0.999
0.191
NA
0.315
0.453
0.496
0.365
0.255
0.618
NA
NA
0.998
NA
NA
NA
0.393
0.349
0.385
NA
NA
NA
NA
NA
NA
NA
NA
NA
NA
NA
NA
NA
NA
NA
NA
NA
0.172
0.35
0.312
0.215
0.614
0.432
0.971
0.509
0.417
0.243
0.232
NA
0.498
0.474
0.605
0.375
0.481
0.429
0.528
0.51
0.322
0.584
0.691
0.328
0.388
0.076
0.168
0.496
0.373
0.61
0.358
0.197
0.924
0.56
0.502
0.453
0.296
0.323
0.282
0.435
0.596
0.072
0.466
0.272
0.157
0.155
0.272
0.207
0.201
0.371
0.291
0.058
0.157
0.233
0.302
0.108
0.271
0.344
0.116
0.275
0.566
0.06
0.264
NA
NA
0.997
0.283
0.33
0.204
0.458
NA
NA
0.756
0.132
0.555
NA
NA
NA
NA
0.305
NA
0.357
0.304
0.476
0.43
NA
0.226
NA
0.422
NA
0.302
0.285
0.279
NA
0.62
0.439
0.47
0.952
0.496
0.157
NA
0.069
0.157
0.667
0.581
0.563
1
0.491
NA
0.254
0.387
0.137
0.046
NA
NA
NA
0.426
0.494
0.217
0.528
0.532
0.349
0.268
NA
0.979
0.258
1
0.476
NA
0.443
0.249
0.68
0.275
0.415
0.296
NA
NA
0.515
0.538
0.493
0.24
0.334
0.269
0.544
0.581
0.191
0.563
0.3
0.49
0.274
0.401
NA
0.393
0.283
0.251
0.52
0.308
0.591
0.335
0.495
0.62
0.228
0.486
0.267
NA
0.31
0.271
0.184
0.396
0.317
0.267
0.633
0.264
0.376
0.244
0.466
0.322
0.333
0.332
0.332
0.646
0.624
0.452
0.283
0.215
0.323
0.395
0.243
0.242
0.364
0.281
0.458
0.549
0.59
0.315
0.453
0.496
0.577
0.335
0.389
0.2
0.481
0.711
0.578
0.106
0.333
0.645
0.347
0.415
0.449
0.749
0.354
0.443
0.589
0.256
0.466
0.284
0.604
0.464
0.561
0.241
0.231
NA
0.145
0.297
0.351
0.258
0.527
0.348
0.277
0.21
0.251
0.473
NA
0.176
0.207
NA
0.095
0.993
0.057
0.199
0.387
0.376
0.496
0.587
NA
0.151
0.998
0.439
NA
0.139
0.556
0.556
0.472
0.12
0.036
0.591
0.646
0.882
0.767
0.062
NA
0.036
0.777
0.206
0.696
NA
0.269
0.317
0.498
0.584
0.503
0.314
0.612
0.988
0.637
0.211
0.948
0.993
0.334
0.433
0.454
0.41
0.309
0.997
0.611
0.552
0.498
0.999
0.136
0.554
0.502
0.985
NA
0.266
0.237
0.328
0.984
NA
0.285
0.373
NA
0.473
0.565
0.356
0.466
0.699
NA
0.356
0.608
0.275
0.276
NA
0.477
0.325
0.43
0.421
0.262
0.334
0.334
0.282
0.315
0.404
0.26
0.616
0.476
0.491
0.719
0.562
0.358
0.358
0.422
0.346
0.555
0.165
0.365
0.271
0.255
0.425
0.544
0.263
0.305
0.498
0.36
0.542
0.217
0.43
0.991
0.484
0.414
0.507
NA
0.107
0.199
0.557
0.749
0.434
0.511
0.479
0.255
0.39
0.68
0.292
0.417
0.593
0.474
NA
0.282
0.326
0.512
0.296
0.307
0.087
0.396
0.362
0.361
NA
0.296
0.328
0.544
0.6
0.516
0.563
0.551
0.671
0.486
0.385
0.501
0.178
0.37
0.475
0.307
0.21
0.646
0.546
0.507
0.625
0.334
0.346
0.207
0.192
0.235
0.243
0.517
0.498
0.64
0.992
0.145
0.161
0.436
0.358
0.66
0.547
0.242
0.562
0.288
0.372
0.864
0.427
0.309
0.432
0.345
0.222
0.47
0.407
0.468
0.492
0.515
0.99
0.736
0.187
0.263
0.341
0.09
0.348
0.693
NA
0.566
0.455
0.45
NA
0.354
0.198
0.341
0.28
0.358
0.25
0.606
0.611
0.332
0.296
NA
0.333
0.397
0.238
0.13
0.044
NA
0.462
0.532
NA
0.517
0.22
0.396
0.476
0.343
0.553
NA
0.177
0.991
0.454
0.323
0.361
0.289
0.38
0.976
0.498
0.474
0.485
0.463
0.365
0.937
0.259
0.031
0.4
0.562
0.267
0.543
0.425
0.398
0.576
0.638
0.456
0.591
0.992
0.484
0.521
0.558
0.743
0.098
0.339
0.693
0.436
0.435
0.246
0.38
0.563
0.672
0.4
0.994
0.425
0.415
0.321
0.29
0.26
0.395
0.279
0.568
0.632
0.612
0.614
0.638
0.993
NA
0.575
0.684
0.697
NA
0.513
0.432
0.622
0.547
0.595
0.584
0.567
0.992
0.672
0.691
0.561
0.531
0.253
NA
0.208
0.526
0.345
0.538
0.511
0.398
0.269
0.406
0.519
0.284
0.512
0.928
0.928
0.953
0.218
0.694
0.5
0.43
0.213
0.461
0.451
0.433
0.683
0.369
0.156
0.738
0.429
0.372
0.202
0.497
0.464
0.544
0.761
0.345
0.594
0.301
0.504
0.451
0.514
0.648
0.644
0.503
0.682
0.501
0.396
0.327
0.587
0.477
0.515
0.63
0.564
0.641
0.404
0.46
0.458
0.192
0.683
0.366
0.524
0.731
0.657
0.993
0.876
0.434
0.552
0.799
0.171
0.441
0.735
0.427
0.412
0.58
0.392
0.504
0.675
0.341
0.238
0.432
0.577
0.4
0.403
0.593
0.991
NA
0.102
0.54
0.388
0.757
0.605
0.3
0.709
0.421
0.831
0.509
0.572
0.457
0.846
0.476
0.028
0.509
0.545
0.754
0.536
0.695
0.356
0.462
0.424
0.58
0.098
0.467
0.229
0.579
0.174
0.539
0.439
0.559
0.278
0.737
0.447
NA
0.799
0.277
0.488
0.564
0.993
0.758
0.541
NA
NA
NA
0.525
0.479
0.567
0.749
0.575
0.564
0.993
0.607
0.535
0.773
0.357
0.475
0.481
0.998
0.482
0.485
NA
0.245
0.338
0.936
0.356
0.281
0.282
0.302
0.584
0.609
NA
0.992
0.633
0.234
0.985
NA
0.431
0.477
0.382
0.456
0.458
0.996
NA
NA
NA
NA
0.882
0.882
NA
0.991
NA
NA
NA
0.746
NA
0.998
NA
0.502
0.546
0.204
0.343
NA
0
0.357
0.792
0
0.271
0.42
0.615
0.317
0.407
0.433
0.353
0.205
0.358
NA
NA
NA
NA
NA
NA
NA
NA
0.956
NA
0.215
0
0.974
0.289
0.974
0.982
0.334
0.334
0.29
0.073
0.507
0.283
0.585
0.645
0.982
0.982
0.321
0.982
0.982
0.982
NA
0.645
0.347
0.666
0.253
0.519
0.462
0.326
0.645
0.512
0.477
NA
0.472
0.974
0.982
0.982
0.982
0.407
0.571
0.982
NA
0.673
0.711
0.751
0.829
0.152
0.645
0.982
0.982
0.46
0.99
0.495
0.383
0.969
0.357
0.388
0.268
0.447
0.511
0.569
0.32
0.957
0.298
NA
0.982
0.276
0.959
0.982
0.959
0.427
0.411
0.991
0.389
0.714
0.504
NA
0.51
0.666
0.956
0.956
0.937
0.348
0.387
0.412
0.969
0.032
0.348
0.571
0.299
0.696
0.744
0.997
NA
0.05
0.66
NA
0.515
0.52
0.633
0.102
0.523
0.124
0.55
0.394
0.755
0.939
0.97
0.555
0.422
0.387
0.439
0.489
0.542
0.997
NA
0.534
0.526
0.558
0.677
0.454
0.651
0.448
0.626
0.376
0.564
0.557
0.152
0.346
0.982
NA
NA
0.969
0.347
0.603
0.667
NA
NA
NA
NA
NA
NA
NA
0.714
0.418
0.327
0.291
0.423
0.32
0.283
0.413
0.542
0.928
NA
0.177
0.4
NA
0.373
0.581
0.64
0.566
0.041
0.961
NA
0.117
0.904
0.068
0.985
0.17
NA
0.988
0.996
0.37
0.428
0.391
0.644
0.32
0.597
0.272
NA
0.702
0.487
0.743
0.682
0.698
0.691
0.577
0.669
0.641
0.684
0.727
0.736
0.348
0.704
0.682
0.664
0.996
NA
0.445
0.642
0.483
0.619
0.552
0.536
0.65
NA
0.502
0.59
0.537
0.353
0.995
0.775
0.682
0.59
0.653
0.661
0.371
0.642
0.596
0.993
NA
0.193
0.461
0.569
0.182
NA
1
0.997
0.402
NA
NA
NA
NA
0.136
0.401
NA
0.552
0.066
0.148
0.499
NA
NA
NA
NA
0.324
0.072
0.337
0.31
0.273
0.273
0.987
0.287
0.203
0.279
0.349
0.198
NA
NA
0.314
0.239
0.339
NA
0.201
0.304
0.196
0.444
0.495
0.608
0.567
0.625
0.639
0.591
0.665
0.59
0.4
0.445
0.416
0.435
0.596
0.486
0.539
0.678
0.675
0.385
0.574
0.584
0.603
0.442
0.473
0.564
NA
0.411
0.308
0.348
0.216
NA
0.018
0.521
0.604
0.606
0.357
0.452
0.263
0.331
0.52
0.98
0.373
0.452
NA
0.429
0.482
0.488
0.284
NA
NA
0.473
0.997
0.701
0.654
0.579
NA
0.012
0.142
0.116
0.886
NA
NA
NA
NA
NA
NA
NA
NA
NA
NA
NA
NA
NA
NA
NA
NA
NA
NA
NA
NA
NA
NA
NA
NA
NA
NA
NA
NA
NA
NA
NA
NA
NA
NA
NA
NA
NA
NA
NA
NA
0.942
0.155
0.743
NA
NA
0.119
0.131
0.174
0.132
0.128
0.113
0.041
1
0.231
0.307
0.077
0.206
0.538
0.615
0.594
0.271
0.679
1.001
0.525
NA
0.446
NA
0.521
0.5
0.704
0.145
0.223
0.381
0.999
0.308
0.39
0.167
0.307
0.301
0.996
0.193
0.134
0.113
0.022
0.441
0.601
0.278
0.491
0.817
0.59
0.546
0.508
0.988
0.635
0.255
0.494
0.349
0.988
0.164
0.275
NA
NA
0.207
0.999
0.39
0.353
0.508
0.464
0.339
0.994
0.526
0.369
0.432
0.396
0.054
0.274
0.348
0.41
0.985
0.539
0.427
0.468
0.406
0.347
0.589
1
0.027
0.032
0.399
0.024
0.399
0.997
0.465
0.567
0.982
0.589
0.215
0.488
0.991
0.018
0.284
0.619
0.995
0.146
0.532
0.49
0.414
0.468
0.432
0.403
0.467
0.455
0.552
0.521
0.371
0.489
NA
NA
0.022
0.985
0.541
0.361
0.426
0.528
NA
0.555
0.336
0.45
0.041
0.251
0.99
0.988
0.049
0.503
0.218
0.78
0.337
0
0.474
0.338
NA
0.951
0.54
0.647
0.47
0.358
0.996
0.205
0.705
0.574
0.275
0.309
0.278
0.202
0.962
0.228
0.398
0.232
0.138
0.7
0.134
0.976
0.213
0.294
0.427
0.256
0.386
0.998
0.132
0.197
0.998
0.366
0.94
0.231
0.776
0.523
NA
NA
1
0.099
0.069
0.082
0.982
0.282
0.274
0.116
0.195
0.236
0.396
0.333
0.444
0.658
0.654
0.665
0.524
0.47
0.251
0.986
0.442
0.527
0.63
0.514
0.533
0.388
0.592
0.411
0.581
0.381
0.307
0.27
0.615
0.257
0.746
0.741
0.552
0.74
0.591
0.378
0.818
0.46
0.998
0.475
0.481
0.748
0.481
0.787
0.998
0.743
0.756
0.303
NA
NA
0.315
0.088
0.761
0.12
0.959
NA
0.562
0.425
0.409
0.113
0.979
0.415
0.483
0.994
NA
0.598
0.474
0.516
0.989
0.563
0.417
0.478
0.232
0.477
0.883
0.351
0.245
0.513
0.908
0.149
0.317
0.205
0.329
0.387
0.336
0.968
0.483
NA
0.74
0.742
0.459
NA
0.256
0.586
0.558
0.498
0.299
0.133
0.506
0.618
0.541
0.986
NA
0.528
0.527
NA
0.653
0.496
0.158
0.547
0.529
0.634
0.545
0.337
0.697
0.367
0.517
0.567
0.605
0.311
0.358
0.449
0.58
0.997
0.665
0.469
0.167
0.512
0.337
0.39
0.565
0.381
0.416
0.649
0.484
0.436
0.53
0.515
0.614
0.307
0.288
0.26
0.239
0
0.651
0.426
0.382
1
0.444
0.462
0.605
0.264
0.437
0.549
0.481
0.971
NA
0.496
0.468
0.32
0.602
0.594
0.633
0.302
0.246
0.308
0.997
0.395
0.377
0.419
0.699
0.94
0.153
0.143
0.704
0.163
0.158
0.966
0.397
0.476
0.583
0.404
0.416
0.42
0.534
0.424
0.597
0.433
0.665
0.496
0.528
0.316
0.997
0.58
0.491
NA
0.097
0.208
NA
1
0.398
0.382
0.993
0.628
0.385
0.739
0.507
0.023
0.833
0.992
0.199
0.583
0.514
0.537
0.464
0.544
0.302
0.749
0.997
0.725
0.566
0.857
0.368
0.993
0.946
0.186
0.857
0.997
0.993
0.809
0.514
0.57
0.251
0.997
0.445
0.551
NA
0.493
0.431
0.422
0.649
0.656
0.556
0.44
0.991
0.393
0.495
0.677
0.888
0.888
NA
NA
0.102
0.427
0.388
0.474
NA
0.44
0.414
0.283
0.333
0.244
0.422
NA
0.347
0.383
0.999
0.268
0.039
0.346
0.382
0.431
0.384
0.417
0.511
0.433
0.2
0.502
0.2
0.998
0.2
0.2
0.502
0.2
0
0.379
0.441
0.387
0.413
0.311
0.389
0.22
NA
0.991
0.998
NA
0.871
0.528
0.805
0.999
0.406
0.995
0.354
0.336
0.28
0.284
0.2
0.15
0.264
NA
NA
NA
NA
NA
NA
NA
NA
0.999
0.333
0.484
0.502
0.994
0.437
0.129
0.952
0.849
0.631
NA
NA
NA
0.044
0.182
0.315
0.272
0.32
0.316
0.499
0.156
0.134
0.284
0.182
0.311
0.383
NA
0.427
0.496
NA
0.589
0.053
0.548
0.426
0.182
0.991
NA
0.146
NA
NA
0.595
NA
0.336
0.387
0.54
0.371
0.862
0.79
0.998
NA
0.247
0.394
0.186
0.325
NA
0.982
0.323
NA
0.986
0.983
0.998
0.99
NA
0.402
0.412
0.211
NA
0.049
0.98
0.25
0.054
NA
0.616
0.611
0.503
0.411
0.805
0.701
0.532
0.414
NA
0.649
0.991
0.318
NA
NA
NA
NA
NA
0.517
0.64
0.798
0.991
0.527
0.182
0.568
0.788
0.312
0.557
0.552
0.394
NA
0.539
0.427
0.335
0.525
NA
0.215
NA
NA
NA
NA
NA
NA
NA
0.468
0.325
0.536
0.88
0.123
0.17
0.131
0.417
0.138
0.966
0.297
0.329
0.154
0.448
0.628
0.177
1.011
0.268
0.569
0.482
0.718
0.45
0.51
NA
0.453
0.298
0.384
0.381
0.996
0.264
0.379
0.998
0.388
NA
NA
0.959
0.997
NA
NA
0.998
0.315
0.467
0.377
0.959
0.991
0.092
0.999
0.548
0.331
0.959
0.361
0.607
0.998
0.392
0.498
0.534
0.111
0.361
NA
0.53
0.603
0.99
0.265
0.998
0.977
NA
NA
0.462
0.498
0.636
0.365
0.415
0.39
0.986
0.198
0.249
NA
NA
0.163
0.599
0.497
0.084
0.098
0.347
0.759
0.996
NA
0.22
0.136
0.994
0.726
0.726
0.329
0.995
0.994
0.994
0.826
0.09
0.075
0.977
0.383
0.985
0.334
0.997
0.389
0.696
0.352
0.527
0.148
0.453
0.486
0.199
0.485
0.141
0.37
0.968
NA
0.868
NA
0.999
NA
0.854
0.42
0.604
0.353
0.642
0.687
0.616
0.679
0.997
NA
0.473
0.725
0.72
0.768
1
0.671
0.99
0.414
0.569
0.544
0.376
0.455
0.387
0.198
0.188
0.444
0.396
0.458
0.436
0.279
0.403
0.437
0.186
0.45
0.419
NA
0.131
0.196
0.396
0.993
0.294
0.488
0.365
0.989
0.641
0.577
NA
0.781
0.436
0.645
0.405
0.354
0.407
0.627
0.624
0.972
0.366
0.195
0.234
NA
0.515
0.487
0.543
0.533
0.563
0.717
0.465
0.34
0.482
0.672
NA
0.472
0.041
0.996
NA
0.535
0.643
0.675
0.994
0.107
0.15
0.925
0.7
0.332
0.817
0.719
0.549
0.348
0.559
0.642
0.662
NA
NA
0.51
0.547
0.7
0.998
0.806
0.281
0.417
0.484
0.368
0.269
0.999
0.99
0.124
0.998
0.041
0.611
NA
0.997
0.537
0.97
0.58
0.996
NA
NA
NA
NA
0.989
0.547
0.507
0.464
0.573
0.667
0.197
NA
0.462
0.678
0.324
0.989
0.706
NA
0.989
0.989
NA
NA
NA
NA
NA
0.204
0.341
0.359
0.766
0.311
NA
NA
NA
0.242
0.997
0.716
0.683
0.893
0.814
NA
0.996
NA
0.249
0.542
0.477
0.282
0.428
0.463
0.591
0.502
0.338
0.36
0.424
0.362
0.186
0.497
0.289
0.597
0.521
0.212
0.638
0.435
0.216
0.318
0.785
0.138
0.146
NA
NA
0.175
0.935
0.935
0.301
0.592
0.174
0.983
0.068
0.034
NA
0.306
0.174
NA
0.52
0.935
NA
0.758
0.562
0.406
0.49
0.517
0.39
0.304
0.395
0.351
0.422
0.49
0.352
0.322
0.501
0.997
NA
0.461
1
0.254
0.682
NA
0.274
0.257
0.545
0.99
NA
NA
NA
0.498
0.566
0.548
0.214
NA
0.294
NA
0.366
0.366
0.508
0.995
NA
NA
0.322
0.118
0.506
0.993
0.362
NA
0.188
0.385
0.488
0.35
0.317
0.112
0.609
NA
0.486
NA
0.277
NA
0.59
0.128
NA
NA
0.389
0.492
0.033
0.67
0.985
0.327
0.409
0.386
0.169
NA
NA
NA
NA
NA
0.188
0.465
NA
0.621
0.515
0.346
0.434
0.686
0.997
0.69
0.57
0.524
NA
0.114
NA
0.996
0.447
0.595
0.984
0.598
0.683
0.637
0.496
NA
0.937
0.285
0.292
0.455
0.738
NA
0.15
0.257
0.32
0.364
0.164
0.313
0.35
0.197
0.815
0.365
0.367
0.406
0.482
0.243
0.254
0.412
0.319
0.341
0.203
0.987
0.681
0.794
NA
0.109
0.995
0.271
0.153
0.321
0.308
0.154
0.083
0.984
0.088
0.102
0.115
0.658
0.055
0.984
0.351
0.077
0.983
0.047
0.189
0.041
NA
0.242
0.247
0.315
0.22
NA
NA
NA
NA
NA
NA
NA
NA
0.664
0.24
NA
0.202
0.591
0.339
0.193
0.421
0.497
0.177
NA
0.099
0.113
NA
0.149
0.459
0.139
NA
0.046
0.325
0.235
0.372
NA
0.6
0.642
0.547
NA
0.997
0.669
0.542
0.492
0.399
0.233
0.282
0.124
0.623
0.579
0.536
0.792
0.184
0.264
0.147
0.131
0.259
0.65
0.612
0.569
0.998
0.233
0.529
0.594
0.459
0.447
0.519
0.57
0.673
0.511
0.736
0.498
0.781
0.741
0.714
0.525
0.445
0.386
0.506
0.556
0.485
0.32
0.653
0.437
0.991
0.38
0.563
0.287
0.353
0.344
NA
0.476
0.244
NA
0.404
0.588
0.409
0.318
0.28
NA
0.492
0.485
0.502
0.377
0.347
0.751
0.657
0.385
0.462
0.508
0.506
0.384
0.238
0.532
0.398
0.682
0.379
0.803
0.555
0.629
0.212
0.075
0.411
0.368
0.592
0.992
0.26
NA
NA
0.244
0.961
NA
0.985
0.86
0.998
NA
NA
NA
NA
0.911
NA
NA
NA
NA
0.821
0.259
0.662
0.697
0.996
0.707
0.785
0.319
0.07
0.222
0.506
0.316
0.6
0.887
0.996
0.197
0.216
0.998
0.119
0.16
0.171
0.866
0.999
0.145
0.135
NA
NA
NA
0.1
0.998
0.542
0.667
0.287
0.996
0.761
0.514
0.654
1
0.507
0.757
0.634
0.616
0.705
0.425
0.767
0.539
0.571
0.989
0.633
0.661
0.721
0.475
0.59
0.557
0.447
0.273
0.999
NA
0.415
0.41
0.414
NA
NA
0.252
0.848
0.302
0.967
0.545
0.609
0.415
NA
0.481
0.654
0.534
0.546
0.598
0.69
0.844
0.78
0.418
0.388
0.528
0.405
0.806
0.418
0.551
0.439
0.969
0.696
0.482
0.643
0.58
0.215
0.692
0.41
NA
0.371
0.43
0.546
0.453
0.409
0.733
0.401
0.624
0.59
0.983
NA
0.998
0.454
0.585
0.691
0.705
0.381
0.998
0.083
0.629
0.562
0.572
0.557
0.571
0.595
0.451
0.513
0.637
0.475
0.543
0.617
0.404
0.43
0.28
0.313
0.638
0.965
0.555
NA
0.501
0.341
0.499
0.308
NA
0.582
0.714
0.306
0.352
0.195
0.477
0.04
0.34
0.417
0.676
0.251
0.37
0.331
0.306
0.579
0.485
0.591
0.446
0.305
NA
0.399
0.695
0.401
0.479
0.394
0.285
0.422
NA
0.431
0.423
0.295
0.396
0.569
0.702
0.606
0.454
0.52
0.634
0.255
0.644
0.524
0.461
0.665
0.731
0.458
0.666
0.652
0.671
0.581
0.614
0.611
0.752
NA
0.622
NA
0.412
NA
0.547
0.323
0.994
0.587
0.353
0.329
0.416
0.379
0.352
0.463
0.53
0.528
0.489
0.273
0.533
0.651
0.499
0.533
0.518
0.29
0.43
0.324
0.447
0.441
0.688
0.999
0.565
0.479
0.414
0.988
0.524
0.517
0.359
0.69
0.989
0.3
NA
0.286
0.496
0.413
0.997
0.385
0.075
0.98
0.256
0.623
0.992
0.688
0.749
0.484
0.452
0.528
0.512
0.895
0.854
0.73
0.767
0.721
0.166
0.28
0.603
0.334
0.438
0.633
0.252
0.827
0.997
0.133
0.244
NA
0.792
0.261
0.047
0.806
0.489
0.427
0.771
0.496
0.442
0.54
0.576
0.533
0.55
0.469
0.568
0.591
0.521
0.555
0.543
0.566
0.988
0.998
0.453
0.524
0.595
0.535
0.998
0.332
0.373
0.196
0.386
0.421
0.859
0.226
0.228
0.331
0.361
0.229
0.496
0.385
0.256
0.304
0.32
0.998
0.307
0.144
0.372
0.35
0.872
0.198
0.284
0.537
0.446
0.951
0.997
0.333
0.355
0.419
0.176
0.998
0.98
NA
0.252
0.982
0.482
0.636
0.627
0.293
0.624
NA
0.247
0.996
0.339
0.987
0.375
0.633
0.994
0.606
0.497
0.245
0.262
0.285
0.307
0.28
0.996
0.409
0.659
0.587
0.651
0.032
NA
0.018
0.444
0.361
0.096
NA
0.061
0.616
0.988
0.989
0.885
0.157
NA
0.23
0.219
0.398
0.151
0.204
0.168
0.056
0.222
0.285
0.217
0.315
0.016
0.168
0.162
0.177
0.093
0.311
NA
0.317
0.475
0.181
0.106
0.567
0
0.182
0.317
0.493
0.215
0.108
0.196
0.197
0.022
0.469
0.08
0.14
0.165
0.304
0.555
0.33
0.28
0.312
0.264
0.263
0.099
0.251
0.997
0.934
0.995
0.545
0.385
0.331
NA
0.999
0.139
0.225
0
0
0
0.279
0
0.293
0.991
0.359
0.23
0.428
0.613
0.528
0.301
0.398
0.545
0.541
0.508
0.531
0.459
0.637
0.242
0.54
0.988
0.487
0.133
0.726
0.775
0.831
0.794
0.732
0.737
0.634
0.572
0.604
0.725
0.667
0.994
0.534
0.336
0.697
0.629
0.342
0.466
0.626
0.798
0.711
0.93
0.704
0.984
0.773
0.681
0.675
0.727
0.865
0.832
0.656
0.74
0.945
0.781
0.475
0.976
0.815
0.727
0.449
0.991
0.709
0.39
0.702
0.939
0.062
NA
0.244
NA
0.665
0.54
0.468
0.359
0.788
0.788
0.743
0.484
0.491
0.325
0.319
0.495
0.588
0.502
0.385
0.441
0.683
0.988
0.286
0.35
0.685
0.693
0.674
0.995
NA
0.476
0.024
NA
NA
0.549
0.416
0.497
0.162
0.473
0.995
0.508
0.341
0.39
0.459
0.994
0.292
0.468
0.458
0.505
0.462
0.99
0.628
NA
0.438
0.664
0.428
0.173
0.956
0.805
0.956
0.492
0.479
0.604
0.363
0.69
0.335
0.674
0.658
0.581
0.186
0.657
0.568
0.641
0.686
0.581
0.796
0.314
0.992
0.548
NA
0.186
0.432
0.501
NA
0.5
0.5
0.33
0.173
0.144
0.996
0.081
NA
0.106
0.713
0.187
0.562
0.964
0.388
0.585
0.725
0.581
0.221
0.508
0.762
0.771
0.99
0.585
0.549
1
0.628
0.172
0.472
0.896
0.607
0.157
0.994
0.168
0.399
0.165
0.646
0.998
0.501
0.473
0.564
0.42
0.434
0.41
0.995
0.392
0.998
0.227
0.186
0.162
0.217
0.16
0.28
0.561
0.328
0.246
0.373
0.98
0.46
0.995
0.995
0.999
0.985
0.152
0.328
0.364
0.699
0.308
0.737
0.996
0.224
0.184
0.227
0.941
0.427
0.554
0.443
0.472
0.189
0.995
0.438
0.331
0.473
0.348
0.359
0.397
0.707
0.42
0.455
0.997
0.703
0.402
0.477
0.432
0.581
0.499
0.137
0.171
0.517
0.456
0.509
0.607
0.739
0.74
0.996
0.74
0.618
0.488
0.751
0.709
0.595
0.473
0.579
0.573
0.585
0.549
0.38
0.456
0.251
0.532
0.623
0.57
0.349
0.519
0.7
0.538
0.544
0.587
0.395
0.73
0.992
0.555
0.467
0.583
0.401
0.405
0.563
0.252
0.471
0.485
0.555
0.693
0.996
0.37
0.487
0.565
0.451
0.548
0.622
0.569
0.611
0.815
0.235
0.088
0.325
0.195
0.363
0.408
0.317
0.358
0.192
0.2
0.359
0.998
0.625
0.633
0.317
0.588
0.446
0.175
0.355
0.299
0.193
0.557
0.6
0.504
0.648
0.464
0.655
0.173
0.405
0.558
0.523
0.349
0.609
0.516
0.558
0.999
0
0.998
0.533
0.337
0.527
0.62
0.601
0.501
0.412
0.429
0.563
0.463
0.686
0.394
0.301
0.58
0.693
0.643
0.363
0.615
0.569
0.547
0.323
0.441
0.295
0.692
0.686
0.955
0.253
0.109
0.264
0.629
0.607
0.47
0.256
0.254
0.768
0.864
0.496
0.633
0.627
0.61
NA
0.488
0.451
0.49
0.401
0.557
0.995
0.507
NA
0.605
0.511
0.506
0.311
0.279
0.595
0.561
0.379
0.251
0.489
0.271
0.376
0.427
0.021
0.619
0.238
0.994
0.206
NA
0.178
NA
0.439
NA
0.232
0.566
NA
NA
NA
NA
NA
NA
NA
NA
NA
NA
NA
NA
NA
NA
NA
NA
NA
NA
NA
NA
NA
NA
NA
NA
NA
NA
0.254
0.176
0.998
0.263
0.581
0.573
0.367
0.681
0.753
0.8
0.573
0.768
0.995
0.546
0.467
0.644
0.62
0.676
0.478
0.555
0.155
0.308
0.63
NA
NA
NA
NA
0.995
0.128
0.376
0
1
0.819
0.489
0.988
0.856
0.273
0.999
0.746
0.681
0.1
0.755
NA
0.378
0.581
0.837
0.998
0.723
0.427
0.501
0.991
NA
NA
NA
0.738
1
0.538
0.353
0.433
0.425
0.661
0.359
0.662
0.457
0.137
0.457
0.185
0.501
0.482
0.636
0.612
0.421
0.492
0.42
0.338
0.482
0.642
0.618
0.279
0.215
0.124
0.43
0.587
0.753
0.128
0.55
0.132
0.477
0.636
0.474
0.22
0.374
0.28
0.281
0.372
0.319
0.383
0.486
0.388
0.498
0.601
0.533
0.272
0.993
0.636
0.253
0.11
0.135
0.306
0.081
0.22
0.409
0.563
0.342
0.578
0.485
0.428
0.209
0.304
0.221
0.244
0.344
0.1
0.409
0.411
0.321
NA
0.129
0.349
0.988
0.025
0.382
0.429
0.723
0.292
0.15
0.163
0.516
0.579
0.999
0
0.883
NA
0.651
0.116
0.768
0.723
0.991
0.028
0.341
NA
NA
0.347
0.301
0.328
0.189
0.258
0.628
0.277
0.342
0.525
0.541
0.467
0.358
0.347
NA
0.464
0.301
0.26
NA
0.227
NA
0.511
0.199
0.685
0.507
0.504
0.531
0.181
NA
0.262
0.166
0.332
0.991
0.755
0.463
0.457
0.452
0.159
NA
0.472
0.691
0.523
0.68
0.318
0.632
0.439
0.492
0.65
NA
NA
0.249
0.197
0.68
NA
0.832
0.494
0.634
0.492
0.396
0.423
0.988
0.445
0.583
0.533
0.579
0.408
0.53
0.595
0.571
0.998
0.481
0.457
0.315
0.542
0.697
0.747
0.633
0.698
0.359
0.554
0.507
0.582
0.383
0.587
0.571
0.69
0.527
0.428
0.619
0.726
0.998
0.758
0.806
NA
0.677
0.569
0.573
NA
0.251
NA
NA
NA
0.274
0.223
0.303
0.311
0.489
0.031
0.273
NA
NA
0.361
0.373
0.208
0.365
0.31
NA
0.15
0.442
0.22
0.016
0.007
0.551
0.46
0.365
0.468
0.338
0.882
0.885
0.442
0.418
0.322
0.393
0.568
0.116
0.551
0.676
0.493
0.459
0.821
0.867
0.322
0.444
0.375
0.957
0.362
0.99
0.394
0.994
0.201
0.681
0.388
0.295
0.229
0.632
NA
0.352
0.391
0.288
0.674
0.423
0.066
0.492
0.611
0.511
0.437
0.578
0.426
0.392
0.398
0.152
0.302
0.398
NA
0.642
0.62
NA
0.177
0.498
0.624
0.619
0.577
0.502
0.475
0.524
0.333
0.489
0.443
0.443
0.476
0.992
0.316
0.123
NA
0.381
NA
NA
0.203
0.203
0.374
0.161
0.427
0.157
0.051
0.188
0.115
0.999
NA
0.987
0.624
0.438
0.455
0.541
0.609
0.788
0.495
0.543
0.461
0.586
0.33
0.815
0.815
0.815
0.261
0.259
0.214
0.977
0.324
0.233
0.29
0.42
0.142
0.427
0.205
0.464
0.52
0.985
NA
0.194
0.5
0.636
0.592
0.537
0.997
0.581
0.453
0.376
0.354
0.389
0.666
0.993
0.373
0.203
0.458
0.522
0.98
0.333
0.364
0.636
0.764
0.762
0.6
0.896
0.629
0.246
0.353
0.665
0.727
0.376
0.318
0.523
0.411
NA
0.345
0.749
0.33
0.558
NA
0.342
0.653
0.587
0.565
0.472
NA
NA
0.993
0.535
NA
NA
NA
0.528
NA
0.698
0.7
0.997
0.264
0.39
NA
0.747
0.352
0.449
0.809
NA
0.421
0.416
0.353
0.296
0.401
0.457
0.574
0.072
NA
0.269
0.237
0.273
0.049
0.448
0.165
0.144
0.608
0.373
0.406
0.413
0.434
0.307
0.475
0.275
0.981
NA
0.627
0.543
0.563
0
NA
NA
0.379
0.632
0.651
NA
0.302
0.225
0.325
0.295
0.681
0.996
NA
0.007
NA
NA
NA
NA
NA
NA
NA
NA
NA
NA
NA
NA
NA
NA
NA
NA
NA
NA
NA
NA
NA
NA
NA
NA
NA
0.161
0.667
0.225
0.28
0.208
0.21
0.18
0.106
0.358
0.127
0.039
0.099
0.422
0.599
0.854
NA
0.983
0.401
0.014
0.643
0.998
0.465
0.576
0.171
0.027
NA
0.588
0.476
0.998
0.656
0.409
0.59
0.707
0.985
0.62
0.507
0.303
0.515
0.996
NA
NA
NA
NA
NA
NA
NA
NA
0.478
0.492
0.986
0.956
0.349
0.502
0.552
0.405
0.466
NA
NA
NA
NA
NA
0.349
0.38
NA
NA
NA
0.454
0.352
NA
NA
0.482
0.994
0.342
NA
0.446
0.391
0.486
0.545
0.63
0.507
0.405
0.521
0.988
0.486
0.188
0.735
0.544
0.718
0.617
0.325
0.429
0.426
0.993
0.177
0.344
0.383
0.638
0.618
0.71
0.535
NA
0.667
0.467
NA
NA
NA
NA
NA
NA
NA
NA
NA
NA
0.502
0.527
0.996
NA
0
0
0.507
0.853
0.663
0.336
0.52
0.713
0.732
0.542
0.548
0.293
0.998
0.011
0.459
0.409
0.406
0.359
0.328
0.874
0.462
0.327
0.431
0.765
0.449
0.304
0.418
0.284
0.986
0.732
0.493
0.595
0.58
0.623
0.533
0.997
0.216
0.159
0.443
0.515
0.262
0.512
0.631
0.651
0.609
0.553
0.987
0.494
0.348
0.29
0.371
0.508
0.358
0.292
0.207
0.486
0.479
0.478
0.481
0.477
0.281
0.427
0.292
0.385
0.511
0.406
0.372
0.507
0.1
0.42
0.369
0.419
NA
0.117
NA
0.533
0.557
0.571
0.434
0.21
0.359
0.449
0.538
0.103
0.433
0.299
0.974
0.322
0.518
0.182
0.241
0.551
0.64
0.697
0.336
0.785
0.718
0.665
0.731
0.702
0.519
0.475
0.991
0.434
0.108
0.581
0.585
0.408
0.819
0.178
0.458
0.365
0.258
0.998
0.637
0.609
0.568
0.465
0.355
0.19
NA
0.578
0.466
0.033
0
0.98
0
0.542
0.63
0.474
0.642
0.768
0.399
0.975
0.524
0.64
0.524
0.425
NA
0.129
0.214
0.492
0.525
0.354
0.436
0.385
0.011
0.306
0.645
0.561
0.485
0.133
0.459
0.062
0.111
0.219
0.452
0.534
0.431
0.994
0.063
0.27
0.297
0.199
0.214
0.349
0.503
0.523
0.394
0.997
NA
0.112
0.983
0.186
NA
NA
NA
NA
NA
0.995
0.71
0.986
0.521
NA
NA
NA
NA
NA
0.621
0.494
NA
NA
NA
NA
0.318
0.956
0.805
0.416
0.527
0.565
NA
0.418
0.67
0.223
0.358
0.337
0.224
0.606
0.544
0.288
0.297
0.541
0.553
0.3
0.256
0.616
0.999
0.093
0.408
0.418
0.603
0.535
NA
0.544
0.379
0.995
0.591
0.38
0.587
0.769
0.37
0.991
0.604
0.489
0.391
0.551
NA
0.364
0.358
0.469
0.464
0.465
0.489
0.425
0.999
NA
0.465
0.351
0.095
NA
0
0
0.994
0.983
0.346
NA
0.135
0.274
0.985
0.525
1
NA
NA
NA
NA
0.306
0.967
0.578
0.671
0.297
0.372
0.432
0.671
NA
0.88
NA
NA
NA
NA
0.633
NA
NA
NA
NA
0.596
0.5
NA
NA
NA
0.997
0.249
0.31
0.563
0.629
0.872
0.979
NA
NA
0.559
NA
NA
0.44
0.294
0.991
0.348
0.994
0.585
NA
NA
NA
0.993
0.6
0.946
0.946
0.627
0.356
0.627
0.999
NA
NA
NA
0.821
NA
0.823
NA
NA
0.674
NA
0.288
0.288
0.401
0.468
0.408
0.392
0.336
0.322
0.554
0.989
0.306
NA
0.158
0.139
0.409
NA
NA
NA
0.106
NA
0.038
0.985
0.985
NA
NA
NA
0.295
NA
0.346
NA
NA
0.433
0.982
0.982
0.982
0.369
0.536
0.727
0.677
0.708
0.154
0.35
0.207
0.502
0.414
NA
0.253
NA
0.991
0.938
0.148
0.608
0.651
0.776
0.705
0.356
0.066
0.986
0.395
0.037
NA
0.511
0.354
0.235
0.309
0.332
0.121
0.79
0.889
NA
0.225
0.3
0.272
NA
0.267
NA
0.995
0.481
0.21
0.142
NA
NA
0.985
0.529
0.65
0.405
0.042
0.348
NA
0.569
0.11
0.129
0.407
0.272
NA
0.368
NA
0.088
0.339
0.267
0.452
0.385
0.39
0.358
NA
0.6
0.362
0.994
0.381
0.032
0.792
0.425
0.297
NA
NA
NA
NA
NA
0.258
0.059
0.99
0.557
0.476
0.984
0.539
0.938
0.938
0.676
0.33
0.486
0.545
0.416
NA
0.425
0.392
0.317
0.356
0.526
0.394
0.997
0.471
0.416
0.432
0.41
0.433
0.367
0.99
0.993
0.993
0.993
0.993
0.485
0.43
0.506
0.478
0.401
0.498
0.226
0.479
0.103
0.436
0.356
0.997
0.566
NA
NA
NA
0.697
0.608
0.51
0.442
0.464
0.53
0.616
0.29
0.332
0.993
0.235
0.299
0.29
0.503
0.578
0.485
0.648
0.58
0.524
0.698
0.623
0.73
0.606
0.598
0.505
0.505
0.449
0.555
0.459
0.5
0.531
0.47
0.445
NA
0.496
0.99
0.448
0.312
NA
0.23
0.727
0.727
0.207
0.029
0.437
0.639
0.745
0.267
0.243
0.194
0.517
0.267
0.61
0.588
0.473
0.645
0.145
0.169
0.33
0.262
0.121
0.497
0.115
0.121
NA
0.501
0.222
0.289
0.764
0.384
0.228
0.173
0.392
0.999
NA
0.381
0.173
0.304
0.42
0.44
0.378
NA
0.449
1
0.449
1
0.172
0.064
0.183
0.528
0.556
0.538
0.631
0.638
0.689
0.575
0.673
0.631
0.608
0.579
0.418
0.377
NA
0.998
0.204
0.474
0.992
0.507
0.678
0.678
0.678
0.483
0.151
0.468
0.535
0.36
0.368
0.456
0.443
0.097
0.087
0.476
0.549
0.339
0.279
0.282
NA
0.254
0.306
0.132
0.155
0.399
NA
0.102
0.158
NA
NA
NA
NA
0.409
0.253
0.547
0.592
0.538
0.469
0.032
NA
NA
0.051
NA
NA
0.092
0.142
0.343
0.283
0.388
NA
NA
NA
NA
NA
NA
NA
NA
NA
0.423
0.32
0.692
0.101
NA
NA
NA
NA
NA
NA
NA
NA
NA
NA
NA
NA
NA
NA
NA
NA
NA
NA
NA
NA
NA
NA
NA
NA
NA
NA
NA
NA
NA
NA
NA
NA
NA
NA
0.542
NA
0.11
0.166
NA
0.199
NA
0.393
NA
0.062
0.13
0.235
0.03
0.044
0.009
NA
NA
NA
NA
0.082
NA
0.515
NA
NA
NA
NA
0.272
NA
NA
NA
NA
NA
NA
NA
NA
NA
NA
NA
NA
0.224
NA
NA
NA
NA
NA
NA
NA
NA
NA
NA
NA
NA
NA
NA
NA
NA
NA
NA
NA
NA
NA
NA
NA
NA
NA
NA
NA
NA
NA
NA
NA
NA
NA
NA
NA
NA
NA
NA
NA
NA
0.138
0.028
0.613
NA
NA
NA
NA
NA
NA
NA
0.364
NA
0
0.067
0.135
0.397
NA
NA
NA
NA
NA
NA
NA
NA
NA
NA
NA
NA
NA
NA
NA
0.096
NA
0.285
0.351
NA
NA
NA
NA
NA
NA
NA
NA
NA
NA
0.229
NA
NA
NA
NA
NA
0.028
0.083
NA
NA
NA
0.244
0.403
NA
NA
NA
NA
0.123
0.213
0.21
0.305
0.389
0.166
0.76
NA
0.339
NA
NA
NA
0.078
0.24
NA
0.278
NA
0.022
0.324
0.273
NA
NA
0.308
NA
NA
0.22
NA
NA
NA
NA
0.067
0.426
NA
NA
NA
NA
NA
NA
NA
NA
NA
0.335
0.21
NA
NA
NA
NA
NA
NA
NA
NA
0.16
NA
NA
NA
NA
NA
0.78
0.343
NA
0.271
0.24
NA
0.091
NA
NA
NA
NA
NA
NA
NA
NA
NA
NA
0.29
NA
NA
NA
NA
NA
NA
NA
NA
NA
NA
NA
NA
NA
NA
NA
NA
NA
NA
NA
NA
NA
NA
NA
NA
NA
NA
NA
NA
NA
NA
NA
NA
NA
NA
NA
NA
0.451
NA
NA
0.316
NA
0.033
NA
0.028
0.253
NA
NA
NA
NA
NA
NA
0.471
NA
NA
0.075
NA
NA
0.451
0.359
0
NA
0.217
NA
NA
NA
NA
NA
NA
NA
NA
NA
0.081
0.35
NA
NA
0.204
0.102
NA
0.562
0.494
NA
0.172
0.715
NA
0.04
0.369
NA
NA
NA
NA
0.084
NA
NA
NA
NA
NA
NA
0.358
NA
NA
0.131
0.446
0.28
0.242
0.212
0.409
0.31
NA
NA
NA
0.055
NA
0.276
NA
NA
0.985
0.158
0.518
NA
NA
NA
0.245
0.504
0.342
NA
NA
NA
NA
NA
NA
0.087
0.017
0.246
0.112
0.48
NA
NA
0.544
0.493
0.121
0.295
0.23
0.14
0.326
NA
0.262
0.291
NA
NA
NA
NA
0.075
NA
0.066
NA
NA
0.318
0
0
NA
NA
NA
NA
NA
NA
NA
NA
NA
0.032
NA
NA
NA
NA
NA
NA
NA
NA
NA
0.336
0.596
NA
0.278
NA
NA
NA
NA
0.324
0.373
NA
NA
NA
NA
NA
NA
NA
NA
NA
NA
NA
0.103
0.071
0.076
NA
0.017
NA
NA
NA
NA
NA
NA
NA
NA
NA
NA
0.013
NA
0.547
NA
NA
NA
NA
0.228
NA
NA
0.308
NA
NA
NA
0.094
0.232
NA
0.312
NA
NA
NA
0.638
0.487
0.115
0.129
NA
NA
NA
NA
0.209
NA
NA
0.248
0.327
0.491
NA
NA
NA
0.365
NA
NA
NA
NA
0.172
NA
NA
NA
0.206
NA
0.21
NA
NA
NA
0.055
0.089
NA
0.094
NA
0.216
0.021
NA
0.025
NA
NA
NA
0.215
0.345
0.2
0.199
NA
0.413
NA
0.045
0.372
NA
NA
0.283
0.102
NA
NA
0.693
NA
0.218
NA
0.089
0.317
NA
NA
0.15
NA
NA
NA
0.147
NA
NA
0.183
NA
0.359
0.144
NA
0
NA
NA
0.407
NA
NA
NA
0.19
0.095
NA
NA
NA
NA
0.359
0.184
0.242
NA
NA
0.226
NA
0.468
NA
0.263
NA
0.077
NA
NA
0.25
0.528
0
NA
NA
NA
0.013
0.194
NA
0.155
NA
0.138
NA
NA
NA
NA
NA
NA
0.141
NA
NA
NA
0.351
0.299
NA
NA
NA
NA
NA
0.053
NA
0.056
NA
NA
NA
NA
NA
NA
NA
0
0.566
NA
NA
NA
NA
NA
NA
NA
0.332
NA
0.342
NA
NA
0.228
0.167
NA
0.723
NA
NA
0.278
NA
0.202
0.248
NA
NA
NA
NA
0.317
NA
0.363
NA
0.242
0.449
NA
0.325
0.301
0.168
NA
0.369
0.438
0.259
NA
NA
NA
NA
NA
NA
NA
NA
0.278
NA
NA
NA
0.209
0.531
NA
0.431
NA
NA
NA
0.145
0.032
0.029
0.614
0.501
NA
NA
NA
NA
NA
NA
NA
NA
NA
0.295
0.617
NA
0.157
0.244
0.367
0.194
0.174
0.031
0.043
NA
NA
NA
NA
NA
NA
NA
NA
NA
NA
NA
NA
0.086
NA
NA
NA
NA
NA
NA
0.253
0.372
NA
NA
NA
0.35
NA
NA
0.513
0.357
0.466
NA
NA
NA
0.1
NA
0.012
NA
NA
NA
NA
0.14
NA
NA
NA
NA
NA
NA
NA
NA
0.042
0.049
NA
NA
NA
NA
NA
0.823
NA
NA
NA
NA
NA
NA
NA
NA
NA
0.08
NA
NA
NA
0.218
NA
NA
NA
NA
NA
NA
NA
NA
NA
NA
NA
NA
NA
NA
NA
0.251
0.408
0.322
0.427
NA
NA
NA
NA
NA
0.192
NA
NA
NA
0.372
NA
0.349
NA
NA
NA
0
NA
0.123
0.187
0.017
0.339
NA
NA
NA
NA
0.26
NA
NA
NA
NA
0.284
NA
0.078
NA
0.302
0.142
NA
NA
NA
NA
NA
0.373
0.597
NA
NA
0.023
NA
NA
NA
NA
NA
NA
NA
NA
NA
NA
NA
NA
NA
NA
NA
NA
NA
NA
NA
0.402
NA
NA
NA
NA
NA
0.151
0.38
NA
NA
NA
NA
NA
0.161
NA
0.049
NA
0.599
NA
NA
NA
NA
NA
NA
NA
NA
NA
NA
0.024
0.085
0.123
NA
0.413
NA
0.231
0.172
0.271
NA
NA
0.653
0.204
NA
NA
NA
0.021
0.1
NA
NA
NA
NA
NA
0
0
NA
NA
NA
NA
NA
NA
NA
NA
NA
NA
0.155
0.058
NA
0.292
0.462
NA
NA
NA
NA
NA
NA
NA
NA
0.128
0.142
0.354
NA
NA
NA
0.279
NA
0.186
NA
NA
NA
0.305
NA
NA
NA
NA
NA
NA
NA
NA
NA
NA
NA
0.164
NA
NA
0.439
0.134
0.077
NA
NA
NA
NA
NA
NA
NA
NA
NA
NA
NA
0.115
NA
NA
NA
0.749
NA
NA
NA
NA
NA
NA
NA
NA
NA
NA
0.266
NA
NA
NA
NA
NA
NA
0.294
NA
0.29
NA
0.139
0.041
NA
NA
NA
NA
NA
NA
NA
NA
NA
NA
NA
NA
NA
NA
NA
0.133
NA
NA
0.039
0.158
NA
NA
NA
0.36
0.233
0.229
0.052
NA
0.315
0.301
0.084
NA
0
NA
NA
NA
NA
0.437
NA
NA
NA
0.197
NA
NA
NA
NA
0.198
NA
NA
NA
NA
NA
0.277
0.112
NA
NA
0.133
NA
NA
NA
0.358
NA
NA
NA
NA
NA
NA
NA
NA
0.48
NA
NA
NA
NA
NA
NA
0.381
0.112
NA
0.104
NA
NA
0.786
NA
0.275
0
NA
NA
NA
NA
NA
0.213
NA
NA
NA
NA
NA
NA
NA
NA
0.206
NA
NA
NA
NA
NA
0.206
NA
NA
NA
0.368
NA
NA
NA
NA
0.307
NA
NA
NA
NA
NA
NA
NA
0.048
0.203
NA
0.657
0.15
0.292
NA
NA
NA
NA
NA
NA
NA
NA
NA
NA
NA
NA
NA
0.298
NA
NA
NA
NA
NA
NA
NA
0.214
0.421
NA
NA
NA
NA
NA
NA
NA
NA
0.173
NA
NA
NA
NA
NA
NA
NA
NA
NA
NA
NA
NA
NA
0.561
NA
0.548
NA
0.118
NA
NA
NA
NA
NA
NA
NA
NA
NA
NA
0.165
NA
0.247
0.298
NA
NA
NA
NA
0.992
0.182
0.211
0.282
0.154
NA
NA
NA
NA
NA
NA
NA
NA
NA
NA
NA
NA
NA
NA
NA
NA
NA
NA
NA
0.222
NA
NA
NA
NA
NA
NA
NA
NA
NA
NA
0.104
0.286
0.51
0.315
NA
NA
NA
0.232
0.222
NA
NA
NA
NA
NA
NA
NA
NA
NA
0.215
NA
NA
NA
NA
NA
NA
NA
0.286
0.268
0.355
NA
NA
NA
0.354
NA
NA
NA
NA
NA
NA
NA
NA
0.285
0.256
0.649
NA
NA
NA
NA
0.034
0.38
NA
NA
NA
NA
NA
NA
0
NA
NA
0.153
0.019
0.021
NA
NA
NA
NA
NA
0.368
NA
0.595
NA
0.533
NA
NA
NA
NA
NA
NA
0.313
NA
NA
NA
NA
NA
NA
NA
NA
NA
NA
NA
NA
0.075
NA
0.355
NA
NA
NA
NA
NA
NA
NA
NA
NA
NA
0.183
0.061
NA
NA
NA
NA
0.302
0.285
NA
NA
NA
0.162
0.301
0.348
NA
0.146
NA
NA
NA
0.201
0.051
0.156
0.385
0.296
NA
0.37
NA
NA
NA
NA
0.355
NA
0.038
0.015
0.126
NA
NA
NA
0.151
NA
NA
NA
NA
NA
NA
NA
NA
NA
NA
0.027
NA
NA
NA
NA
NA
NA
NA
NA
NA
NA
NA
NA
NA
0.218
NA
NA
NA
0.101
NA
0.498
NA
0.169
NA
NA
NA
NA
0.408
0.154
0.159
0.19
NA
NA
0.119
0.158
0.971
NA
NA
0.318
NA
0.182
0.222
0.052
0.207
NA
0.273
NA
NA
NA
0.342
NA
0.274
0.261
NA
0.367
NA
NA
NA
0.338
NA
NA
NA
NA
NA
0
NA
NA
NA
NA
0.278
0.184
0.225
0.122
0.045
NA
NA
NA
NA
NA
NA
NA
NA
NA
NA
NA
NA
NA
NA
0.141
NA
NA
0.057
0.395
0.258
NA
NA
NA
NA
NA
NA
NA
NA
NA
0.023
0.254
0.193
NA
NA
NA
NA
NA
NA
NA
NA
0.701
NA
NA
NA
NA
NA
NA
NA
NA
NA
NA
NA
NA
NA
0
NA
NA
NA
NA
NA
NA
NA
NA
NA
0.177
0.338
NA
NA
NA
NA
NA
NA
NA
NA
NA
NA
0.323
NA
NA
NA
NA
NA
NA
0.449
0.334
NA
0.259
NA
NA
NA
NA
NA
NA
NA
0.422
0.53
0.359
NA
NA
0.343
0.287
NA
0.642
NA
0.249
0.367
NA
NA
NA
NA
NA
NA
0.288
NA
0.222
0.339
NA
0.282
NA
NA
NA
NA
NA
0.506
0.273
NA
0.226
0.368
NA
NA
NA
0.224
NA
NA
NA
NA
0.025
NA
0.035
NA
NA
NA
NA
NA
0.518
0.028
NA
NA
NA
0.448
NA
NA
NA
0.251
NA
NA
NA
NA
NA
NA
0.077
0.068
NA
NA
NA
0.166
0.032
NA
0.238
0.045
0.212
0.212
0.502
NA
0.339
0.51
NA
NA
NA
0.148
0.494
0.168
NA
NA
NA
NA
0.363
0.27
NA
NA
NA
NA
NA
0.238
NA
NA
NA
0.22
0.336
0.217
NA
NA
NA
NA
0.569
NA
NA
0.313
NA
0.222
0.23
NA
NA
NA
0.024
NA
0.248
NA
NA
NA
0.204
NA
NA
NA
NA
NA
NA
NA
NA
NA
NA
NA
NA
NA
NA
0.484
0
NA
NA
0.439
0.229
NA
0.253
NA
0.788
NA
NA
NA
0.251
NA
NA
0
0.125
NA
NA
NA
NA
NA
NA
0.232
NA
0.689
NA
NA
NA
0.327
NA
NA
NA
0.346
NA
NA
NA
NA
NA
NA
NA
NA
0.228
0.24
NA
NA
NA
NA
0.417
NA
NA
NA
NA
NA
NA
NA
NA
NA
NA
NA
NA
NA
NA
NA
NA
NA
NA
NA
NA
NA
NA
NA
NA
NA
NA
NA
NA
0.306
0.352
NA
NA
NA
NA
NA
NA
NA
NA
NA
NA
NA
NA
NA
NA
NA
NA
0.193
NA
0.425
0.319
NA
NA
NA
0.614
NA
NA
NA
NA
0.277
NA
NA
NA
NA
NA
NA
NA
NA
0.315
0.042
NA
NA
NA
0.346
0.122
NA
NA
NA
0.434
NA
NA
NA
NA
NA
0.134
NA
NA
NA
NA
NA
NA
NA
NA
NA
NA
NA
NA
NA
NA
NA
0.125
0.051
NA
0.339
NA
NA
0.337
0.236
0.411
NA
0.335
NA
NA
NA
NA
0.342
NA
NA
NA
NA
NA
0.353
0.146
0.369
0.17
NA
NA
NA
NA
NA
NA
NA
NA
NA
NA
NA
NA
NA
0.335
NA
NA
NA
NA
NA
0.642
NA
0.19
0.334
NA
NA
0.101
NA
0.122
0.282
NA
NA
NA
NA
NA
0.383
0.316
NA
NA
0.588
0.412
0.277
NA
NA
NA
NA
NA
NA
NA
NA
NA
NA
NA
NA
NA
NA
0.137
0.459
0.329
NA
NA
0.199
NA
NA
NA
NA
NA
NA
NA
NA
NA
NA
NA
NA
NA
NA
NA
NA
NA
NA
NA
NA
0.172
NA
NA
NA
0.033
NA
0.442
NA
0.158
0.368
NA
0.284
0.394
NA
NA
0.111
NA
NA
0.33
NA
NA
0.342
NA
0.483
NA
NA
NA
0.258
NA
NA
NA
NA
NA
NA
NA
NA
NA
NA
NA
NA
NA
NA
0.5
NA
NA
0.039
0.038
NA
0.471
NA
NA
NA
NA
0.28
NA
0.262
0.261
NA
0.244
NA
NA
0.152
NA
NA
NA
NA
NA
NA
NA
NA
0.445
NA
0.165
NA
0.235
0.077
NA
NA
NA
NA
NA
0.353
0.177
0.063
0.166
0.188
0.341
0.74
NA
NA
NA
0.181
NA
NA
NA
NA
NA
0.235
NA
NA
NA
NA
0.192
NA
NA
NA
0.882
NA
0.428
0.519
NA
0.289
0.492
0.286
NA
0.301
NA
0.204
NA
NA
0.34
NA
0.203
0.268
NA
0.357
0.457
0.035
NA
0.211
0.413
NA
NA
NA
0.292
NA
0.15
NA
0.362
NA
NA
NA
NA
NA
0.16
NA
NA
NA
0.462
NA
0.209
0.424
NA
0.276
NA
0.317
NA
NA
NA
0.593
NA
NA
NA
NA
0.158
0.094
0.339
NA
NA
NA
NA
NA
NA
NA
0.302
NA
0.18
NA
NA
NA
NA
NA
NA
NA
0.411
NA
NA
0.448
NA
NA
0.018
0.175
NA
NA
NA
NA
NA
0.416
NA
NA
NA
0.201
NA
NA
0.411
NA
0.997
NA
0.414
NA
NA
NA
0.437
0.027
0
NA
NA
NA
NA
NA
0.255
NA
NA
0.174
0.455
0.228
0.32
NA
NA
NA
0.217
NA
0.136
0.18
NA
NA
NA
0.382
NA
0.241
NA
NA
NA
NA
NA
0.225
NA
0.341
NA
NA
NA
NA
NA
NA
0.028
0.086
NA
NA
NA
NA
NA
NA
NA
NA
NA
0.307
NA
NA
NA
NA
NA
NA
NA
NA
NA
NA
NA
NA
NA
NA
NA
NA
NA
NA
0.243
0.293
NA
NA
0.139
0.374
NA
NA
0.161
NA
0.086
NA
0.181
NA
NA
0.304
0.309
NA
NA
NA
NA
NA
NA
NA
NA
NA
NA
0.473
NA
0.261
0.374
NA
NA
0.233
0.251
NA
NA
NA
0.391
NA
NA
0.063
NA
NA
NA
NA
NA
NA
0.358
0.34
0.777
NA
NA
NA
NA
0.018
0.47
NA
NA
NA
0.082
0.172
0.172
0.296
NA
NA
0.048
0.258
NA
NA
0.136
NA
0.232
0.272
0.258
NA
NA
0.407
0.276
0
0.048
0.497
0.215
0.173
NA
NA
0.138
NA
0.368
NA
NA
NA
NA
0.169
NA
NA
NA
NA
NA
NA
0.287
NA
0.316
NA
NA
NA
NA
0.248
NA
NA
NA
0.21
NA
0.22
0.293
0.085
NA
NA
NA
NA
NA
0.186
0.263
0.359
NA
NA
NA
NA
NA
NA
NA
NA
NA
NA
NA
NA
NA
NA
0.186
0.032
0.346
NA
NA
0.331
0.502
0.099
NA
NA
0.143
NA
0.816
0.256
0
NA
NA
0.253
0.114
0.177
NA
NA
NA
NA
0.241
0.019
NA
NA
NA
NA
NA
NA
0.306
NA
NA
NA
NA
NA
NA
NA
0.446
0.246
0.023
NA
NA
NA
NA
0.245
NA
NA
NA
NA
0.112
NA
NA
NA
NA
NA
0
0
0
NA
NA
NA
NA
0.104
NA
NA
0.166
0.125
0.309
0.134
NA
0.252
NA
0.447
0.246
0.52
0.216
0.13
NA
NA
0.156
NA
NA
NA
NA
NA
NA
NA
NA
NA
NA
NA
NA
NA
NA
NA
NA
0.507
0.099
NA
NA
0.177
NA
0.997
0
NA
NA
NA
0.396
NA
NA
NA
NA
NA
NA
0.375
NA
NA
NA
NA
0.227
NA
NA
NA
NA
NA
NA
NA
NA
0.211
0.212
NA
NA
NA
NA
NA
NA
NA
NA
NA
NA
NA
NA
NA
NA
NA
NA
NA
NA
NA
NA
NA
NA
NA
NA
NA
NA
0.108
0.139
NA
0.556
NA
NA
NA
NA
NA
NA
NA
NA
NA
NA
NA
NA
NA
0.393
NA
NA
NA
NA
NA
NA
NA
0.514
NA
NA
0.141
0.146
NA
NA
NA
0.385
NA
0.023
NA
NA
0.229
0.023
0.942
0.072
0.078
NA
NA
NA
0.157
NA
NA
0.224
NA
0.181
NA
0.158
0.195
NA
0.451
NA
NA
NA
NA
NA
0.043
NA
0.031
NA
0.522
0.041
NA
0.04
0.025
0.268
NA
0.163
NA
0.327
0.425
NA
NA
NA
NA
NA
0.405
NA
0.377
NA
NA
0.156
NA
0.174
NA
NA
0.324
NA
NA
NA
NA
0.203
0.351
NA
NA
NA
NA
NA
NA
NA
NA
NA
NA
0.233
NA
0.246
NA
NA
NA
NA
NA
NA
NA
NA
NA
NA
NA
0.226
NA
NA
0
NA
NA
NA
NA
NA
NA
NA
NA
0.255
NA
NA
NA
NA
NA
NA
0.041
NA
NA
NA
NA
NA
NA
0.517
0.192
NA
NA
NA
NA
NA
1
NA
NA
NA
NA
0.286
NA
NA
0.222
NA
NA
NA
NA
NA
NA
NA
NA
NA
NA
NA
NA
NA
0.261
NA
NA
NA
NA
NA
NA
NA
NA
0.162
NA
NA
NA
NA
NA
NA
NA
NA
NA
NA
NA
0.226
NA
NA
0.344
NA
NA
NA
NA
NA
NA
NA
NA
NA
NA
NA
NA
NA
NA
NA
NA
NA
NA
NA
NA
0.08
0.189
NA
0.49
0.396
NA
NA
NA
NA
NA
NA
NA
NA
NA
NA
0.273
0.293
NA
NA
0.546
NA
NA
NA
NA
NA
NA
NA
NA
NA
NA
NA
NA
NA
NA
NA
NA
NA
NA
NA
NA
0.015
NA
NA
NA
NA
NA
NA
0.709
NA
NA
NA
NA
NA
NA
0
0.426
NA
NA
0.281
NA
NA
0.401
NA
NA
NA
0.438
0.308
NA
NA
NA
NA
NA
NA
NA
NA
NA
NA
NA
NA
NA
NA
NA
0.35
NA
NA
NA
NA
NA
NA
NA
NA
NA
NA
NA
NA
NA
NA
NA
NA
NA
0.096
NA
NA
NA
NA
NA
NA
NA
0.167
0.611
NA
NA
NA
NA
NA
NA
0.333
NA
NA
0.237
0.359
NA
0.061
NA
0.463
NA
NA
0
NA
NA
NA
NA
0.159
NA
NA
NA
NA
NA
NA
NA
0.33
NA
NA
0.36
NA
NA
NA
NA
NA
0.527
NA
0.362
NA
NA
NA
NA
NA
NA
NA
NA
NA
NA
NA
NA
NA
NA
NA
NA
NA
NA
NA
NA
NA
NA
NA
NA
NA
NA
NA
NA
NA
NA
NA
NA
NA
NA
NA
NA
NA
NA
NA
NA
NA
NA
NA
NA
NA
0.713
NA
NA
NA
NA
NA
NA
NA
NA
NA
NA
NA
NA
NA
0.262
0.312
NA
0.119
NA
NA
NA
NA
NA
NA
NA
0.375
0.142
NA
NA
0.163
NA
NA
NA
NA
NA
0.212
0.263
NA
NA
NA
NA
NA
NA
NA
0.027
0.587
0
NA
NA
NA
NA
NA
0.317
NA
NA
NA
NA
NA
NA
NA
0.026
NA
NA
NA
NA
0.389
NA
NA
NA
NA
NA
NA
NA
NA
NA
0.134
NA
0.205
0.302
0.299
NA
NA
NA
NA
0.196
0.469
NA
NA
NA
NA
NA
NA
NA
NA
NA
NA
NA
NA
NA
0.491
NA
NA
0.302
NA
NA
0.262
NA
0.286
0.479
NA
0.249
0.63
NA
NA
NA
NA
NA
NA
0.103
NA
NA
0.03
NA
NA
NA
NA
0.194
NA
NA
NA
NA
NA
NA
NA
NA
NA
NA
0.198
NA
NA
NA
NA
NA
NA
NA
NA
NA
NA
NA
0.363
NA
NA
NA
NA
NA
0.122
NA
NA
NA
NA
NA
NA
NA
NA
NA
NA
NA
NA
NA
NA
NA
NA
0.631
NA
NA
NA
NA
NA
NA
NA
NA
0.138
0.453
0.596
NA
NA
NA
0.04
NA
NA
0.236
NA
0.099
0.376
NA
0.514
NA
NA
0.012
NA
NA
NA
NA
NA
NA
NA
NA
0.261
0.197
NA
NA
NA
NA
NA
NA
NA
0.345
NA
NA
NA
NA
NA
0.254
0.679
0.258
NA
NA
NA
0.11
0.272
NA
NA
NA
NA
NA
NA
NA
0.416
NA
NA
NA
NA
NA
NA
NA
NA
NA
0.333
0.425
0.063
NA
NA
0.401
NA
NA
NA
NA
0.158
0.707
0.245
NA
NA
NA
NA
NA
NA
NA
NA
NA
0.321
0.398
0.119
0.135
NA
NA
NA
NA
NA
NA
NA
NA
NA
NA
NA
NA
NA
0.291
0.449
0.464
0.248
NA
NA
NA
NA
NA
NA
NA
NA
NA
NA
0.089
NA
NA
NA
0.084
NA
0.016
0.069
NA
NA
NA
NA
0.224
NA
0.286
NA
NA
NA
0.303
NA
NA
NA
NA
NA
NA
0.231
NA
NA
NA
NA
NA
NA
NA
NA
NA
0.545
0.346
NA
NA
NA
NA
NA
NA
NA
NA
NA
NA
0.413
0.063
NA
NA
0.316
NA
0.748
NA
0.099
0.275
0.232
NA
0.405
0.254
0.411
0.244
0.166
NA
NA
NA
NA
NA
NA
NA
NA
NA
NA
NA
NA
0.109
0.133
0.11
0.35
0.25
NA
NA
NA
NA
NA
0.159
NA
NA
NA
0.296
NA
NA
NA
NA
NA
NA
NA
NA
NA
0.152
NA
NA
NA
NA
NA
NA
NA
NA
0.313
0.233
NA
NA
NA
NA
0.287
NA
NA
NA
0.363
0.202
0.378
NA
NA
0.032
NA
NA
0.204
NA
NA
NA
NA
NA
0.28
NA
0.13
0.326
NA
NA
NA
NA
0.493
0.495
NA
0.388
NA
0.181
0.188
NA
0.419
NA
NA
NA
0.295
0.017
0.338
NA
NA
NA
NA
NA
NA
NA
0.28
0.248
0.305
NA
NA
NA
NA
NA
NA
0.373
0.072
0.645
NA
0.134
0.106
0.095
NA
NA
NA
NA
NA
NA
NA
NA
NA
0.288
NA
NA
0.198
NA
NA
NA
NA
NA
NA
0.025
0.231
NA
NA
NA
NA
NA
NA
NA
NA
NA
NA
NA
NA
NA
NA
0.201
NA
NA
NA
NA
NA
NA
NA
NA
0.364
NA
NA
NA
NA
0.114
0.413
NA
NA
NA
NA
0.104
NA
NA
NA
NA
NA
0.051
NA
NA
NA
NA
0.469
NA
NA
NA
0.455
NA
NA
NA
NA
NA
NA
0.064
NA
NA
NA
NA
NA
NA
NA
NA
0.169
0.274
NA
NA
NA
NA
NA
NA
NA
NA
NA
NA
NA
NA
NA
NA
0.098
NA
0.106
0.196
0.192
NA
NA
NA
NA
NA
NA
NA
NA
NA
0.121
NA
NA
NA
NA
NA
NA
NA
NA
NA
NA
NA
NA
NA
NA
NA
0.301
NA
NA
NA
NA
NA
NA
NA
0.151
NA
NA
NA
NA
NA
NA
NA
NA
NA
NA
NA
NA
NA
NA
NA
NA
NA
NA
NA
NA
NA
NA
0.291
NA
NA
NA
NA
NA
NA
NA
NA
NA
NA
NA
NA
NA
NA
NA
NA
NA
NA
NA
NA
NA
NA
NA
0.197
NA
NA
NA
0.062
NA
0.022
NA
NA
NA
NA
NA
NA
0.212
0.646
NA
NA
NA
NA
0.454
NA
0.114
0.241
0.101
NA
NA
NA
NA
NA
NA
NA
NA
NA
NA
NA
NA
NA
NA
0.399
NA
NA
NA
NA
NA
NA
NA
NA
NA
NA
NA
NA
NA
NA
NA
NA
NA
NA
NA
NA
NA
NA
NA
NA
0.019
0.023
NA
0.177
0.374
NA
NA
NA
NA
NA
NA
0.443
NA
NA
NA
NA
NA
0.076
NA
NA
NA
NA
NA
NA
NA
NA
NA
NA
NA
NA
NA
NA
NA
NA
NA
0.293
0.476
NA
NA
NA
0.309
0.184
NA
NA
NA
0.445
0.322
NA
NA
0.192
NA
NA
NA
NA
0.246
NA
NA
0.329
0.158
NA
NA
NA
NA
NA
0.15
NA
0.175
NA
NA
NA
NA
NA
NA
NA
NA
NA
0.395
0.21
0.079
0.072
NA
NA
NA
NA
0.116
0.237
NA
NA
NA
NA
NA
0.295
0.289
0.418
NA
NA
NA
0.132
NA
0.271
NA
0.173
0.285
NA
NA
NA
0.334
NA
NA
NA
NA
NA
NA
NA
0.247
NA
NA
NA
NA
NA
NA
NA
NA
0.026
NA
NA
NA
NA
NA
NA
NA
NA
NA
NA
NA
NA
NA
NA
NA
NA
NA
0.286
NA
0.421
NA
NA
NA
NA
NA
NA
NA
0.272
0.3
NA
0.131
NA
NA
0.338
0.205
NA
0.219
NA
NA
NA
NA
NA
NA
0.22
NA
NA
NA
NA
NA
NA
0.462
0.204
NA
NA
NA
NA
NA
NA
NA
0.196
NA
0.143
NA
NA
NA
0.477
0.373
0.284
0.616
NA
0.487
NA
NA
NA
0.322
NA
NA
0.273
NA
0.161
NA
NA
0.141
0.042
NA
0.17
NA
0.056
0.309
0.391
NA
NA
NA
NA
NA
NA
NA
0.29
0.046
NA
NA
0
0.204
NA
0.214
NA
NA
0.027
NA
NA
0.052
NA
NA
NA
NA
NA
0.255
NA
NA
0.134
NA
NA
NA
NA
NA
NA
NA
NA
NA
0.228
NA
NA
NA
NA
NA
NA
NA
NA
NA
NA
NA
NA
NA
NA
NA
NA
NA
NA
NA
NA
NA
NA
NA
NA
NA
NA
0.132
NA
0.375
NA
0.606
NA
NA
NA
NA
NA
NA
NA
NA
NA
NA
NA
NA
NA
NA
NA
NA
0.042
NA
NA
0.091
NA
NA
0.261
NA
0.438
0.214
0.315
NA
NA
NA
0.521
0.184
NA
NA
0.509
0.198
NA
NA
NA
NA
NA
NA
NA
NA
NA
NA
NA
NA
NA
NA
NA
0.125
NA
NA
NA
0.295
0.235
NA
NA
NA
NA
NA
0.281
0.286
NA
NA
NA
NA
NA
NA
NA
NA
NA
0.272
NA
NA
NA
NA
NA
NA
NA
NA
NA
NA
NA
NA
NA
NA
NA
NA
NA
NA
NA
NA
NA
NA
NA
NA
NA
0.32
NA
NA
0.257
0.35
0.083
NA
NA
0.363
NA
0.529
0.037
0.193
NA
0.234
NA
NA
0.127
0.455
0.092
NA
0.275
NA
NA
NA
0.127
0.33
0.275
0.144
0.146
0.208
NA
NA
0.35
NA
NA
0.19
NA
0.238
NA
NA
NA
0.289
0.167
NA
0.112
NA
NA
0.262
NA
0.291
0.345
NA
NA
0.032
NA
NA
NA
NA
0.376
0.035
NA
0.03
0.323
NA
0.156
0.542
NA
0.029
NA
NA
NA
NA
NA
NA
NA
NA
NA
NA
NA
0.075
NA
NA
0.404
NA
NA
NA
NA
NA
NA
NA
NA
0.107
NA
NA
NA
NA
NA
NA
NA
NA
NA
NA
NA
NA
0.299
NA
NA
0.11
NA
NA
NA
NA
NA
NA
NA
NA
NA
NA
NA
NA
0.364
0.24
NA
NA
NA
NA
NA
NA
NA
NA
NA
NA
NA
NA
NA
NA
NA
NA
NA
NA
NA
NA
NA
NA
NA
NA
NA
NA
NA
NA
NA
NA
0.432
NA
NA
NA
NA
NA
NA
NA
NA
NA
NA
NA
NA
NA
NA
NA
NA
0.165
NA
0.355
NA
NA
NA
NA
NA
NA
NA
NA
NA
NA
NA
NA
NA
NA
NA
NA
NA
0.163
0.255
0.079
0.034
NA
0.318
0.099
0.2
0.447
NA
0.061
0.599
0.315
NA
NA
0.225
0.046
NA
NA
NA
NA
NA
NA
NA
0.102
NA
0.104
NA
NA
NA
NA
NA
0.341
NA
NA
NA
NA
NA
NA
NA
NA
NA
NA
NA
NA
NA
NA
0.13
0.024
NA
NA
NA
0.389
NA
NA
0.081
NA
NA
0.115
NA
0.019
0
NA
NA
0.48
0.241
0.153
NA
0.143
NA
NA
NA
NA
NA
NA
0.116
NA
NA
NA
NA
NA
NA
NA
NA
NA
NA
NA
NA
0.131
NA
NA
NA
NA
NA
NA
NA
NA
NA
NA
0.133
NA
NA
NA
0.316
NA
0.556
0.181
NA
0.198
NA
NA
NA
NA
NA
NA
NA
NA
0.339
NA
0.143
NA
0.253
NA
NA
0.311
0.463
0.245
NA
0.226
NA
NA
0.101
0.276
NA
NA
0.29
NA
0.47
0.122
NA
0
NA
0.275
0.366
NA
NA
NA
NA
NA
NA
NA
0.265
0.567
0.333
0.224
NA
NA
0.224
0.118
NA
NA
NA
NA
0.555
NA
NA
NA
NA
NA
NA
0.219
NA
NA
NA
NA
0.344
0.217
NA
NA
NA
NA
NA
NA
0.32
NA
NA
NA
0.123
NA
0.082
0.147
NA
NA
NA
NA
NA
NA
NA
NA
0.018
0.045
NA
0.096
0.069
NA
NA
NA
NA
NA
NA
NA
0.269
NA
NA
NA
NA
NA
NA
NA
NA
NA
NA
NA
0.176
NA
0.027
NA
0.157
NA
NA
NA
0.167
0.019
NA
NA
NA
0.095
NA
NA
NA
NA
NA
NA
NA
NA
NA
NA
NA
0.205
NA
NA
NA
NA
NA
NA
0.216
NA
0.147
NA
NA
NA
0.138
NA
NA
NA
NA
NA
NA
0.247
NA
0.084
NA
NA
NA
NA
0.147
NA
0.277
NA
NA
NA
NA
NA
NA
NA
NA
NA
0.076
NA
NA
NA
0.298
NA
NA
0.211
0.318
NA
0.405
0
NA
NA
NA
0.248
NA
NA
NA
NA
0.451
0.081
NA
0.362
NA
NA
NA
NA
NA
NA
NA
NA
0.031
NA
NA
NA
NA
NA
NA
NA
NA
NA
NA
NA
NA
0.029
NA
NA
0.3
0.313
NA
0.34
0.167
NA
NA
NA
NA
NA
0.297
0.264
NA
0.605
0.234
0.405
NA
NA
0.407
0.07
0.322
NA
NA
NA
NA
NA
0.291
NA
NA
NA
NA
NA
NA
NA
NA
NA
NA
0.031
0.327
NA
NA
NA
0.361
NA
NA
NA
NA
NA
NA
NA
NA
NA
0.232
NA
0.129
0.063
NA
0.348
NA
NA
0.03
0.253
NA
NA
NA
NA
0.319
NA
NA
NA
NA
NA
NA
NA
NA
NA
0.059
0.607
0.366
0.099
NA
NA
NA
NA
NA
NA
NA
NA
0.171
NA
NA
NA
0.02
NA
0.276
NA
NA
0.822
NA
0.213
0.388
NA
NA
NA
NA
NA
NA
NA
NA
NA
0.055
0.542
NA
0.128
NA
NA
NA
NA
NA
0.307
NA
0.452
0.213
NA
NA
0.334
0.281
0.454
0.036
NA
0.393
0.26
0.143
0.649
NA
0.202
0.306
NA
NA
0.493
NA
NA
NA
NA
NA
NA
NA
0
NA
0.415
NA
NA
NA
0.278
0.269
0.181
NA
NA
NA
NA
NA
NA
NA
NA
0.277
NA
NA
NA
NA
NA
NA
NA
NA
NA
0.433
0.277
NA
NA
0.377
0.269
0.458
0.168
NA
0.381
NA
NA
NA
NA
NA
NA
NA
NA
NA
0.466
0.429
NA
NA
0.185
0.271
NA
NA
0.522
0.093
0.359
0.259
NA
NA
NA
NA
NA
NA
0.274
0.516
0.502
NA
NA
NA
NA
0
0.329
NA
0.229
NA
0.022
0.372
0.109
NA
0.32
NA
0.411
0.202
NA
NA
NA
NA
NA
NA
NA
NA
0.266
NA
0.099
NA
NA
NA
NA
NA
NA
NA
NA
NA
NA
NA
NA
NA
NA
0.167
0.501
0.106
NA
NA
0.225
NA
NA
0.101
0.035
NA
0.261
NA
0.051
NA
NA
NA
NA
NA
NA
0.455
NA
NA
0.059
NA
0.248
NA
0.299
0.163
NA
0.522
0.103
NA
0.457
NA
NA
NA
0.477
NA
0
NA
NA
NA
NA
NA
NA
NA
NA
0.019
0.248
0.053
0.019
NA
NA
NA
NA
0.441
NA
0.49
NA
0.183
0.143
NA
0
0.38
NA
NA
NA
0.306
NA
0.118
0.466
0.328
0.264
0.226
0.164
0.526
NA
NA
NA
NA
NA
NA
NA
NA
NA
NA
NA
NA
NA
NA
NA
NA
NA
NA
NA
NA
NA
NA
NA
NA
NA
0.12
NA
0.077
NA
NA
0.338
NA
0.037
NA
0.501
NA
NA
0.586
0.229
NA
NA
NA
NA
NA
NA
NA
0.162
NA
0.246
NA
NA
NA
NA
NA
NA
NA
NA
NA
NA
NA
NA
NA
NA
NA
NA
0.213
NA
NA
NA
NA
0.338
0.412
NA
NA
0.354
NA
NA
NA
NA
NA
NA
NA
NA
0.508
0.237
NA
NA
NA
NA
NA
NA
0.15
0.061
NA
NA
NA
NA
NA
NA
NA
NA
NA
NA
NA
0.16
0.465
NA
0.101
NA
NA
NA
NA
0.55
NA
NA
NA
NA
NA
NA
NA
NA
NA
NA
NA
NA
NA
NA
NA
NA
NA
NA
NA
NA
NA
NA
NA
NA
0.024
0.451
0.422
0.189
0.309
NA
NA
NA
NA
NA
NA
NA
0.167
0.251
0.2
NA
NA
0.092
NA
0.197
NA
NA
NA
NA
NA
NA
NA
NA
NA
NA
0.356
0.273
NA
NA
NA
0.329
NA
NA
NA
NA
NA
NA
NA
NA
NA
NA
NA
NA
NA
NA
NA
NA
NA
NA
NA
NA
NA
0.081
NA
0.291
NA
NA
NA
NA
NA
NA
NA
NA
NA
NA
NA
NA
NA
NA
0.317
0.431
NA
NA
NA
NA
0.277
NA
NA
NA
NA
NA
0.343
0.064
0.088
NA
NA
NA
NA
NA
NA
NA
0.07
NA
NA
NA
NA
NA
NA
0.404
0.283
NA
NA
NA
NA
NA
NA
0.332
NA
NA
NA
NA
NA
NA
NA
NA
NA
0.064
0.113
NA
NA
NA
NA
NA
0.37
0.293
NA
NA
NA
0.06
0.187
NA
NA
NA
0.23
0.72
0.013
NA
NA
0.293
NA
NA
NA
NA
NA
NA
NA
NA
0.217
NA
0.222
NA
NA
NA
NA
NA
NA
NA
NA
NA
0.398
NA
NA
NA
NA
NA
0.242
NA
NA
NA
NA
NA
NA
NA
NA
0.123
0.087
0.417
0.369
0.338
NA
NA
NA
NA
NA
NA
NA
NA
NA
NA
NA
0.114
NA
NA
NA
NA
NA
NA
NA
NA
NA
NA
0.038
0.365
NA
NA
NA
NA
NA
NA
0.045
0.068
NA
0.023
NA
NA
NA
NA
0.279
NA
0.364
NA
NA
0.081
NA
0.284
NA
NA
NA
0.407
NA
NA
NA
NA
0.021
0.132
NA
NA
NA
NA
NA
NA
NA
NA
NA
NA
0.544
NA
NA
NA
NA
NA
NA
NA
NA
0.412
0.119
0.295
NA
NA
0.182
NA
NA
0.229
NA
NA
NA
0.368
NA
NA
NA
NA
NA
NA
NA
NA
NA
NA
NA
NA
NA
NA
NA
0.032
NA
0.422
0.618
NA
NA
NA
NA
NA
0
NA
0.39
NA
0.173
NA
NA
NA
NA
0.285
0.424
NA
NA
0.27
NA
0.433
NA
NA
0.257
NA
NA
NA
NA
NA
NA
0.504
NA
NA
NA
0.247
NA
0.312
0.169
NA
NA
NA
NA
NA
NA
NA
NA
0.179
NA
NA
0.312
NA
NA
NA
NA
NA
NA
NA
NA
NA
0.144
NA
NA
NA
NA
0.548
0.345
NA
NA
NA
NA
0.161
0.442
0.027
NA
0.266
0.256
0.329
NA
NA
NA
NA
NA
NA
NA
NA
0.047
0.026
0.039
NA
NA
NA
NA
NA
NA
0.142
NA
NA
0.269
0.308
NA
NA
NA
NA
NA
NA
NA
0.274
NA
NA
NA
NA
NA
0.047
0.409
NA
NA
NA
NA
NA
NA
0.542
NA
0.441
NA
NA
NA
NA
0.189
NA
NA
NA
NA
NA
0
NA
NA
0.284
NA
NA
NA
NA
NA
0.359
NA
NA
NA
NA
NA
NA
NA
NA
NA
NA
0.309
0.132
NA
NA
NA
0.367
NA
NA
NA
NA
NA
NA
NA
NA
NA
NA
NA
NA
NA
NA
NA
0.36
NA
NA
NA
NA
NA
NA
NA
NA
0.161
NA
NA
NA
NA
0.184
NA
0.226
0.327
NA
NA
NA
NA
NA
NA
NA
NA
NA
NA
NA
0.423
NA
NA
0.396
NA
NA
NA
NA
0.074
NA
NA
NA
NA
NA
NA
0.301
NA
NA
NA
NA
NA
NA
NA
0.099
0.441
NA
NA
NA
NA
NA
NA
NA
NA
NA
NA
NA
NA
NA
NA
NA
NA
NA
NA
NA
NA
NA
NA
NA
NA
NA
0.387
NA
NA
NA
NA
NA
NA
0.258
NA
NA
NA
NA
NA
NA
NA
NA
0.402
NA
NA
0.183
NA
NA
0.297
0.418
NA
NA
NA
NA
NA
NA
0.263
NA
NA
NA
0.253
0.08
NA
0.3
NA
NA
NA
NA
NA
0.364
0.593
NA
NA
NA
NA
0.147
0.322
0.308
0.253
NA
NA
0.235
0.15
0.142
NA
NA
NA
0.037
0.114
NA
0.391
NA
NA
NA
0.143
NA
NA
NA
NA
NA
NA
NA
NA
NA
NA
NA
0.354
NA
NA
NA
0.335
0.321
NA
NA
NA
NA
NA
NA
NA
NA
NA
0.199
0.367
NA
NA
NA
NA
NA
NA
0.157
NA
0.15
NA
NA
NA
NA
NA
NA
0.219
NA
NA
NA
NA
0.082
NA
NA
NA
NA
NA
NA
NA
NA
0.371
NA
0.505
0.274
NA
NA
NA
0.233
NA
NA
NA
NA
NA
NA
NA
NA
0.167
NA
NA
NA
NA
NA
NA
0.036
0.269
NA
NA
NA
0.015
NA
NA
NA
NA
NA
NA
0.111
NA
0.569
NA
NA
NA
0.504
NA
NA
NA
NA
NA
0.263
0.219
0.481
NA
0.398
0.392
NA
NA
NA
NA
NA
NA
NA
NA
NA
NA
NA
NA
NA
NA
NA
0.115
NA
0.478
NA
NA
NA
NA
NA
0.283
NA
NA
NA
0.551
0.372
NA
0.146
NA
NA
0.166
0.411
NA
NA
NA
0.152
NA
NA
NA
NA
NA
NA
0.172
0.112
0.283
NA
NA
NA
NA
NA
NA
NA
NA
0.414
0.293
NA
NA
NA
0.339
NA
NA
NA
NA
NA
NA
0.247
NA
0.149
0
0.196
0.375
NA
NA
0.046
NA
0.307
NA
NA
NA
NA
0.056
NA
NA
0.328
NA
NA
NA
NA
NA
NA
NA
NA
0.15
0.118
NA
NA
NA
NA
NA
0
NA
0.191
NA
0.266
0.413
0.24
0.34
NA
0.41
NA
NA
NA
0.251
0.375
NA
0.29
NA
NA
NA
NA
NA
NA
NA
NA
0.337
NA
NA
0.292
NA
0.241
NA
NA
NA
NA
0.288
0.026
NA
NA
NA
NA
0.148
NA
NA
NA
NA
NA
NA
NA
NA
NA
0.36
NA
0.71
0.143
NA
NA
NA
0.244
0.145
NA
NA
0.228
0.532
NA
0.158
NA
0.233
0.13
NA
0.288
NA
0.288
0.348
0.399
0.226
0.334
NA
NA
NA
0.435
0.325
0.325
NA
NA
0.167
0.029
NA
NA
NA
0.245
NA
0.249
NA
NA
NA
NA
NA
NA
NA
NA
0.043
NA
0.356
0.196
NA
NA
NA
NA
NA
NA
NA
NA
NA
0.243
NA
0.176
0.256
NA
NA
NA
0.396
NA
0.377
0.088
NA
NA
NA
0.214
NA
0.117
NA
NA
0.568
0.274
NA
NA
0.133
0.381
0.132
0.318
0.367
NA
0.43
NA
NA
NA
NA
NA
NA
NA
NA
NA
NA
NA
0.937
NA
NA
NA
NA
0.076
NA
NA
NA
NA
NA
0.331
0.36
NA
NA
NA
NA
NA
NA
0.314
0.042
0.034
NA
NA
0.133
NA
NA
NA
0.143
0.13
NA
NA
NA
NA
NA
NA
NA
NA
NA
0.394
NA
0.222
0.199
NA
NA
0.383
NA
0.393
NA
NA
NA
NA
NA
0.33
NA
0.158
NA
NA
NA
NA
0
NA
0.202
NA
NA
NA
NA
0.183
NA
0.156
0.196
0.42
NA
0.126
NA
NA
NA
NA
NA
0.395
0.12
NA
NA
NA
NA
0.31
NA
0.428
NA
NA
NA
0.446
NA
NA
NA
NA
NA
NA
NA
NA
NA
NA
NA
NA
NA
0.32
NA
NA
NA
NA
NA
NA
NA
NA
NA
NA
NA
NA
0.014
NA
NA
NA
NA
NA
NA
NA
0.08
0.294
0.252
NA
NA
NA
0.249
NA
NA
NA
NA
0.361
NA
NA
0
NA
NA
NA
NA
NA
NA
NA
NA
NA
NA
NA
NA
NA
NA
NA
NA
NA
NA
NA
0.153
NA
0.353
NA
NA
NA
NA
NA
NA
NA
NA
NA
NA
NA
NA
0.303
NA
NA
NA
NA
NA
NA
0.411
NA
NA
NA
NA
NA
NA
NA
NA
NA
NA
NA
0.224
0.385
NA
0.405
NA
0.036
NA
0.446
0.514
NA
0.182
NA
NA
NA
NA
NA
0.357
0.358
NA
NA
NA
NA
0.232
0.235
0.154
NA
NA
0.424
0.11
NA
0.232
NA
0.723
NA
NA
NA
0.419
NA
0.405
0.413
NA
0.257
NA
NA
0.378
0.313
0.389
0.029
0.039
NA
NA
0.125
0.177
NA
NA
NA
NA
NA
0.383
NA
NA
NA
NA
NA
NA
NA
NA
NA
0.115
0.18
NA
NA
NA
NA
NA
NA
0.25
0.19
0.158
NA
NA
NA
0.05
NA
0.093
NA
0.284
0.151
NA
0.066
NA
NA
0.525
0.362
NA
0.455
NA
0.39
NA
0.467
NA
0.504
0.344
NA
NA
0.061
NA
NA
NA
NA
NA
0.183
NA
0.063
0.336
0.22
0.069
0.23
0.321
NA
0.104
0.177
0.277
NA
NA
NA
NA
0.205
NA
0.422
0.192
0.271
NA
NA
NA
NA
NA
NA
NA
NA
NA
NA
NA
NA
NA
NA
NA
0.12
NA
NA
0.278
NA
NA
NA
NA
NA
NA
NA
NA
0.076
0.134
NA
NA
NA
NA
NA
NA
NA
NA
NA
NA
NA
0.11
0.178
0.272
0.116
NA
NA
NA
0
NA
NA
NA
NA
NA
NA
0.367
NA
NA
0.142
NA
NA
NA
0.25
0.345
0.141
0.048
NA
NA
NA
NA
NA
NA
NA
NA
NA
NA
NA
NA
NA
NA
NA
NA
NA
NA
NA
NA
NA
NA
NA
NA
NA
NA
NA
0.201
NA
NA
NA
NA
NA
NA
NA
NA
NA
NA
NA
NA
NA
0.458
NA
NA
NA
NA
NA
NA
NA
NA
NA
NA
0.025
NA
0.198
NA
NA
NA
NA
NA
NA
NA
NA
NA
NA
NA
NA
NA
NA
0.136
NA
NA
NA
0.26
NA
NA
NA
NA
NA
NA
NA
NA
NA
NA
NA
NA
0.377
0.128
0.138
NA
NA
NA
0.297
NA
NA
NA
NA
NA
NA
NA
0.113
0.057
0.084
0.262
NA
NA
NA
NA
NA
NA
NA
NA
0.097
NA
NA
NA
NA
0.355
NA
NA
NA
NA
NA
NA
0.276
0.049
NA
NA
0.243
NA
NA
NA
NA
NA
NA
NA
NA
NA
NA
NA
NA
0.239
NA
NA
NA
NA
0.533
NA
0.27
0.154
NA
0.176
NA
0.297
NA
NA
0.037
0.042
0.204
NA
0.16
0.526
0.446
0.28
NA
NA
NA
0.252
0.239
NA
NA
NA
NA
NA
NA
NA
NA
NA
NA
NA
NA
NA
NA
NA
0.159
NA
NA
0.199
0.21
NA
0.511
0.081
NA
NA
NA
NA
0.332
NA
NA
NA
NA
0.052
NA
NA
NA
NA
NA
NA
NA
NA
NA
NA
0.449
0.024
NA
NA
NA
NA
NA
NA
NA
NA
NA
NA
0.04
NA
NA
0.03
NA
NA
0.359
NA
NA
NA
0.317
NA
NA
NA
NA
NA
NA
NA
NA
NA
NA
NA
NA
NA
NA
NA
NA
NA
NA
NA
0.332
NA
NA
NA
NA
NA
NA
NA
NA
NA
NA
NA
NA
NA
NA
NA
0.088
NA
0.409
NA
NA
0.29
NA
NA
NA
NA
0
0.227
NA
0.304
0.161
NA
NA
NA
0.101
NA
NA
NA
NA
NA
NA
0.05
NA
0.103
0.333
0.14
NA
0.247
NA
0.035
NA
NA
NA
NA
NA
NA
NA
NA
NA
NA
NA
NA
0.29
0.154
NA
NA
NA
0.428
NA
NA
0.106
0.1
NA
0.131
NA
NA
NA
0.037
NA
NA
NA
NA
NA
NA
NA
NA
NA
NA
0.895
0.3
0.053
0.06
NA
NA
NA
NA
NA
0.177
NA
NA
NA
NA
NA
NA
0.432
NA
NA
NA
NA
NA
0.11
0.272
0.297
0.027
NA
NA
NA
NA
NA
NA
NA
NA
0.065
0.064
NA
NA
0.074
NA
NA
0.098
NA
0.119
NA
0.206
0.034
0.038
NA
NA
NA
NA
NA
NA
NA
0.049
NA
0.186
0.992
0.202
NA
NA
NA
NA
NA
NA
NA
NA
0.11
0.978
0.382
NA
0.19
NA
NA
NA
0.107
0.125
NA
0.386
NA
0.195
NA
0.142
NA
NA
NA
NA
0.233
NA
NA
NA
NA
NA
NA
NA
NA
NA
NA
NA
0.228
0.269
NA
0.455
0.182
NA
0.171
0.024
0.201
NA
NA
NA
NA
NA
NA
NA
NA
NA
0.309
NA
NA
NA
NA
0.178
NA
NA
NA
NA
NA
0.229
NA
0.217
0.388
NA
NA
0.02
0.018
NA
NA
NA
NA
0.254
NA
0.119
NA
NA
NA
0.166
NA
0.483
NA
NA
NA
NA
NA
NA
NA
NA
0.453
NA
0.614
0.211
NA
0.33
0.119
0.182
0.224
NA
0.204
NA
0.557
NA
NA
NA
0.283
NA
0.107
NA
NA
NA
NA
NA
0.336
NA
NA
NA
NA
0.2
0.344
0.219
0.41
NA
0.348
0.223
0.069
NA
NA
0.205
0.726
0.715
NA
NA
NA
NA
0.238
0.098
NA
0.143
NA
NA
NA
NA
NA
0.297
0.554
NA
NA
NA
0.343
0.293
NA
0.094
NA
NA
NA
NA
NA
0.319
0.405
0.43
0.423
NA
NA
NA
NA
NA
NA
NA
0.47
0.352
0.376
NA
0.172
NA
0.388
0.181
NA
NA
NA
NA
NA
NA
NA
0.249
0.331
0.133
0.233
NA
0.415
NA
0.432
NA
NA
0.322
NA
NA
NA
0.349
NA
0.069
NA
0.082
0.243
0.554
0.227
0.54
0.46
0.476
NA
0.082
NA
NA
NA
0.155
0.233
NA
NA
0.341
0.217
NA
NA
NA
NA
NA
0.312
0.233
0.219
0.444
NA
NA
0.277
NA
NA
NA
0.37
0.387
0.142
NA
NA
0.473
0.285
0
NA
NA
NA
NA
NA
NA
NA
NA
NA
NA
NA
NA
0.492
NA
NA
NA
NA
0.5
NA
0.41
NA
0.431
NA
NA
NA
NA
NA
NA
NA
NA
NA
NA
NA
NA
NA
NA
NA
0.036
NA
0.099
0.315
0.422
NA
0.341
0.278
0.159
0.268
0.248
0.153
0.227
0.619
NA
NA
0.337
NA
NA
NA
0.025
NA
NA
NA
NA
NA
NA
NA
NA
0.054
NA
NA
0.221
NA
0.031
NA
NA
NA
NA
NA
NA
NA
NA
0.313
NA
NA
0.255
0.323
0.247
0.21
0.273
0.315
NA
NA
0.336
0.242
NA
0.464
NA
NA
0.262
0.321
0.257
0.425
0.465
0.153
NA
NA
NA
NA
NA
NA
NA
NA
NA
NA
NA
NA
NA
NA
NA
NA
NA
0.095
0.19
0.089
NA
0.237
0.03
NA
NA
NA
NA
NA
NA
NA
0.557
0.391
NA
NA
0.591
0.239
0.453
NA
0.448
0.314
0.286
NA
0.298
NA
NA
NA
NA
NA
NA
0.422
0.694
0.245
0.429
0.344
0.341
NA
NA
NA
NA
0.392
0.075
NA
0.077
0.051
NA
NA
0.249
NA
NA
0.134
0.097
NA
0.071
0.122
0.148
0.563
NA
0.249
0.444
0.325
NA
0.243
NA
0.461
0.227
0.076
0.275
NA
NA
NA
NA
0.142
0.451
0.157
0.553
0.271
0.35
0.229
NA
0.489
0.574
0.098
0.187
0
0.488
NA
NA
NA
NA
NA
NA
0.362
0.358
NA
0.492
0.028
0.326
NA
0.551
0.245
0.066
0.313
0.152
NA
NA
NA
NA
NA
0.502
0.458
0.159
NA
NA
0.099
0.213
0.092
0.389
NA
0.12
NA
0.073
NA
NA
NA
NA
NA
NA
NA
NA
NA
0.331
NA
NA
NA
NA
NA
0.42
0.426
NA
0
0
0
0.026
0.014
0.363
0.551
0.204
NA
0.4
0.2
0.059
NA
0.221
0.249
0.135
0.028
0.17
NA
NA
NA
0.457
NA
NA
NA
NA
NA
0.014
0.205
0.411
NA
0.155
NA
0.1
NA
NA
NA
NA
0.083
0.203
0.218
NA
0.054
0.06
NA
NA
NA
0.284
0.668
0.219
0.17
NA
0.271
NA
0.607
NA
NA
NA
NA
NA
NA
NA
0.327
NA
NA
NA
0.382
0.358
NA
NA
NA
NA
0.127
0.103
NA
0.196
0.701
0.382
NA
NA
NA
NA
0.181
NA
NA
NA
NA
NA
0.139
0.11
NA
NA
NA
NA
0.287
NA
NA
NA
NA
NA
NA
NA
NA
NA
NA
NA
NA
NA
0.259
0.34
NA
0.336
NA
0.436
0.78
0.317
0.21
NA
NA
NA
NA
NA
NA
0.125
0.262
NA
NA
0.253
0.224
NA
NA
NA
NA
NA
NA
0.883
NA
NA
0.39
NA
0.47
0.253
0.035
NA
0.083
NA
NA
0.283
0.243
0.251
0.272
NA
0.191
NA
0.123
0.129
0.393
0.395
NA
0.475
0.027
NA
0.169
0.3
NA
0.228
0.176
0.281
NA
0.169
0.302
NA
NA
NA
NA
NA
0.078
NA
0.253
0.086
NA
NA
NA
0.35
0.185
NA
NA
NA
NA
NA
0.23
0.06
NA
NA
NA
0.221
NA
NA
NA
NA
0.064
0.127
NA
NA
NA
NA
0.023
NA
0.023
0.442
NA
NA
0.259
NA
0.268
0.107
NA
NA
NA
0.367
0.13
NA
NA
NA
NA
NA
NA
NA
NA
NA
NA
NA
NA
NA
0.465
NA
NA
NA
NA
0.129
NA
NA
NA
0.191
0.28
NA
0.255
NA
NA
NA
NA
NA
NA
NA
NA
NA
NA
NA
NA
NA
NA
NA
NA
0.659
NA
NA
0.634
NA
NA
NA
0.234
0.181
0.395
NA
0.107
NA
0.316
0.329
NA
0.322
0.502
0.382
NA
NA
NA
NA
NA
NA
NA
0.745
NA
NA
NA
NA
NA
NA
NA
NA
NA
NA
NA
NA
NA
0.253
NA
NA
NA
NA
NA
NA
NA
NA
NA
NA
NA
NA
0.195
NA
NA
NA
0.36
NA
NA
0.226
0.165
0.494
NA
0.488
NA
NA
NA
NA
NA
NA
NA
NA
0.259
0.116
NA
NA
NA
NA
NA
NA
NA
NA
NA
NA
NA
NA
NA
NA
NA
NA
0.489
NA
0
NA
NA
NA
NA
NA
NA
NA
NA
NA
NA
NA
NA
NA
NA
NA
NA
0.186
NA
NA
NA
NA
NA
NA
NA
NA
NA
NA
NA
NA
NA
NA
NA
NA
NA
NA
NA
NA
NA
NA
0.046
NA
NA
NA
NA
0.76
0.144
0.399
NA
NA
0.09
NA
NA
NA
NA
0.312
NA
NA
0.341
0.234
NA
0.273
NA
NA
NA
0.457
NA
NA
0.329
NA
NA
NA
0.079
0.4
NA
NA
NA
NA
NA
NA
0.572
0.239
0.1
NA
NA
NA
0
NA
NA
NA
NA
NA
NA
NA
NA
NA
0.332
NA
NA
NA
NA
NA
NA
NA
NA
NA
NA
NA
NA
NA
NA
NA
NA
NA
NA
NA
NA
NA
NA
0.431
NA
NA
NA
NA
NA
NA
NA
NA
NA
NA
NA
NA
NA
NA
NA
NA
NA
NA
NA
NA
0.335
NA
0.29
0.118
0.408
NA
NA
NA
NA
NA
NA
NA
NA
NA
NA
NA
0.206
NA
NA
NA
NA
0.455
NA
NA
NA
NA
NA
NA
NA
NA
NA
NA
NA
NA
NA
NA
0.373
NA
NA
NA
NA
NA
NA
NA
NA
NA
NA
NA
NA
NA
NA
0.066
NA
NA
NA
NA
NA
NA
NA
NA
NA
NA
NA
NA
NA
NA
NA
NA
NA
NA
NA
NA
NA
NA
NA
NA
NA
NA
0.331
NA
NA
NA
NA
NA
NA
NA
NA
NA
NA
NA
NA
NA
NA
NA
NA
NA
NA
NA
NA
NA
NA
0.631
NA
NA
NA
NA
NA
NA
NA
NA
NA
NA
0.538
0.487
0.045
NA
0.433
NA
NA
NA
NA
NA
NA
0.309
NA
NA
NA
NA
NA
NA
NA
NA
NA
NA
NA
NA
NA
NA
NA
NA
NA
0.074
0.058
NA
NA
NA
NA
0.015
NA
NA
NA
0.191
NA
NA
NA
NA
NA
NA
NA
NA
NA
NA
NA
NA
NA
NA
0.022
NA
0.205
NA
NA
NA
NA
NA
NA
NA
NA
NA
NA
NA
NA
NA
0.044
0.235
NA
NA
NA
NA
NA
NA
NA
NA
NA
NA
NA
NA
NA
NA
NA
NA
NA
NA
NA
NA
0.045
NA
NA
NA
NA
NA
NA
NA
NA
NA
NA
NA
NA
NA
NA
NA
NA
NA
NA
NA
NA
NA
NA
NA
NA
NA
NA
NA
NA
NA
0.288
NA
NA
0.172
0.099
NA
0.434
NA
NA
NA
NA
NA
NA
NA
NA
NA
NA
NA
NA
NA
0.278
NA
NA
NA
NA
NA
0.536
NA
NA
NA
NA
NA
NA
NA
NA
NA
0.03
NA
NA
NA
NA
NA
NA
NA
NA
NA
NA
NA
NA
NA
NA
NA
NA
NA
NA
NA
NA
NA
NA
NA
NA
NA
NA
NA
NA
NA
NA
NA
NA
NA
NA
NA
NA
NA
NA
NA
NA
NA
NA
0.252
NA
NA
NA
NA
NA
NA
NA
NA
NA
NA
NA
NA
NA
NA
NA
0.331
0.381
NA
0.16
NA
0.303
NA
0.253
NA
0.193
NA
NA
NA
NA
NA
NA
NA
NA
0.321
0.062
0.153
NA
NA
NA
NA
NA
NA
0.24
NA
NA
NA
NA
NA
NA
NA
NA
NA
NA
NA
NA
0.165
NA
NA
NA
NA
NA
NA
NA
NA
NA
NA
NA
NA
NA
NA
NA
NA
NA
NA
NA
NA
NA
NA
NA
NA
NA
NA
NA
NA
NA
NA
NA
NA
NA
NA
NA
NA
NA
NA
NA
NA
NA
NA
NA
NA
NA
NA
NA
NA
NA
0.055
0.041
0.19
NA
NA
NA
NA
NA
NA
NA
NA
NA
NA
NA
NA
NA
NA
NA
NA
NA
NA
NA
NA
NA
NA
NA
NA
NA
NA
NA
NA
NA
NA
NA
NA
0.272
0.041
0.067
0.309
NA
NA
NA
NA
NA
NA
NA
NA
NA
NA
NA
NA
NA
NA
NA
NA
NA
NA
NA
NA
NA
NA
NA
NA
NA
NA
NA
NA
NA
NA
NA
NA
NA
NA
NA
NA
NA
NA
NA
NA
NA
NA
NA
NA
NA
NA
NA
0.343
NA
NA
NA
NA
NA
NA
NA
NA
NA
NA
NA
NA
NA
NA
NA
0.497
0.595
NA
NA
NA
NA
NA
NA
NA
NA
NA
0.179
NA
0.394
NA
NA
NA
0.018
NA
NA
NA
NA
NA
NA
NA
NA
NA
NA
NA
NA
NA
NA
NA
NA
NA
NA
NA
NA
NA
NA
NA
NA
0.888
NA
NA
NA
0.038
NA
NA
NA
0.211
NA
NA
NA
NA
NA
NA
NA
NA
NA
NA
NA
NA
NA
NA
NA
NA
NA
NA
NA
NA
NA
0.198
NA
NA
NA
0
NA
NA
0
NA
NA
NA
NA
NA
NA
NA
NA
NA
NA
NA
NA
NA
NA
NA
NA
NA
NA
0.218
0.364
0.103
0.566
0.079
NA
NA
NA
NA
NA
0.03
0.262
NA
NA
NA
NA
NA
NA
NA
NA
NA
NA
NA
NA
NA
NA
NA
0.021
0
0.222
NA
NA
NA
NA
NA
NA
NA
NA
NA
NA
NA
NA
NA
NA
NA
NA
0.026
0.509
NA
NA
NA
NA
NA
0.035
NA
NA
NA
NA
NA
NA
NA
NA
NA
0.334
0.253
NA
NA
0.213
0.514
NA
NA
NA
NA
0.196
NA
NA
NA
NA
NA
NA
NA
NA
NA
NA
0.29
NA
NA
0.514
0.457
NA
NA
NA
NA
NA
NA
NA
NA
NA
NA
NA
NA
NA
NA
NA
0.308
0.215
NA
NA
0.551
NA
NA
NA
NA
NA
NA
NA
NA
NA
0.017
NA
NA
0.024
0.427
0.062
NA
0.311
0.386
NA
NA
NA
0.563
NA
NA
NA
NA
NA
NA
NA
NA
NA
NA
0.024
NA
NA
NA
NA
NA
NA
0.305
NA
NA
NA
NA
NA
NA
NA
0.328
0.322
NA
NA
NA
0.173
NA
NA
NA
NA
NA
NA
0.277
0.43
NA
0.063
0.191
NA
0.082
NA
NA
0.433
NA
NA
NA
0.328
NA
0.109
0.222
0.178
NA
NA
NA
NA
NA
NA
NA
NA
NA
NA
NA
0.22
NA
NA
NA
NA
NA
NA
0.235
0.312
0.307
0.144
NA
NA
NA
NA
NA
NA
NA
NA
NA
NA
NA
NA
NA
NA
NA
NA
NA
0.608
NA
NA
NA
NA
NA
NA
NA
NA
NA
NA
NA
NA
NA
NA
NA
NA
NA
NA
0.161
NA
0.147
NA
NA
NA
0.486
NA
0.079
NA
NA
NA
NA
NA
NA
0.079
NA
NA
NA
NA
NA
0.255
0.259
NA
0.177
NA
NA
NA
NA
0.021
NA
NA
NA
0.709
NA
NA
NA
NA
NA
NA
NA
NA
NA
NA
NA
0.359
0.328
NA
NA
NA
0.164
NA
NA
NA
NA
NA
NA
NA
NA
0.282
NA
0.024
NA
0.09
NA
NA
NA
NA
NA
NA
NA
NA
NA
NA
NA
NA
0.339
NA
NA
NA
NA
NA
0.56
NA
NA
NA
0.241
NA
NA
NA
0.146
NA
NA
NA
0.24
NA
NA
NA
0.509
0.08
NA
0.302
0.209
0.338
NA
0.205
0.565
NA
NA
0.238
NA
NA
NA
NA
NA
0.187
0.207
NA
NA
0.142
NA
NA
NA
NA
NA
0.602
0.533
NA
NA
NA
NA
NA
NA
NA
0.272
NA
0.452
NA
0.218
0.302
0.281
NA
NA
NA
0.284
0.302
NA
0.397
0.227
NA
NA
0.152
NA
NA
NA
0.433
NA
NA
NA
NA
NA
NA
NA
NA
NA
NA
NA
NA
NA
0.269
NA
NA
NA
NA
NA
NA
NA
NA
NA
NA
0
0
NA
NA
NA
0.189
0.456
0.134
NA
0.027
NA
NA
0.068
NA
NA
NA
0.43
0.192
0.497
NA
NA
NA
NA
NA
NA
NA
0.375
NA
NA
0.183
NA
0.21
NA
NA
NA
NA
NA
NA
NA
NA
NA
0.188
0.581
NA
0.193
0.06
NA
NA
NA
NA
NA
0.32
0.2
NA
NA
0.219
0.241
0.342
NA
NA
NA
NA
NA
NA
0.385
0.991
0.187
0.23
NA
NA
0.179
0.291
NA
0.812
NA
NA
NA
0.474
0.994
0
NA
NA
NA
0.255
0.567
NA
NA
NA
0.035
NA
0.17
0.358
NA
NA
NA
NA
NA
NA
NA
0.168
0.173
0.182
NA
NA
0.223
0.14
NA
NA
0.059
NA
0.036
0.361
0.472
NA
0.548
NA
0.332
0.414
NA
0.218
NA
NA
NA
NA
0.204
NA
0.138
NA
0.998
NA
NA
NA
NA
NA
0.327
NA
NA
NA
NA
NA
NA
NA
NA
NA
NA
0.102
0.01
0.165
0.08
0
NA
NA
NA
NA
NA
NA
NA
NA
NA
NA
NA
NA
NA
NA
NA
NA
NA
0.345
0.286
NA
NA
NA
NA
0.26
0.124
0.143
0.453
0.115
0.341
0.029
NA
NA
0.195
0.676
NA
0.202
0.392
NA
NA
NA
NA
NA
NA
NA
0.025
0.029
NA
0.295
NA
NA
0.031
NA
NA
0.041
0.224
0.8
NA
NA
0.084
0.356
0.101
0.089
NA
NA
0.31
NA
0.367
NA
0.474
NA
NA
NA
NA
NA
NA
0.131
NA
0.318
NA
0.5
NA
NA
NA
NA
NA
NA
NA
NA
NA
0.167
NA
0.052
0.44
NA
0.311
0.309
0.609
0.395
NA
NA
NA
0.038
0.441
NA
NA
NA
0.032
NA
0.03
0
NA
NA
0.333
0.272
0.409
0.137
0.642
NA
0.024
NA
NA
NA
NA
NA
NA
NA
NA
0.791
0.055
0.049
NA
NA
NA
0.149
0.226
NA
0.155
NA
NA
NA
0.312
NA
0.174
NA
NA
NA
0.342
NA
NA
NA
NA
NA
0.26
NA
0.433
NA
0.452
NA
0.482
NA
NA
NA
NA
0.218
0.588
0.332
0.371
NA
NA
0.183
0.134
0.314
NA
NA
0.287
NA
NA
NA
NA
0.362
0.219
0.091
NA
NA
NA
NA
NA
NA
0.312
NA
0.212
0.158
0
NA
NA
0.135
0.365
NA
NA
0.544
0.365
NA
0.187
0.322
NA
0.745
0.602
0.137
0.097
NA
0.312
NA
NA
NA
0.192
0.143
NA
NA
0.385
NA
0.209
NA
0.326
NA
NA
NA
NA
NA
NA
NA
NA
NA
NA
NA
NA
0.107
NA
NA
NA
0.282
0.203
NA
0.225
NA
NA
0.263
NA
NA
NA
0.103
0.453
0.449
0.271
0.462
NA
NA
NA
NA
NA
NA
NA
0.252
0.108
NA
NA
0
0.024
NA
NA
NA
NA
NA
NA
NA
NA
NA
NA
NA
0.419
0.308
NA
NA
NA
NA
NA
0.45
NA
NA
0.142
NA
NA
0.082
0.114
NA
NA
NA
NA
NA
NA
NA
NA
0.212
0.291
NA
0.495
NA
NA
NA
NA
NA
0.12
NA
NA
NA
NA
NA
NA
NA
NA
NA
NA
NA
0.274
NA
0.236
NA
NA
0.054
0.028
NA
NA
0.082
NA
NA
NA
NA
NA
NA
NA
NA
NA
NA
0.378
0.172
NA
NA
NA
0.468
NA
NA
NA
NA
NA
NA
0.275
NA
0.438
0.956
NA
NA
0.163
NA
NA
NA
NA
NA
NA
NA
NA
NA
NA
NA
NA
0.162
0.082
NA
NA
0.086
0.223
NA
NA
NA
NA
NA
NA
NA
NA
NA
NA
NA
NA
0
0.389
NA
NA
NA
NA
NA
0.311
0.148
NA
0.168
NA
NA
0.148
NA
NA
NA
0.133
NA
0.069
0.167
NA
0.351
NA
0
NA
NA
NA
0.125
0.266
NA
NA
0.175
0.224
NA
NA
0.297
NA
NA
NA
0.247
NA
NA
NA
NA
0.548
0.52
NA
NA
NA
NA
NA
NA
NA
NA
NA
0.081
NA
0.596
NA
NA
0.3
NA
NA
NA
NA
NA
NA
NA
0.091
0.036
0.994
0.275
NA
NA
NA
NA
NA
NA
NA
NA
0.218
0.257
0.026
NA
0.828
NA
NA
NA
NA
0.261
NA
NA
NA
0.073
0.155
NA
NA
NA
NA
NA
NA
NA
NA
NA
NA
NA
NA
0.185
NA
NA
NA
NA
NA
0.032
NA
0.006
NA
0.306
0.311
0.54
0.502
0.045
NA
0.349
0.401
0.431
NA
NA
NA
NA
NA
NA
0.42
NA
NA
NA
NA
NA
NA
NA
0.419
NA
NA
0.358
0.117
NA
NA
NA
NA
NA
NA
NA
NA
NA
NA
NA
0.405
NA
0.216
NA
NA
NA
0.256
NA
NA
NA
NA
0.304
0.084
NA
NA
NA
0.175
NA
NA
NA
NA
NA
NA
NA
NA
NA
0.185
NA
0.192
NA
0.165
NA
0.057
0.438
0.313
NA
NA
NA
NA
NA
NA
NA
0
0.156
0.247
0.55
NA
0.411
NA
NA
NA
NA
NA
NA
NA
NA
NA
NA
0.316
NA
NA
NA
NA
0.179
NA
NA
NA
NA
NA
NA
NA
NA
NA
NA
0.313
0.078
NA
NA
NA
NA
NA
NA
0.386
0.311
NA
NA
NA
NA
NA
NA
NA
NA
NA
0.287
0.319
0.17
NA
NA
NA
NA
NA
NA
NA
NA
NA
NA
NA
NA
NA
NA
NA
0.333
NA
NA
NA
NA
0.517
NA
0.15
0.408
0.082
NA
NA
NA
NA
NA
NA
NA
NA
NA
NA
NA
NA
NA
NA
NA
NA
NA
NA
NA
NA
NA
NA
NA
NA
0.418
NA
NA
NA
0.253
NA
NA
NA
0.116
0.185
NA
NA
0.087
NA
0.361
NA
NA
NA
NA
NA
NA
NA
NA
NA
0.352
0.277
NA
NA
0.223
NA
NA
0
NA
NA
0.107
NA
NA
NA
NA
0.221
NA
NA
NA
NA
NA
0.334
NA
NA
NA
NA
NA
0.398
NA
NA
NA
NA
NA
0.199
NA
NA
0.045
NA
NA
0.392
0.105
NA
NA
0.364
0.133
0.236
0.199
NA
NA
NA
0.336
NA
NA
NA
NA
NA
0.354
NA
0.293
0.181
NA
0.321
NA
NA
NA
NA
NA
0.11
NA
0.358
NA
NA
NA
0.224
0.142
NA
0.395
NA
NA
NA
NA
0.065
NA
0.54
NA
NA
NA
NA
0.322
0.165
NA
NA
NA
0
NA
0.025
NA
0.078
NA
NA
NA
NA
NA
NA
NA
NA
0.468
0.475
NA
0.494
NA
0.198
NA
NA
0.028
0.3
NA
NA
NA
NA
0.078
NA
NA
NA
NA
NA
NA
NA
0.585
NA
NA
NA
NA
0.496
NA
NA
NA
NA
NA
NA
NA
NA
NA
0.387
NA
NA
NA
0.293
NA
0.453
0.102
0.43
NA
NA
0.416
NA
0.109
NA
0.12
NA
NA
0.018
0.241
NA
0.715
NA
0.152
NA
NA
NA
NA
0.263
NA
0.318
NA
NA
NA
NA
0.223
NA
NA
NA
NA
NA
NA
0.261
0.188
NA
0.364
NA
NA
NA
0.123
NA
NA
NA
0.212
NA
NA
NA
0.106
NA
NA
0.219
NA
0.544
0.038
NA
NA
