0.453
0.164
0.613
0.511
0.416
0.546
0.485
0.374
0.478
0.379
0.717
0.669
0.632
1
1
0.306
0.419
0.769
0.174
0.736
1
0.267
0.34
0.501
0.448
0.355
0.507
0.45
0.362
0.494
0.468
0.898
0.405
0.569
NA
NA
NA
NA
1
0.463
0.486
0.45
0.583
1
0.101
0.532
0.603
0.573
0.522
1
0.222
0.741
0.293
NA
0.161
1
NA
0.353
0.465
0.723
0.32
0.382
0.368
0.733
NA
0.165
0.566
1
0.643
0.207
NA
NA
NA
NA
NA
NA
NA
NA
0.607
NA
0.848
0.919
0.77
NA
0.261
0.3
0.27
0.79
0.168
0.607
0.246
0.393
0.325
0.432
0.34
0.337
0.48
0.227
0.313
0.517
0.686
0.751
0.907
1
0.78
0.89
0.27
0.337
0.168
0.271
1
0.683
NA
0.946
0.918
0.906
0.271
0.967
0.677
0.432
0.203
0.549
0.587
0.244
0.52
NA
0.956
0.427
1
0.289
NA
1
0.907
0.128
0.376
0.561
0.4
0.391
0.512
0.381
0.192
0.215
0.273
0.346
1
0.167
1
0.663
0.281
0.293
0.434
0.553
0.289
0.474
1
0.357
0.317
0.261
0.437
0.205
0.529
1
0.175
0.397
0.368
0.389
0.433
0.428
0.409
0.264
0.366
0.578
0.553
0.17
0.242
0.441
0.56
0.357
0.194
0.416
1
0.3
0.362
0.434
0.603
0.085
0.316
0.329
0.658
NA
0.531
0.198
1
0.446
0.38
NA
NA
NA
0.877
0.644
0.649
0.354
1
0.656
0.741
0.651
0.454
NA
0.829
1
1
0.552
0.237
0.385
0.431
0.545
0.487
0.33
0.552
0.514
0.524
0.438
0.346
0.336
0.525
0.456
0.461
0.638
0.569
0.596
0.584
0.16
0.122
0.355
NA
NA
NA
NA
0.298
0.435
0.579
0.477
NA
NA
0.33
0.919
0.518
0.121
0.292
1
0.234
0.632
0.284
NA
0.214
0.426
0.645
0.802
0.587
0.649
0.427
0.382
1
0.345
0.422
0.434
0.475
0.348
0.348
0.231
1
0.504
0.5
0.427
0.437
0.563
0.196
NA
1
0.585
0.433
0.426
0.619
0.631
0.482
0.329
1
0.652
0.731
0.849
0.368
1
0.344
0.579
0.431
0.473
0.402
0.66
0.47
0.487
0.425
0.577
0.463
0.798
0.703
NA
0.441
0.331
0.683
NA
0.37
0.312
0.27
0.196
NA
NA
0.499
0.448
0.678
0.334
0.507
0.356
0.426
1
0.412
0.304
0.303
0.309
0.608
0.517
0.366
0.45
0.274
0.402
0.385
0.399
0.189
NA
0.263
0.933
0.798
0.086
0.329
0.284
0.233
0.578
0.34
NA
0.18
0.766
0.306
0.402
0.514
0.142
1
0.568
NA
0.28
0.443
0.354
0.536
0.355
0.188
NA
0.249
0.295
0.239
0.506
0.388
0.347
0.408
0.202
1
0.472
0.454
0.508
NA
0.193
0.175
0.547
0.512
0.284
0.394
1
0.63
0.144
0.379
0.644
0.343
0.433
0.329
1
0.32
0.221
0.722
1
0.167
0.167
0.495
0.677
0.583
0.371
0.38
1
0.382
0.371
0.35
0.61
0.696
0.529
0.544
0.61
0.56
0.562
0.718
1
0.56
1
0.329
0.374
0.335
0.471
0.599
0.515
1
NA
0.396
0.452
0.423
0.311
0.456
0.694
0.65
0.573
0.31
0.24
1
0.326
0.344
0.349
0.302
0.212
0.613
NA
0.704
0.317
0.88
NA
0.785
0.106
0.428
0.743
NA
0.289
0.476
NA
0.214
0.164
0.477
0.16
1
0.368
0.208
0.164
0.443
0.606
0.527
0.537
0.631
0.638
0.682
0.611
0.39
0.39
0.318
0.837
0.454
0.197
0.326
0.19
0.251
0.623
0.292
0.613
0.497
0.266
NA
1
0.058
0.623
1
0.542
0.361
0.148
0.507
NA
0.609
0.447
0.973
1
0.347
1
0.656
0.7
0.377
0.366
0.252
1
0.973
0.371
NA
NA
0.128
0.649
0.162
NA
1
0.214
0.633
NA
NA
NA
0.483
0.643
0.505
0.413
0.241
0.623
0.696
0.515
0.603
0.478
0.561
0.487
0.376
0.466
0.58
0.416
0.253
0.211
1
0.509
0.482
0.579
1
0.531
0.518
1
0.708
0.631
0.477
0.5
0.577
0.375
0.411
0.462
0.457
0.375
0.455
0.496
NA
0.429
0.147
1
0.265
0.263
0.199
0.236
0.231
0.302
0.161
0.462
0.5
0.442
0.465
0.396
0.221
0.599
0.426
0.416
0.964
0.597
0.932
0.707
0.162
0.391
NA
0.606
0.585
0.253
0.26
0.216
0.243
0.288
0.332
0.432
0.374
NA
0.158
0.284
0.52
0.266
0.496
0.292
0.383
NA
NA
NA
NA
NA
NA
NA
0.102
1
0.33
0.315
0.297
1
0.098
0.173
0.707
1
0.481
0.521
1
0.244
0.203
0.46
0.508
0.913
0.914
1
0.913
0.298
NA
0.517
0.485
0.552
0.252
0.632
0.489
0.348
0.4
0.406
0.118
0.484
0.352
NA
NA
NA
NA
NA
NA
NA
NA
NA
NA
NA
NA
NA
0.471
0.444
0.085
0.075
0.373
NA
NA
NA
NA
NA
NA
NA
NA
NA
0.937
0.398
1
0.509
0.457
0.384
0.452
0.477
0.061
1
0.264
0.728
0.22
0.163
0.185
0.158
0.246
1
0.047
0.166
0.263
NA
0.312
0.381
0.426
0.309
0.316
0.344
NA
NA
0.289
0.661
0.671
0.671
0.516
0.229
0.558
1
0.712
0.487
0.523
0.481
0.385
0.512
0.408
0.594
0.505
NA
NA
1
0.41
0.476
0.381
0.403
0.471
0.448
0.421
0.381
0.5
0.46
0.518
0.486
0.553
0.215
0.592
0.434
0.418
0.452
0.458
0.701
0.355
0.345
0.463
0.397
0.792
0.719
0.528
0.414
0.49
0.502
0.567
0.228
0.717
0.402
0.577
0.536
0.176
0.897
0.31
0.466
0.466
0.172
0.679
NA
0.954
0.898
0.897
0.325
0.262
0.293
0.394
0.182
0.564
0.382
0.434
0.427
0.515
0.385
0.452
0.313
0.528
1
NA
0.198
NA
0.273
0.311
1
NA
NA
NA
NA
0.36
0.382
1
1
0.685
0.547
0.543
0.529
1
0.259
0.505
0.402
0.483
0.396
0.392
0.558
0.366
0.591
0.616
0.412
NA
NA
0.174
0.421
1
0.552
0.234
0.417
NA
0.567
0.397
0.321
0.551
NA
0.501
0.532
1
0.466
0.395
NA
0.914
1
1
0.913
0.523
1
0.39
0.263
NA
0.33
0.179
0.139
0.481
1
0.497
0.322
0.384
0.206
0.088
0.229
0.167
0.55
NA
NA
0.085
0.208
0.179
0.38
0.423
0.251
0.292
NA
0.303
0.232
0.452
0.374
0.491
0.529
0.745
0.647
0.218
NA
NA
NA
1
0.238
0.477
0.396
0.229
0.518
NA
0.445
0.413
0.168
0.276
0.697
0.637
0.519
0.504
0.597
0.563
0.508
0.475
1
0.769
0.734
NA
0.328
1
0.227
0.476
1
0.211
0.193
0.21
0.264
0.23
0.172
0.301
0.628
0.069
0.1
0.1
0.871
0.449
0.424
0.518
0.212
0.259
0.45
0.451
0.49
0.567
0.211
0.562
0.083
0.315
NA
0.616
NA
0.407
1
1
0.518
0.284
1
0.642
0.278
0.422
0.518
0.519
1
0.707
1
0.823
0.836
0.823
0.707
0.637
1
0.445
1
NA
NA
NA
NA
NA
NA
0.737
0.77
0.134
0.654
0.417
NA
0.782
0.574
0.183
1
0.458
1
0.375
0.385
0.369
0.185
0.355
0.359
0.247
0.204
0.255
0.835
1
1
NA
NA
1
0.353
NA
0.131
1
1
0.658
1
0.349
0.446
0.358
0.521
0.412
0.355
0.454
0.158
0.315
0.214
0.561
0.706
0.338
0.487
0.37
0.308
NA
1
0.163
0.251
0.083
0.329
0.477
0.329
NA
0.468
0.252
1
NA
NA
0.24
NA
NA
NA
0.267
0.234
NA
NA
0.754
1
0.042
NA
1
0.146
1
0.519
0.242
0.354
0.342
0.104
0.16
NA
1
NA
0.38
1
0.61
0.26
0.19
0.377
0.32
0.347
0.414
1
0.196
0.83
0.988
NA
0.262
0.181
0.237
0.283
0.269
0.269
0.269
0.34
0.263
1
0.34
0.32
0.181
0.243
1
0.308
0.356
0.211
0.201
0.224
0.285
0.359
0.179
0.341
0.415
NA
NA
0.295
0.168
0.421
0.167
0.296
0.34
NA
0.233
NA
0.092
0.162
0.148
0.34
0.164
0.084
0.313
0.316
1
0.316
0.399
0.285
0.727
0.506
0.178
0.156
0.156
NA
0.495
0.53
NA
NA
NA
NA
0.321
0.125
0.25
0.039
0.267
0.118
0.175
0.538
0.401
0.336
0.406
0.383
0.621
0.46
0.34
0.456
0.522
1
NA
0.284
0.797
0.29
0.773
0.158
0.247
0.461
0.627
NA
NA
NA
NA
NA
NA
NA
NA
NA
NA
0.286
0.335
NA
0.823
0.934
0.928
0.959
NA
1
0.323
0.323
NA
0.296
0.289
NA
0.323
NA
0.266
NA
1
0.436
0.412
0.496
0.493
0.398
NA
0.377
NA
0.42
0.398
0.339
0.225
0.3
0.475
0.472
0.757
0.427
0.259
0.148
0.834
0.416
NA
NA
1
0.605
0.642
0.389
0.526
0.416
0.292
0.498
0.251
0.497
0.307
0.39
0.402
0.381
0.21
0.48
0.497
0.465
0.382
0.443
0.491
0.328
1
0.421
0.583
0.337
0.313
NA
NA
NA
0.642
0.642
0.614
0.399
0.343
0.744
0.43
1
0.87
0.699
1
0.31
NA
0.699
NA
0.932
0.587
0.213
0.311
0.097
0.144
1
0.889
0.98
NA
NA
NA
1
0.243
NA
NA
1
1
1
0.954
0.305
0.386
1
0.432
0.442
0.488
0.297
NA
0.745
0.755
0.432
0.457
0.114
NA
1
0.417
0.92
0.61
0.858
0.824
0.72
0.693
NA
0.276
0.339
NA
0.633
0.152
1
NA
0.62
0.317
0.209
0.21
0.251
0.165
NA
1
0.473
0.363
NA
0.275
0.303
0.382
NA
0.145
0.206
1
0.436
0.331
1
1
0.288
1
0.321
0.48
0.189
0.247
0.177
NA
1
0.266
0.274
0.376
0.569
1
0.391
0.329
0.278
0.46
0.318
0.362
0.241
0.243
0.648
0.222
1
0.505
0.492
0.625
0.619
0.452
1
0.413
0.342
0.486
0.321
0.284
0.376
0.352
NA
NA
1
0.339
0.423
0.308
0.374
NA
0.166
0.396
1
0.578
0.129
NA
NA
0.546
0.458
0.472
0.532
0.298
0.489
0.248
0.581
0.581
0.288
0.476
NA
NA
0.118
NA
0.15
1
1
0.432
0.376
1
0.782
0.629
0.159
0.423
0.368
1
0.419
0.504
0.441
0.446
0.295
0.196
0.173
NA
0.676
NA
0.497
0.336
0.194
0.813
0.839
0.574
1
0.441
0.557
0.537
1
0.25
0.313
0.204
0.128
0.251
0.399
0.115
0.13
0.092
0.284
0.331
0.457
0.539
0.226
1
0.612
0.556
0.556
0.676
0.556
1
0.285
0.234
NA
NA
NA
NA
0.368
0.126
0.496
NA
NA
NA
NA
NA
0.212
0.161
0.568
0.352
NA
NA
NA
NA
0.585
1
0.19
0.417
1
0.39
0.187
0.516
0.529
0.589
0.416
1
0.365
0.451
0.39
0.19
0.494
0.339
0.186
0.463
0.488
0.596
0.458
0.442
NA
0.344
0.932
0.425
0.331
0.514
0.401
0.353
0.652
0.597
0.547
0.354
0.591
0.6
0.629
0.932
0.307
0.542
0.5
0.397
0.494
0.357
0.381
0.529
0.553
0.379
0.318
0.388
0.545
0.875
0.408
0.346
0.54
0.429
0.405
0.504
0.386
0.596
1
0.786
0.875
0.471
0.297
0.225
0.222
0.458
0.306
1
0.86
0.385
0.155
NA
0.707
0.508
0.433
0.627
NA
0.285
0.584
0.402
0.422
0.313
0.569
0.698
0.208
NA
0.686
0.621
0.555
0.28
0.421
0.455
NA
0.623
0.393
0.386
0.27
0.256
0.554
0.166
0.247
0.315
0.478
NA
0.725
NA
0.218
0.654
0.226
NA
0.233
0.464
0.29
0.284
0.182
0.278
0.285
0.284
0.307
0.306
0.168
0.406
1
0.365
0.481
0.081
0.55
0.619
0.528
0.368
0.531
0.179
0.222
0.117
0.556
1
0.152
0.319
0.759
1
0.195
1
1
NA
1
NA
1
1
0.203
NA
NA
NA
1
NA
1
0.518
0.539
0.606
0.442
0.259
1
0.442
NA
1
0.57
0.489
0.691
0.231
0.505
0.451
0.542
0.577
0.43
0.436
0.507
0.547
0.707
0.749
0.64
0.494
0.59
0.297
0.495
0.784
0.243
0.355
0.24
0.928
0.513
0.583
0.537
0.734
0.37
0.397
0.116
0.201
0.368
NA
1
0.609
1
0.508
0.468
1
0.299
1
0.738
0.353
0.819
0.471
1
0.387
0.445
0.657
0.477
0.469
0.64
0.464
NA
0.373
0.583
0.398
0.351
0.459
0.427
0.464
0.395
0.368
0.464
0.408
0.326
0.397
0.543
0.454
0.459
0.454
NA
1
0.476
0.489
0.377
0.462
0.401
0.49
0.436
0.212
0.232
0.34
1
0.333
0.398
0.407
0.335
0.548
0.384
0.213
0.318
0.35
0.38
0.554
0.476
0.446
0.404
0.397
0.3
0.25
0.272
0.484
0.222
0.467
0.415
0.305
0.365
0.356
0.457
0.309
0.363
0.238
0.309
0.419
0.32
0.372
0.439
0.338
0.251
0.465
NA
0.513
0.526
0.332
0.309
0.441
0.191
0.28
0.329
0.288
0.353
0.398
0.42
0.41
NA
0.274
0.246
0.262
0.517
0.341
0.219
0.38
0.367
0.387
0.356
0.304
0.379
0.289
0.169
0.239
0.234
0.219
0.235
0.231
0.239
0.104
0.18
0.222
NA
0.197
0.293
0.225
0.248
0.283
0.239
0.258
0.166
0.222
0.183
0.226
0.227
0.086
0.436
0.293
0.466
NA
0.335
0.488
0.377
0.308
0.355
0.377
0.213
0.403
0.269
0.54
NA
1
0.781
0.462
NA
0.182
0.505
0.229
1
0.333
0.322
0.186
0.09
1
0.997
0.323
0.368
0.323
1
NA
0.425
0.091
0.536
0.625
0.446
0.5
0.497
0.1
0.622
0.146
0.489
0.607
0.279
0.597
NA
1
0.587
NA
0.504
0.482
1
0.826
0.557
0.877
0.413
0.466
0.338
0.449
0.472
0.396
0.451
0.32
0.474
0.512
0.525
0.476
0.521
0.526
0.412
0.433
0.471
0.472
0.209
0.501
NA
0.348
0.276
0.339
1
0.237
1
0.47
0.359
NA
NA
0.406
0.397
0.224
0.23
0.1
0.382
0.555
0.25
0.293
NA
0.108
0.218
0.229
0.302
0.373
0.351
0.206
0.262
0.218
0.223
NA
0.269
0.507
0.281
0.244
0.349
0.12
0.477
0.555
0.483
0.423
0.435
0.2
0.337
0.302
0.366
1
0.611
0.408
0.5
0.432
0.455
0.549
0.635
0.632
1
0.507
0.457
0.521
0.525
0.434
0.35
0.497
0.342
0.327
0.522
0.535
0.56
0.947
0.83
NA
0.724
0.721
0.383
0.153
NA
NA
NA
NA
NA
NA
NA
NA
NA
NA
NA
NA
NA
0.395
0.407
0.427
0.308
0.274
0.414
0.461
0.518
0.422
0.533
0.434
0.265
1
0.567
1
0.643
0.166
1
0.54
0.523
0.202
1
0.53
1
0.276
0.172
0.143
0.169
0.162
1
0.248
0.338
0.376
1
NA
0.499
0.419
0.466
0.508
0.246
0.455
0.363
1
0.759
0.508
0.804
1
0.24
0.264
0.291
0.651
NA
0.703
0.343
0.22
0.208
0.261
0.731
0.736
0.268
0.461
0.515
0.49
1
0.473
0.331
0.519
0.783
0.573
1
0.491
0.553
0.304
NA
1
0.274
0.925
0.272
0.374
0.514
0.237
NA
0.69
0.273
NA
NA
1
0.405
0.281
0.311
1
0.295
1
0.926
0.691
0.655
0.58
1
1
1
0.675
0.423
0.392
0.417
0.376
0.428
0.429
0.385
0.364
0.406
0.265
0.282
0.337
0.333
NA
0.259
0.271
NA
0.311
0.499
NA
0.574
1
0.636
0.404
NA
0.432
0.437
0.441
0.364
0.295
0.211
0.246
0.249
0.398
0.402
0.243
0.435
0.412
1
NA
0.384
0.472
0.417
0.497
0.437
0.338
0.267
0.415
0.237
0.462
0.264
0.663
1
0.467
0.487
0.585
0.552
0.433
0.519
0.591
0.483
0.441
0.477
0.933
0.434
0.386
0.36
0.36
0.421
0.39
0.31
0.444
0.325
0.323
0.344
0.573
0.416
0.522
NA
0.281
0.456
0.495
0.404
0.354
0.417
0.555
0.414
1
0.285
0.173
0.329
0.455
0.394
0.383
1
0.534
0.17
0.368
NA
0.277
0.282
0.306
0.243
0.451
0.398
0.54
0.049
0.043
0.465
0.386
0.391
0.317
0.268
0.337
0.425
0.506
0.472
0.424
0.498
0.517
0.285
NA
NA
0.745
0.638
0.527
0.232
0.373
0.48
NA
1
1
0.436
1
0.313
0.357
0.358
0.337
0.339
0.337
0.338
0.333
0.394
0.479
NA
NA
0.414
0.448
0.35
0.422
0.633
0.462
0.308
0.426
NA
NA
NA
NA
NA
NA
NA
NA
0.659
0.19
0.184
0.237
0.181
0.306
0.149
1
0.379
0.207
0.456
0.322
1
0.132
0.287
0.27
0.313
0.177
0.522
0.482
0.394
0.292
0.377
0.249
0.391
0.344
0.242
0.127
NA
0.165
0.265
NA
0.175
0.437
0.312
1
0.473
1
0.428
0.324
0.299
NA
NA
NA
NA
NA
1
0.443
0.238
0.494
NA
0.705
NA
0.674
0.724
0.849
0.364
0.662
0.714
0.339
0.392
1
0.389
0.38
0.729
0.189
0.509
0.479
0.491
0.506
1
0.658
0.425
0.475
0.524
0.504
0.553
0.519
0.413
0.358
0.203
0.341
NA
0.274
1
0.245
0.531
0.272
0.294
0.602
0.426
0.398
0.898
0.181
0.288
NA
0.684
0.209
0.525
0.464
0.545
1
0.247
0.185
0.139
0.611
0.511
0.62
0.378
0.161
1
0.619
0.569
0.557
0.501
0.572
0.814
0.401
0.42
0.552
0.556
0.506
0.819
0.362
0.717
0.468
1
0.031
0.954
0.803
0.374
0.328
0.515
0.369
0.11
1
NA
NA
1
0.692
0.282
0.3
0.325
NA
0.338
0.356
0.306
0.337
0.298
0.353
0.313
0.3
0.248
0.246
NA
0.339
NA
NA
0.272
0.315
0.364
0.407
0.565
0.6
0.704
0.636
0.426
0.494
0.46
0.403
0.368
0.371
0.478
0.555
0.398
0.465
0.399
0.403
0.389
NA
0.883
0.883
NA
NA
NA
NA
NA
0.199
0.575
0.592
0.521
0.597
0.467
0.529
0.489
0.549
NA
0.412
0.561
0.542
0.7
0.584
0.76
0.619
0.604
1
0.42
0.448
1
0.476
0.68
0.216
0.414
0.375
0.257
0.422
1
0.555
0.611
1
NA
NA
0.477
0.283
0.263
0.324
0.379
0.515
0.533
0.547
0.274
0.587
0.677
1
0.523
0.332
0.357
0.706
NA
0.502
0.454
1
0.573
0.514
0.618
0.569
0.375
0.642
0.376
0.572
0.623
0.659
0.624
0.524
0.149
0.49
0.368
0.484
0.571
0.442
0.338
0.49
0.412
0.408
1
NA
NA
NA
NA
NA
0.541
0.549
0.444
0.503
1
0.634
0.599
0.574
0.584
0.553
0.584
0.508
0.531
0.396
0.598
0.428
0.417
0.248
0.266
0.265
NA
0.226
0.246
0.198
0.456
NA
NA
NA
NA
NA
NA
NA
NA
0.281
0.385
0.464
0.246
1
0.189
1
0.383
0.353
1
0.312
0.56
0.147
0.11
0.462
0.242
0.177
0.179
0.222
0.122
0.566
0.48
1
0.397
0.424
1
0.519
0.392
NA
0.394
NA
0.391
0.46
0.638
0.401
0.735
0.295
0.944
0.421
0.872
0.628
0.294
0.505
0.581
1
0.397
0.192
0.344
0.3
0.463
0.515
0.44
0.394
0.672
1
0.784
0.147
0.543
0.419
0.312
0.409
NA
0.731
1
0.447
NA
0.529
0.479
0.537
0.569
0.672
1
0.587
0.712
0.664
0.483
0.491
NA
0.431
0.418
0.595
0.436
0.479
0.477
0.429
0.416
0.414
0.54
0.696
1
0.73
0.505
0.441
0.439
0.546
0.742
0.893
1
0.39
0.413
0.752
0.52
0.164
1
0.223
0.136
NA
0.306
1
0.34
0.462
1
NA
1
0.377
1
0.784
1
0.596
0.875
0.379
0.587
1
0.44
0.798
0.244
0.933
0.933
0.203
0.453
0.259
0.302
0.259
1
0.439
0.367
0.48
0.509
0.544
0.531
1
0.084
0.46
0.278
0.549
0.388
0.464
1
0.555
0.679
1
0.467
0.505
0.636
0.481
1
0.322
NA
NA
NA
NA
0.548
0.269
0.631
0.514
0.558
1
0.484
0.48
0.544
0.636
0.369
0.555
0.775
1
0.189
0.219
0.653
0.264
0.726
0.403
0.338
0.462
0.597
0.551
0.427
0.489
0.156
1
0.3
0.643
0.298
0.411
0.396
0.408
0.297
0.49
0.62
0.354
0.583
0.419
0.329
0.466
0.558
0.462
0.38
0.423
1
0.532
0.539
0.529
NA
0.413
0.337
0.536
0.464
0.487
0.58
0.494
0.388
0.519
0.436
0.35
0.572
0.569
0.54
0.569
0.66
0.337
0.5
0.407
0.559
1
0.54
0.347
0.435
0.565
1
0.731
0.451
0.251
0.322
0.493
0.448
1
0.575
0.792
0.273
0.463
0.681
1
0.747
0.813
0.31
0.302
0.478
0.468
0.682
0.356
1
1
0.495
0.4
1
0.243
0.304
NA
0.617
0.794
0.582
0.434
0.271
0.487
0.467
0.488
0.16
NA
0.604
0.288
0.397
0.726
1
0.22
0.401
1
0.347
0.398
0.478
0.36
0.627
0.691
1
0.266
0.525
0.548
0.26
0.604
0.773
0.319
0.34
0.402
0.561
0.362
0.262
0.296
0.347
0.533
1
0.585
1
0.388
0.31
1
1
0.152
0.332
0.206
0.348
0.532
NA
0.295
1
0.413
0.291
0.476
0.552
0.644
0.623
0.56
0.493
0.587
1
0.509
1
0.546
0.571
0.271
0.495
0.485
0.618
0.516
0.505
0.693
0.236
0.442
0.603
0.405
0.574
1
0.449
0.332
0.521
1
0.413
0.556
0.601
0.462
NA
0.55
0.589
0.423
0.435
0.477
0.419
0.443
0.439
0.496
0.611
0.678
1
0.534
0.522
0.537
0.333
0.458
0.457
0.353
0.175
0.541
0.736
0.569
0.406
0.565
0.497
0.376
0.804
NA
1
0.749
0.146
0.455
0.753
0.776
0.495
0.505
0.597
0.331
0.339
0.447
1
1
0.444
0.56
0.106
0.252
0.196
1
0.772
0.348
0.364
0.772
NA
0.313
0.416
0.458
0.376
0.647
0.306
0.521
1
0.684
0.968
0.929
1
0.354
0.76
1
0.765
0.929
0.187
0.431
0.226
0.389
0.388
0.263
0.276
0.286
0.947
0.196
0.56
1
0.673
0.307
1
0.392
0.56
1
1
1
0.108
0.245
0.301
0.287
0.234
0.387
0.286
0.42
1
0.622
0.195
0.351
0.464
1
0.239
0.931
1
0.887
0.253
0.202
NA
0.261
0.159
0.17
0.249
0.219
0.179
0.395
0.505
0.751
0.374
0.374
0.36
0.399
0.398
0.551
1
NA
0.57
0.582
0.511
1
1
0.304
NA
1
0.288
0.254
0.753
0.341
NA
0.5
0.307
0.403
0.389
0.62
0.494
1
0.385
0.491
0.651
0.453
0.224
0.338
0.788
1
NA
1
0.184
0.47
NA
0.153
0.221
0.556
0.37
0.3
0.48
0.267
1
0.594
0.545
0.253
0.224
0.695
0.319
0.387
0.176
0.484
0.209
0.324
0.49
1
0.272
0.442
0.458
0.39
0.252
0.327
0.37
NA
0.209
0.071
0.231
NA
NA
0.357
1
0.473
0.433
0.401
0.258
0.075
0.354
0.29
0.196
0.182
0.12
0.311
0.323
0.307
0.776
0.197
NA
0.254
NA
NA
0.52
0.628
NA
0.231
0.28
NA
0.201
0.17
0.099
0.203
0.167
0.232
NA
0.244
0.201
0.15
0.155
NA
NA
0.251
0.667
0.466
0.415
0.178
0.454
NA
NA
0.557
0.338
0.285
1
0.522
0.513
0.478
0.672
0.11
0.431
0.634
0.412
0.221
0.837
0.935
0.526
0.547
0.477
0.245
0.747
0.756
0.496
0.459
1
0.379
0.529
0.17
0.393
0.196
0.286
NA
0.176
0.266
0.149
0.166
0.147
0.119
0.401
0.758
1
0.184
0.115
0.315
1
0.233
1
0.717
0.517
0.636
0.712
0.453
0.506
0.64
0.457
0.233
0.399
0.409
0.499
NA
0.58
0.351
NA
1
0.453
0.194
0.196
0.457
0.321
NA
NA
NA
0.213
0.196
0.294
0.325
0.538
1
0.23
0.099
0.546
0.191
NA
0.55
0.531
NA
NA
0.576
0.553
0.441
NA
0.751
0.794
0.342
0.278
0.676
0.536
1
0.461
0.458
0.407
0.23
0.561
0.286
0.579
0.228
0.407
0.279
0.421
1
0.392
0.186
0.349
0.425
1
1
0.302
0.429
1
0.179
0.542
0.564
0.424
0.194
0.272
0.234
0.299
1
0.511
0.336
0.284
0.465
0.713
NA
NA
0.235
0.657
1
0.415
0.291
0.276
0.263
0.656
0.136
0.216
1
0.615
0.354
0.356
0.232
1
1
0.542
0.503
0.411
NA
1
0.4
NA
0.553
0.577
1
1
0.602
0.452
0.518
0.412
0.618
0.409
0.379
0.705
0.357
0.434
0.297
0.082
0.544
0.433
0.667
1
0.344
0.594
0.521
NA
0.588
0.353
0.233
0.625
0.602
0.538
0.448
NA
0.583
0.448
NA
NA
NA
NA
NA
NA
NA
NA
NA
NA
NA
0.336
0.274
0.254
0.242
1
0.58
0.278
0.259
0.296
0.385
0.425
NA
0.673
0.24
0.456
0.57
NA
0.504
0.387
0.583
1
0.608
0.659
0.457
0.319
NA
0.409
0.389
0.356
0.18
NA
0.195
0.496
0.381
0.244
0.437
0.336
0.496
0.437
0.365
0.428
0.539
0.229
0.52
0.121
0.2
0.526
0.603
0.584
0.6
0.37
0.578
0.209
0.577
0.308
0.619
0.529
0.476
0.569
0.293
1
0.772
0.552
0.516
0.281
0.383
0.347
0.57
0.358
0.548
0.43
0.153
0.484
0.472
0.335
0.383
NA
0.25
0.554
0.572
0.377
0.452
0.704
0.636
0.319
0.602
0.377
0.417
0.179
0.162
NA
0.829
NA
0.399
0.293
0.636
0.527
0.486
0.252
0.37
0.387
0.439
0.218
0.439
0.34
0.5
0.512
0.535
0.215
0.522
0.533
0.441
0.462
0.446
0.593
0.485
0.466
0.465
NA
0.523
0.177
0.601
0.576
0.595
0.395
0.654
1
0.782
0.964
0.519
0.564
0.494
0.387
0.217
0.292
0.258
0.453
0.424
0.542
0.539
0.588
0.314
0.226
0.381
0.365
0.406
0.377
0.611
0.404
0.235
0.201
0.31
NA
0.4
0.387
0.414
NA
NA
0.334
0.513
0.544
0.233
0.526
0.275
0.467
0.448
0.319
0.334
0.354
0.501
0.476
0.471
0.518
0.54
0.673
0.526
NA
0.557
NA
0.38
0.607
0.605
0.665
1
0.964
0.541
0.596
0.446
0.148
0.375
0.615
NA
0.642
0.664
0.355
0.195
0.402
0.613
0.448
0.535
NA
0.486
0.173
0.353
0.241
0.362
0.577
0.532
0.287
0.388
0.44
0.22
0.537
0.899
0.648
NA
0.272
0.211
0.32
0.381
0.591
0.31
0.207
0.395
NA
0.584
NA
0.57
0.472
0.323
NA
0.559
1
0.357
0.255
0.626
0.49
0.262
0.508
0.491
1
0.707
0.645
1
0.39
0.44
0.409
0.412
0.469
0.327
0.487
1
0.221
0.557
NA
NA
NA
NA
NA
NA
NA
NA
NA
NA
NA
NA
NA
NA
NA
NA
NA
NA
NA
NA
NA
NA
NA
NA
NA
0.209
0.126
0.362
1
1
0.291
0.142
0.195
0.291
0.262
0.237
0.34
1
0.602
1
1
0.447
0.303
0.809
0.456
0.621
0.485
1
0.29
0.247
0.329
0.388
0.187
0.231
0.274
0.376
NA
NA
0.681
0.432
0.402
1
0.579
0.351
0.528
1
1
0.551
0.208
0.155
1
0.316
0.428
0.499
0.668
0.371
0.239
0.545
1
0.367
0.487
0.416
1
1
1
0.65
0.312
1
0.227
0.645
1
0.232
0.207
NA
NA
0.397
0.363
0.172
0.155
0.182
0.747
1
0.44
0.058
NA
0.181
NA
0.455
NA
NA
0.498
0.176
NA
NA
NA
NA
NA
0.255
0.25
0.209
0.268
0.214
0.449
1
0.263
0.785
0.738
1
0.341
0.273
0.555
0.469
1
0.382
0.586
0.37
0.494
0.486
0.493
0.574
0.544
0.388
0.484
0.423
0.359
0.584
0.39
0.572
0.486
0.51
0.337
0.381
0.376
1
1
0.403
NA
1
0.319
0.408
0.348
0.334
1
0.611
NA
0.853
0.323
0.487
0.323
1
0.323
0.233
NA
0.323
0.733
0.341
1
0.692
0.386
NA
0.205
NA
0.41
0.274
0.453
1
0.449
0.61
0.347
0.562
0.486
0.366
0.454
0.364
0.145
0.536
0.442
0.27
0.228
0.625
0.402
0.43
0.241
0.185
0.498
1
0.443
0.454
0.428
0.283
0.402
0.185
0.43
0.185
1
1
1
0.428
0.283
0.423
0.304
0.495
0.589
1
0.467
0.538
0.228
0.548
NA
0.342
0.45
1
1
0.219
NA
0.407
0.535
1
0.281
0.417
0.655
0.124
1
0.53
0.664
0.213
1
0.389
0.558
NA
0.417
0.22
0.265
1
0.252
0.362
1
NA
1
NA
0.58
0.597
NA
1
0.639
0.548
0.333
0.558
0.255
0.143
0.524
1
0.266
0.536
0.335
0.44
0.253
0.448
0.733
0.726
0.434
0.502
0.524
0.548
0.481
0.29
0.479
0.184
0.49
0.375
0.443
1
0.281
0.293
0.495
0.441
0.211
0.249
0.276
0.662
0.252
0.413
0.428
0.309
0.495
0.252
0.352
0.252
0.241
0.268
0.724
0.207
1
0.491
0.334
0.373
0.479
0.793
0.695
0.239
0.5
0.442
0.252
0.479
0.248
0.102
0.206
0.192
0.356
0.359
1
1
NA
0.562
0.478
1
0.388
NA
0.224
1
0.875
0.176
0.461
NA
0.272
0.249
0.746
0.73
0.349
1
0.332
1
0.379
1
0.493
0.277
0.609
0.087
0.312
0.407
0.407
0.47
1
NA
0.553
0.471
1
0.47
0.564
0.491
0.484
0.416
0.501
1
1
0.149
0.452
0.458
0.536
0.478
0.227
1
0.395
0.212
0.302
0.299
0.244
0.394
0.143
0.212
0.126
0.305
0.177
0.565
0.562
0.504
0.265
1
0.079
0.476
1
NA
0.375
1
0.137
1
1
1
0.245
0.233
0.31
0.2
0.2
0.24
1
0.179
0.081
0.481
0.196
0.668
0.374
0.373
0.42
0.193
0.384
0.364
1
0.649
0.507
0.321
0.698
0.729
0.411
0.347
0.348
0.516
1
0.721
0.757
0.115
0.227
0.661
0.211
0.193
0.21
0.301
1
0.728
1
0.269
0.251
0.16
0.229
0.428
0.351
0.435
0.295
0.373
0.334
0.215
0.34
1
0.316
0.297
NA
0.209
0.495
0.355
0.142
0.11
0.288
0.182
1
0.814
0.331
0.383
0.072
NA
0.227
0.571
0.493
0.215
0.466
0.503
0.702
0.285
0.749
0.355
1
0.361
0.339
NA
0.192
0.341
0.395
0.389
0.212
1
0.286
NA
NA
0.762
1
0.177
0.276
0.242
1
0.274
0.296
0.541
0.609
0.424
0.429
0.495
0.389
0.589
1
0.578
0.126
0.483
0.574
0.401
0.574
0.579
0.488
NA
0.443
0.129
0.536
0.434
0.538
0.441
0.323
0.401
1
0.304
0.304
0.304
0.323
NA
NA
NA
NA
NA
NA
NA
NA
NA
NA
0.456
0.479
0.603
0.389
0.375
0.442
0.336
0.354
1
0.429
NA
0.107
0.586
0.238
0.295
0.574
NA
0.481
0.255
0.353
0.592
1
0.352
0.146
0.336
0.154
0.274
0.355
0.265
0.66
0.627
1
0.212
0.35
0.233
0.175
0.272
1
0.86
0.645
1
0.479
0.458
0.372
0.405
0.389
1
0.394
0.242
0.544
NA
0.257
0.483
0.398
0.354
0.412
0.714
0.679
0.146
0.59
0.328
0.234
0.499
0.201
0.441
0.313
NA
0.373
0.751
NA
1
1
NA
0.344
0.402
0.647
0.477
0.295
1
0.788
0.247
0.558
0.575
0.577
NA
0.755
0.404
0.485
0.509
0.514
0.183
1
0.692
0.712
0.842
0.332
0.476
0.335
0.133
0.133
0.29
0.445
0.48
0.242
0.526
0.351
0.313
1
NA
0.937
0.486
0.237
1
0.731
0.338
0.482
0.366
0.505
0.453
0.463
0.536
0.514
0.298
1
1
0.262
0.784
NA
NA
NA
NA
NA
0.462
NA
0.758
0.372
0.413
0.23
0.324
0.314
0.435
0.245
0.327
0.439
0.555
0.262
0.393
0.412
0.466
0.487
0.293
0.352
0.614
0.441
1
0.272
0.201
0.287
0.354
0.299
0.676
0.507
0.601
1
0.576
0.547
0.414
0.38
0.512
0.35
0.172
1
0.639
0.28
0.549
0.395
0.504
0.439
0.473
0.4
0.825
0.55
1
0.188
1
0.212
0.265
0.182
0.997
0.515
0.261
1
0.285
1
0.154
1
1
NA
0.487
1
0.445
0.16
0.383
0.615
0.686
0.323
0.534
0.412
1
0.281
0.691
0.414
0.386
0.533
0.629
1
0.478
0.413
0.366
0.796
0.542
0.519
0.555
0.456
0.402
0.513
0.559
0.544
0.933
0.875
0.185
0.875
NA
NA
NA
NA
NA
NA
NA
1
0.979
0.542
1
0.797
NA
NA
1
NA
0.886
1
0.252
0.615
0.403
0.582
0.34
0.517
0.445
0.528
0.558
0.487
0.516
0.471
0.475
NA
0.509
0.649
0.765
0.14
0.462
0.47
0.547
0.414
0.567
NA
0.255
NA
0.163
0.303
0.24
0.486
0.242
0.559
0.359
0.221
0.351
1
0.309
0.483
0.387
0.387
0.316
0.316
0.362
0.499
1
0.227
0.153
0.179
0.374
0.474
0.501
0.321
0.191
0.292
0.354
1
0.45
0.379
NA
0.216
1
0.18
0.399
0.289
0.243
0.305
0.244
0.816
1
0.439
0.155
NA
0.098
0.774
0.702
0.226
1
1
0.19
0.475
0.222
0.601
0.24
0.505
0.178
0.344
0.637
0.615
0.414
1
0.616
NA
0.437
0.268
0.605
0.289
0.533
0.208
NA
1
0.313
0.156
0.441
0.543
0.337
0.237
0.72
0.275
0.477
1
0.234
0.243
NA
NA
0.588
0.32
1
0.422
0.298
0.108
0.3
0.406
0.739
1
0.548
0.385
0.444
1
0.255
0.589
1
NA
0.658
1
0.353
0.131
1
1
0.484
NA
0.632
0.334
1
0.133
0.503
NA
0.289
0.339
0.285
0.359
0.455
0.316
0.253
0.359
NA
0.318
0.252
0.343
0.694
NA
0.343
0.303
0.919
0.488
0.561
0.613
0.598
0.428
NA
0.598
0.215
NA
NA
NA
NA
NA
NA
NA
NA
NA
0.334
0.228
0.247
NA
0.207
0.355
0.732
0.22
NA
0.178
NA
0.393
0.151
0.19
0.19
0.663
0.092
NA
0.721
0.77
0.353
1
0.136
NA
0.097
1
0.28
NA
1
0.165
0.38
0.159
0.211
0.426
0.428
0.284
0.45
1
0.408
0.461
0.157
0.261
NA
1
0.594
0.712
0.218
0.624
0.791
0.226
0.555
0.611
0.533
0.615
0.655
0.862
0.591
1
0.838
0.465
0.865
0.88
0.214
0.496
0.642
0.438
0.756
0.609
0.578
0.108
1
0.104
0.06
0.099
0.574
0.568
0.768
0.526
0.538
0.39
0.391
0.277
1
0.532
1
0.443
0.536
0.365
0.251
0.392
0.189
0.27
0.262
0.39
0.408
0.525
NA
0.437
0.594
0.117
0.134
0.585
NA
NA
NA
NA
NA
NA
0.389
0.3
0.702
NA
NA
NA
NA
NA
1
0.191
0.154
0.151
0.158
0.062
0.684
0.192
0.199
1
1
0.807
1
0.761
0.234
0.374
0.822
0.523
1
0.446
0.501
0.937
1
0.067
NA
0.36
0.289
1
0.167
0.396
0.443
0.403
0.446
0.421
NA
NA
1
0.585
1
0.391
1
0.237
1
0.811
1
0.577
0.807
0.664
1
0.637
0.957
0.488
0.347
0.324
0.267
1
0.336
NA
0.359
0.212
0.308
0.254
0.158
1
0.758
0.74
0.252
NA
1
0.292
0.508
1
NA
0.808
0.255
0.09
0.383
0.188
0.358
0.323
0.552
0.42
0.717
1
0.737
0.782
0.585
0.54
0.553
1
0.802
0.622
0.368
0.384
0.452
0.35
0.26
0.257
0.677
1
0.436
0.385
0.133
0.46
0.363
0.356
0.34
0.175
0.351
0.328
0.315
0.374
0.381
0.116
NA
0.219
0.475
0.329
0.31
0.22
0.098
0.51
0.684
0.477
0.342
1
0.246
0.598
0.581
0.671
0.513
0.591
0.385
0.417
0.27
0.369
0.605
1
1
0.991
0.33
1
NA
0.43
1
0.963
0.345
0.683
0.44
1
0.679
0.652
0.584
1
1
1
0.446
0.374
NA
0.426
0.573
0.677
0.501
0.53
0.551
1
0.622
0.667
0.691
0.525
0.578
0.386
0.642
0.601
0.593
0.626
0.367
0.374
0.218
0.469
0.525
NA
NA
NA
NA
NA
0.423
0.433
0.527
0.474
0.576
0.576
0.537
0.682
0.517
0.494
0.604
0.269
0.354
0.627
0.756
0.562
0.356
0.353
0.559
0.481
1
0.519
0.579
0.453
0.552
0.289
0.117
1
0.587
0.147
NA
NA
0.28
0.234
0.477
NA
NA
1
0.259
NA
NA
1
0.855
0.295
0.323
0.652
0.661
0.75
1
0.375
0.454
0.178
0.367
0.528
1
0.598
0.708
0.501
0.329
0.253
0.401
0.492
0.222
0.736
0.872
0.872
0.212
0.568
0.177
0.157
0.179
0.303
0.312
0.286
NA
0.27
0.296
NA
0.24
0.303
0.232
NA
0.261
NA
1
0.304
0.679
0.289
0.669
0.315
0.368
1
0.461
0.424
0.391
0.669
0.584
0.691
0.53
0.265
0.295
0.25
1
1
0.903
0.409
1
0.296
0.254
1
0.516
0.285
0.201
0.208
0.387
0.195
0.611
0.824
0.39
1
0.211
0.387
0.136
0.438
0.179
NA
0.136
0.202
0.339
0.377
0.356
0.235
0.176
0.243
0.308
0.256
0.21
0.966
0.432
0.418
0.52
0.364
0.53
0.79
0.609
0.653
0.312
0.347
0.299
0.371
0.298
0.258
0.551
NA
0.595
0.394
0.488
0.574
1
0.683
0.48
0.434
0.557
0.412
0.562
0.334
0.21
0.232
0.497
0.439
0.34
0.601
0.412
0.499
0.314
0.36
0.424
0.583
0.42
0.472
0.446
0.451
0.691
0.491
0.539
0.562
0.812
1
0.47
0.428
0.545
0.369
0.492
NA
0.438
0.257
0.414
NA
NA
0.303
0.201
0.343
0.43
0.215
0.365
0.072
0.316
0.374
0.436
0.291
0.577
0.373
0.487
0.308
0.34
0.456
0.443
0.187
0.288
0.379
0.544
0.477
0.479
0.403
0.136
0.198
0.2
0.389
0.233
0.383
0.283
0.056
0.229
0.299
0.078
1
0.291
NA
NA
NA
0.661
0.503
0.444
1
0.823
0.36
0.361
0.437
0.515
0.329
0.478
0.345
0.201
0.304
0.232
0.18
0.411
0.419
0.577
0.527
0.52
0.546
0.561
0.589
0.495
0.504
NA
0.412
0.475
0.094
0.647
0.387
0.388
1
NA
0.59
0.661
0.487
1
0.4
0.171
0.379
NA
0.219
0.966
0.333
0.335
0.453
0.4
0.612
0.402
0.442
0.414
0.338
0.235
1
0.267
0.222
NA
0.211
0.427
0.615
1
0.338
0.43
0.358
0.781
0.483
0.556
0.556
0.556
0.556
0.556
0.42
0.458
0.404
0.486
NA
0.403
0.445
0.311
0.582
0.336
0.358
0.459
0.489
0.606
1
1
0.262
0.332
0.198
1
1
0.451
0.251
1
0.382
0.435
0.215
0.467
1
0.399
0.38
0.514
0.591
1
0.369
1
NA
0.218
0.2
0.183
0.367
0.193
0.203
0.158
1
0.171
0.596
0.482
0.877
0.173
0.085
1
1
0.41
0.582
1
0.643
0.218
NA
0.392
0.271
0.608
0.214
0.582
0.505
0.41
0.451
0.659
NA
0.686
0.219
NA
0.839
0.986
0.484
0.552
0.891
0.894
1
0.642
0.516
0.769
0.701
0.711
0.518
0.271
0.918
0.902
0.937
0.91
0.368
0.46
0.482
0.204
0.706
0.936
0.909
1
0.949
0.87
0.87
0.457
0.899
0.932
0.885
1
0.472
0.75
0.349
0.902
0.915
0.875
0.885
1
0.994
0.994
1
0.42
0.417
0.346
0.489
0.436
0.291
NA
NA
NA
1
0.318
0.386
0.281
0.195
1
0.143
0.05
0.12
1
0.341
0.28
0.253
0.507
0.453
0.6
0.651
0.416
0.695
0.477
0.438
0.43
0.556
0.342
0.598
0.519
0.497
0.387
0.707
1
0.039
0.149
0.818
0.623
0.269
1
NA
0.527
0.139
0.445
0.327
0.222
0.405
1
NA
1
0.154
0.187
NA
NA
NA
0.222
0.262
1
NA
NA
0.339
0.382
1
0.411
0.423
0.419
NA
1
0.468
0.51
0.459
0.411
0.5
0.629
0.615
0.6
0.625
0.567
0.609
0.554
0.606
0.462
0.613
1
0.531
0.503
0.584
0.567
0.379
1
0.167
0.275
0.234
1
0.529
0.395
0.55
NA
NA
NA
NA
NA
0.242
NA
NA
NA
NA
0.172
0.486
0.326
0.549
0.36
NA
0.491
0.351
0.505
NA
1
0.298
0.362
0.359
0.368
0.494
NA
NA
NA
0.188
0.324
0.624
0.651
0.261
0.53
0.497
0.27
0.354
0.318
0.188
0.367
NA
0.09
0.356
0.432
1
NA
NA
0.258
1
NA
0.343
NA
NA
NA
NA
NA
1
0.253
NA
0.312
0.371
0.462
0.329
0.332
0.515
NA
NA
1
NA
NA
NA
0.34
0.365
0.351
NA
NA
NA
NA
NA
NA
NA
NA
NA
NA
NA
NA
NA
NA
NA
NA
NA
0.195
0.379
0.289
0.23
0.559
0.463
1
0.515
0.43
0.321
0.265
NA
0.46
0.406
0.546
0.408
0.458
0.41
0.503
0.49
0.37
0.504
0.66
0.371
0.364
0.222
0.279
0.447
0.358
0.571
0.429
0.245
0.926
0.591
0.485
0.439
0.343
0.328
0.354
0.504
0.579
0.179
0.432
0.285
0.179
0.19
0.188
0.152
0.194
0.307
0.265
0.168
0.184
0.235
0.257
0.109
0.319
0.262
0.151
0.243
0.56
0.151
0.317
NA
NA
1
0.343
0.292
0.263
0.422
NA
NA
0.434
0.149
0.793
NA
NA
NA
NA
0.198
NA
0.361
0.388
0.337
0.372
0.26
0.255
NA
0.331
NA
0.234
0.249
0.278
NA
0.454
0.379
0.454
1
0.307
0.202
NA
0.074
0.224
0.6
0.476
0.576
1
0.291
NA
0.22
0.387
0.259
0.18
NA
NA
NA
0.371
0.448
0.219
0.525
0.454
0.368
0.322
NA
1
0.303
1
0.526
NA
0.409
0.234
0.595
0.353
0.326
0.278
0.383
NA
0.509
0.442
0.497
0.174
0.338
0.199
0.517
0.591
0.218
0.484
0.288
0.417
0.175
0.478
NA
0.376
0.2
0.224
0.497
0.298
0.567
0.346
0.48
0.541
0.235
0.404
0.355
NA
0.35
0.311
0.195
0.417
0.382
0.359
0.533
0.295
0.249
0.239
0.407
0.349
0.309
0.393
0.393
0.618
0.607
0.411
0.32
0.278
0.25
0.408
0.402
0.213
0.306
0.314
0.373
0.454
0.501
0.323
0.351
0.356
0.505
0.36
0.401
0.271
0.39
0.706
0.481
0.16
0.33
0.588
0.372
0.374
0.435
0.359
0.547
0.379
0.549
0.314
0.458
0.244
0.564
0.42
0.497
0.263
0.259
NA
0.222
0.249
0.329
0.321
0.488
0.368
0.312
0.285
0.216
0.414
0.296
0.302
0.227
NA
0.175
1
0.141
0.154
0.429
0.398
0.504
0.658
NA
0.215
1
0.416
NA
0.069
0.502
0.502
0.415
0.241
0.091
0.561
0.608
0.885
0.721
0.196
NA
0.161
0.727
0.11
0.612
NA
0.193
0.177
0.453
0.52
0.415
0.281
0.577
1
0.608
0.257
0.961
1
0.447
0.464
0.358
0.412
0.272
1
0.465
0.466
0.412
1
0.201
0.472
0.424
1
NA
0.203
0.332
0.344
1
NA
0.246
0.358
NA
0.459
0.528
0.313
0.425
0.605
NA
0.293
0.527
0.299
0.35
NA
0.444
0.328
0.455
0.444
0.268
0.422
0.422
0.38
0.391
0.406
0.345
0.516
0.388
0.41
0.875
0.466
0.429
0.429
0.265
0.287
0.478
0.223
0.308
0.322
0.212
0.399
0.415
0.276
0.392
0.446
0.337
0.439
0.248
0.394
1
0.453
0.31
0.472
NA
0.138
0.17
0.467
0.359
0.547
0.461
0.433
0.273
0.242
0.624
0.211
0.358
0.462
0.407
NA
0.228
0.233
0.471
0.213
0.224
0.268
0.357
0.105
0.243
NA
0.371
0.245
0.486
0.508
0.443
0.54
0.444
0.588
0.419
0.297
0.452
0.25
0.365
0.379
0.389
0.33
0.542
0.488
0.394
0.541
0.264
0.344
0.263
0.244
0.269
0.402
0.428
0.475
0.557
1
0.148
0.14
0.413
0.331
0.6
0.486
0.138
0.531
0.221
0.384
0.829
0.384
0.323
0.399
0.227
0.368
0.407
0.265
0.358
0.457
0.498
1
0.68
0.165
0.223
0.286
0.105
0.214
0.494
NA
0.583
0.367
0.442
NA
0.329
0.295
0.397
0.398
0.427
0.37
0.543
0.528
0.391
0.311
NA
0.332
0.378
0.254
0.243
0.231
NA
0.493
0.551
NA
0.559
0.219
0.42
0.446
0.352
0.474
NA
0.107
1
0.356
0.368
0.232
0.243
0.281
1
0.551
0.537
0.498
0.406
0.471
0.941
0.162
0.073
0.34
0.489
0.305
0.517
0.384
0.361
0.539
0.593
0.44
0.528
1
0.491
0.431
0.56
0.47
0.175
0.284
0.378
0.329
0.398
0.34
0.294
0.505
0.58
0.299
1
0.29
0.408
0.311
0.359
0.179
0.326
0.364
0.488
0.58
0.518
0.556
0.571
1
NA
0.464
0.586
0.668
NA
0.395
0.344
0.457
0.5
0.427
0.568
0.433
1
0.607
0.63
0.463
0.524
0.234
NA
0.369
0.536
0.321
0.43
0.455
0.375
0.223
0.391
0.348
0.126
0.395
0.954
0.954
0.954
0.285
0.679
0.411
0.384
0.215
0.351
0.509
0.493
0.612
0.267
0.181
0.702
0.474
0.472
0.276
0.538
0.361
0.522
0.731
0.466
0.539
0.398
0.388
0.487
0.408
0.605
0.613
0.473
0.605
0.539
0.48
0.373
0.532
0.524
0.512
0.562
0.555
0.557
0.338
0.406
0.324
0.226
0.636
0.456
0.538
0.647
0.615
1
0.85
0.447
0.49
0.771
0.222
0.344
0.657
0.389
0.323
0.57
0.349
0.491
0.614
0.256
0.274
0.5
0.476
0.481
0.487
0.626
1
NA
0.296
0.407
0.407
0.706
0.542
0.188
0.693
0.365
0.812
0.472
0.607
0.393
0.832
0.554
0.066
0.393
0.468
0.759
0.502
0.578
0.384
0.503
0.398
0.492
0.126
0.433
0.156
0.362
0.219
0.483
0.44
0.456
0.355
0.68
0.482
NA
0.765
0.315
0.419
0.531
1
0.703
0.51
NA
NA
NA
0.448
0.399
0.456
0.753
0.542
0.546
1
0.675
0.875
0.72
0.324
0.433
0.424
1
0.435
0.44
NA
0.305
0.362
1
0.453
0.286
0.29
0.3
0.554
0.517
NA
1
0.502
0.186
1
0.296
0.437
0.552
0.434
0.507
0.408
1
NA
NA
NA
NA
1
1
NA
1
NA
NA
NA
0.629
NA
1
NA
0.261
0.396
0.285
0.497
NA
0.098
0.156
0.303
0.114
0.148
0.305
0.205
0.156
0.357
0.318
0.282
0.199
0.258
NA
NA
NA
NA
NA
NA
NA
NA
1
1
0.181
0.055
0.982
0.312
0.982
1
0.321
0.321
0.236
0.182
0.416
0.272
0.465
0.556
1
1
0.187
1
1
0.98
NA
0.556
0.326
0.752
0.189
0.535
0.431
0.297
0.556
0.558
0.534
NA
0.384
0.982
1
1
0.98
0.42
0.416
0.98
NA
0.611
0.74
0.769
0.861
0.152
0.551
0.98
1
0.393
1
0.417
0.372
0.984
0.308
0.36
0.246
0.399
0.49
0.416
0.367
0.973
0.212
NA
1
0.19
0.983
1
0.978
0.289
0.229
1
0.528
0.833
0.165
NA
0.313
0.617
1
1
0.962
0.351
0.325
0.4
0.939
0.173
0.347
0.416
0.289
0.585
0.725
1
NA
0.255
0.595
NA
0.354
0.457
0.537
0.148
0.435
0.219
0.46
0.318
0.71
0.927
0.974
0.598
0.279
0.337
0.316
0.339
0.463
1
NA
0.44
0.409
0.45
0.56
0.391
0.577
0.388
0.493
0.25
0.453
0.485
0.157
0.225
1
NA
NA
1
0.375
0.557
0.621
NA
NA
NA
NA
NA
NA
NA
0.806
0.517
0.378
0.382
0.477
0.396
0.313
0.416
0.532
0.954
NA
0.127
0.543
NA
0.421
0.63
0.592
0.543
0.261
0.692
NA
0.377
0.793
0.144
1
0.216
NA
1
1
0.339
0.312
0.301
0.61
0.355
0.549
0.377
NA
0.657
0.442
0.647
0.614
0.664
0.666
0.53
0.559
0.534
0.637
0.68
0.666
0.293
0.657
0.581
0.626
1
NA
0.478
0.618
0.427
0.636
0.509
0.47
0.564
NA
0.429
0.522
0.51
0.29
1
0.68
0.627
0.482
0.527
0.516
0.273
0.539
0.574
1
NA
0.162
0.206
0.472
0.316
NA
1
1
0.328
NA
NA
NA
NA
0.196
0.24
NA
0.503
0.27
0.21
0.515
0.226
NA
0.226
0.226
0.307
0.155
0.28
0.328
0.25
0.243
1
0.547
0.213
0.182
0.494
0.386
NA
NA
0.387
0.278
0.293
NA
0.236
0.183
0.236
0.385
0.447
0.589
0.56
0.548
0.602
0.505
0.596
0.55
0.412
0.413
0.299
0.38
0.473
0.389
0.438
0.582
0.532
0.343
0.445
0.478
0.504
0.381
0.384
0.667
NA
0.296
0.201
0.334
0.31
NA
0.081
0.357
0.506
0.526
0.462
0.454
0.374
0.341
0.478
1
0.424
0.506
NA
0.35
0.399
0.348
0.318
NA
NA
0.422
1
0.617
0.591
0.505
NA
0.074
0.122
0.154
0.893
NA
NA
NA
NA
NA
NA
NA
NA
NA
NA
NA
NA
NA
NA
NA
NA
NA
NA
NA
NA
NA
NA
NA
NA
NA
NA
NA
NA
NA
NA
NA
NA
NA
NA
NA
NA
NA
NA
NA
NA
0.966
0.246
0.694
NA
NA
0.203
0.165
0.211
0.189
0.116
0.164
0.067
1
0.322
0.332
0.225
0.256
0.44
0.54
0.546
0.334
0.589
1
0.495
NA
0.334
NA
0.512
0.541
0.435
0.133
0.192
0.32
1
0.289
0.366
0.264
0.367
0.429
1
0.253
0.159
0.164
0.073
0.39
0.498
0.437
0.498
0.655
0.503
0.489
0.5
1
0.562
0.227
0.455
0.389
1
0.175
0.21
NA
NA
0.178
1
0.243
0.308
0.318
0.365
0.279
1
0.452
0.399
0.422
0.307
0.132
0.302
0.433
0.4
1
0.39
0.354
0.379
0.416
0.312
0.643
1
0.236
0.236
0.575
0.178
0.644
1
0.537
0.494
1
0.69
0.201
0.428
1
0.078
0.257
0.535
1
0.212
0.52
0.551
0.426
0.531
0.448
0.352
0.504
0.483
0.526
0.536
0.49
0.525
NA
NA
0.073
1
0.521
0.495
0.399
0.552
NA
0.525
0.208
0.313
0.082
0.185
1
1
0.151
0.531
0.375
0.807
0.3
0.022
0.325
0.201
NA
0.964
0.375
0.339
0.317
0.242
1
0.201
0.652
0.542
0.236
0.285
0.159
0.143
1
0.329
0.416
0.174
0.221
0.723
0.261
1
0.273
0.271
0.333
0.281
0.35
1
0.256
0.354
1
0.372
1
0.28
0.817
0.482
NA
NA
1
0.153
0.116
0.141
1
0.112
0.257
0.083
0.14
0.268
0.401
0.358
0.42
0.562
0.561
0.565
0.418
0.391
0.217
1
0.429
0.456
0.548
0.431
0.454
0.357
0.506
0.394
0.473
0.423
0.177
0.303
0.551
0.271
0.652
0.604
0.522
0.826
0.463
0.288
0.836
0.365
1
0.536
0.564
0.783
0.5
0.764
1
0.78
0.759
0.372
NA
NA
0.288
0.107
0.761
0.138
1
0.329
0.534
0.433
0.464
0.214
1
0.396
0.324
1
NA
0.584
0.409
0.452
1
0.497
0.308
0.436
0.158
0.406
1
0.224
0.264
0.533
1
0.176
0.234
0.156
0.246
0.333
0.33
1
0.394
NA
0.779
0.806
0.559
NA
0.395
0.557
0.592
0.437
0.319
0.248
0.488
0.61
0.498
1
NA
0.399
0.481
NA
0.598
0.478
0.195
0.484
0.527
0.608
0.491
0.312
0.617
0.432
0.488
0.457
0.516
0.195
0.381
0.403
0.499
1
0.622
0.413
0.196
0.442
0.368
0.435
0.456
0.422
0.49
0.432
0.475
0.406
0.561
0.691
0.579
0.54
0.238
0.188
0.11
0.036
0.523
0.228
0.358
1
0.298
0.353
0.554
0.352
0.358
0.453
0.512
1
NA
0.385
0.397
0.176
0.564
0.385
0.501
0.26
0.281
0.366
1
0.377
0.306
0.387
0.734
1
0.21
0.183
0.661
0.176
0.165
0.959
0.402
0.471
0.464
0.459
0.444
0.345
0.472
0.424
0.485
0.411
0.516
0.454
0.474
0.375
1
0.447
0.403
NA
0.193
0.206
NA
1
0.546
0.35
1
0.538
0.439
0.596
0.451
0.073
0.706
1
0.285
0.479
0.435
0.467
0.453
0.482
0.246
0.711
1
0.638
0.49
0.882
0.299
0.998
0.95
0.291
0.882
1
0.998
0.608
0.454
0.445
0.275
1
0.402
0.506
NA
0.44
0.417
0.376
0.526
0.4
0.404
0.479
1
0.342
0.442
0.638
0.845
0.823
NA
NA
0.084
0.396
0.34
0.474
0.239
0.365
0.365
0.27
0.269
0.32
0.324
NA
0.405
0.328
1
0.291
0.081
0.396
0.401
0.442
0.418
0.392
0.529
0.252
0.234
0.181
0.205
1
0.316
0.234
0.181
0.316
0.048
0.428
0.456
0.366
0.404
0.374
0.351
0.313
NA
1
1
NA
0.853
0.569
0.764
1
0.329
1
0.37
0.37
0.417
0.297
0.149
0.215
0.295
NA
NA
NA
NA
NA
NA
NA
NA
1
0.553
0.406
0.374
1
0.456
0.149
0.973
0.803
0.55
NA
NA
NA
0.205
0.233
0.304
0.214
0.287
0.388
0.283
0.147
0.155
0.256
0.179
0.328
0.288
NA
0.315
0.46
NA
0.53
0.208
0.532
0.455
0.186
1
NA
0.375
NA
NA
0.613
NA
0.324
0.38
0.582
0.407
0.864
0.747
1
NA
0.399
0.48
0.291
0.453
NA
0.954
0.319
NA
0.984
0.966
1
1
NA
0.347
0.329
0.272
NA
0.116
1
0.216
0.131
NA
0.483
0.556
0.536
0.357
0.803
0.592
0.537
0.263
NA
0.505
1
0.461
NA
NA
NA
NA
NA
0.538
0.912
0.767
1
0.464
0.174
0.521
0.746
0.307
0.534
0.571
0.412
NA
0.509
0.365
0.3
0.512
NA
0.174
NA
NA
NA
NA
NA
NA
NA
0.425
0.323
0.526
1
0.299
0.223
0.309
0.393
0.286
1
0.252
0.406
0.319
0.535
0.659
0.241
1
0.307
0.484
0.406
0.606
0.407
0.454
NA
0.503
0.305
0.364
0.273
1
0.175
0.4
1
0.307
NA
NA
1
1
0.329
NA
1
0.259
0.392
0.3
0.962
1
0.093
1
0.45
0.344
1
0.301
0.486
1
0.318
0.372
0.394
0.163
0.284
NA
0.436
0.502
1
0.254
1
1
NA
NA
0.551
0.591
0.596
0.489
0.416
0.378
1
0.267
0.283
1
NA
0.158
0.6
0.5
0.204
0.361
0.327
0.52
1
NA
0.259
0.254
1
0.764
0.764
0.353
1
1
1
0.428
0.198
0.166
1
0.438
1
0.258
1
0.308
0.661
0.406
0.441
0.2
0.487
0.442
0.252
0.481
0.233
0.374
1
0.477
0.808
NA
1
NA
0.819
0.412
0.594
0.345
0.538
0.608
0.536
0.546
1
NA
0.455
0.69
0.725
0.768
1
0.654
1
0.322
0.398
0.425
0.463
0.39
0.311
0.347
0.258
0.466
0.415
0.491
0.428
0.247
0.44
0.344
0.149
0.353
0.399
NA
0.293
0.325
0.305
1
0.277
0.357
0.321
1
0.546
0.414
NA
0.704
0.415
0.717
0.349
0.206
0.183
0.608
0.611
1
0.342
0.204
0.187
NA
0.428
0.437
0.508
0.384
0.448
0.375
0.459
0.335
0.454
0.656
NA
0.281
0.143
1
NA
0.507
0.552
0.61
1
0.117
0.194
0.877
0.609
0.282
0.767
0.661
0.465
0.371
0.547
0.65
0.568
NA
NA
0.518
0.457
0.582
1
0.759
0.228
0.383
0.392
0.338
0.28
1
1
0.144
1
0.062
0.596
NA
1
0.526
1
0.096
1
NA
NA
NA
NA
1
0.477
0.403
0.377
0.496
0.612
0.16
NA
0.403
0.613
0.336
1
0.761
0.044
1
1
NA
NA
NA
NA
NA
0.178
0.354
0.411
0.807
0.287
NA
NA
NA
0.269
1
0.631
0.637
0.939
0.891
NA
1
NA
0.285
0.481
0.477
0.294
0.39
0.457
0.614
0.565
0.383
0.409
0.464
0.448
0.241
0.565
0.323
0.585
0.483
0.214
0.563
0.401
0.169
0.153
0.787
0.087
0.152
NA
NA
0.197
1
1
0.378
0.586
0.405
1
0.075
0.112
NA
0.368
0.405
NA
0.597
1
NA
0.933
0.53
0.541
0.659
0.71
0.499
0.354
0.412
0.395
0.451
0.495
0.447
0.356
0.446
1
NA
0.391
1
0.189
0.548
NA
0.219
0.334
0.467
1
NA
NA
NA
0.565
0.622
0.55
0.286
0.329
0.279
NA
0.294
0.283
0.486
1
NA
NA
0.459
0.249
0.455
1
0.382
NA
0.211
0.265
0.428
0.31
0.314
0.186
0.634
NA
0.476
NA
0.205
NA
0.544
0.177
0.323
NA
0.389
0.389
0.222
0.635
1
0.351
0.364
0.322
0.235
NA
NA
NA
NA
NA
0.294
0.414
NA
0.603
0.318
0.241
0.527
0.6
1
0.634
0.581
0.425
NA
0.133
NA
1
0.483
0.555
1
0.601
0.806
0.505
0.503
NA
1
0.395
0.349
0.58
0.615
NA
0.349
0.26
0.28
0.311
0.249
0.351
0.199
0.135
0.785
0.373
0.46
0.435
0.444
0.299
0.228
0.335
0.288
0.318
0.204
1
0.682
0.591
NA
0.258
1
0.198
0.254
0.216
0.23
0.227
0.212
1
0.22
0.288
0.211
0.565
0.224
1
0.308
0.188
1
0.112
0.136
0.116
NA
0.293
0.233
0.358
0.247
NA
NA
NA
NA
NA
NA
NA
NA
0.649
0.309
NA
0.21
0.497
0.365
0.241
0.439
0.446
0.15
NA
0.179
0.231
NA
0.211
0.412
0.189
0.226
0.152
0.316
0.251
0.271
NA
0.59
0.6
0.54
NA
1
0.663
0.53
0.461
0.357
0.243
0.338
0.148
0.601
0.524
0.46
0.728
0.215
0.303
0.243
0.224
0.27
0.638
0.621
0.575
1
0.17
0.528
0.57
0.475
0.501
0.469
0.601
0.625
0.549
0.648
0.525
0.769
0.768
0.725
0.529
0.371
0.343
0.478
0.56
0.455
0.314
0.597
0.431
1
0.326
0.48
0.356
0.36
0.434
NA
0.478
0.283
NA
0.404
0.292
0.424
0.302
0.277
NA
0.485
0.542
0.505
0.349
0.435
0.732
0.6
0.466
0.449
0.484
0.5
0.392
0.189
0.417
0.456
0.623
0.39
0.962
0.793
0.82
0.227
0.134
0.412
0.383
0.547
1
0.285
NA
NA
0.217
1
0.323
1
0.755
1
NA
NA
NA
NA
0.927
NA
NA
NA
NA
0.835
0.221
0.578
0.623
1
0.586
0.569
0.359
0.102
0.215
0.431
0.335
0.545
0.65
1
0.214
0.209
1
0.159
0.175
0.174
0.827
1
0.163
0.195
NA
NA
NA
0.134
1
0.424
0.524
0.19
1
0.437
0.475
0.294
1
0.418
0.717
0.557
0.589
0.656
0.375
0.747
0.545
0.546
1
0.657
0.559
0.703
0.43
0.516
0.524
0.474
0.233
1
NA
0.382
0.373
0.373
NA
NA
0.253
0.957
0.292
1
0.523
0.63
0.345
NA
0.479
0.672
0.606
0.477
0.55
0.646
0.867
0.772
0.374
0.391
0.465
0.455
0.824
0.386
0.512
0.391
1
0.671
0.478
0.724
0.581
0.233
0.733
0.41
NA
0.504
0.52
0.505
0.386
0.385
0.738
0.397
0.642
0.554
1
NA
1
0.409
0.505
0.604
0.654
0.339
1
0.339
0.524
0.505
0.529
0.509
0.46
0.542
0.378
0.341
0.536
0.356
0.31
0.604
0.453
0.392
0.323
0.416
0.577
1
0.694
NA
0.402
0.291
0.439
0.247
NA
0.371
0.557
0.363
0.256
0.193
0.37
0.232
0.301
0.503
0.531
0.188
0.227
0.401
0.317
0.514
0.503
0.522
0.446
0.374
NA
0.407
0.626
0.319
0.458
0.453
0.309
0.513
NA
0.483
0.358
0.407
0.453
0.557
0.637
0.598
0.489
0.473
0.604
0.274
0.594
0.527
0.389
0.622
0.67
0.519
0.614
0.625
0.619
0.507
0.567
0.581
0.727
NA
0.563
NA
0.479
NA
0.581
0.256
1
0.563
0.395
0.197
0.36
0.411
0.323
0.474
0.518
0.455
0.418
0.335
0.476
0.53
0.381
0.548
0.525
0.379
0.502
0.445
0.446
0.483
0.575
1
0.514
0.472
0.313
1
0.525
0.447
0.306
0.657
1
0.259
NA
0.268
0.477
0.35
1
0.615
0.141
1
0.279
0.489
1
0.599
0.714
0.388
0.317
0.494
0.408
0.907
0.865
0.734
0.778
0.702
0.253
0.363
0.617
0.418
0.519
0.596
0.187
0.82
1
0.13
0.19
NA
0.303
0.24
0.162
0.804
0.473
0.41
0.777
0.441
0.401
0.642
0.497
0.486
0.527
0.481
0.554
0.603
0.535
0.509
0.523
0.49
1
1
0.526
0.59
0.443
0.722
1
0.333
0.384
0.356
0.385
0.461
0.803
0.366
0.385
0.406
0.369
0.327
0.483
0.438
0.347
0.383
0.405
1
0.351
0.21
0.391
0.394
0.823
0.292
0.357
0.5
0.458
0.932
1
0.341
0.347
0.406
0.2
1
1
NA
0.324
1
0.456
0.625
0.578
0.316
0.55
NA
0.195
1
0.304
1
0.451
0.61
1
0.544
0.519
0.311
0.456
0.336
0.191
0.293
1
0.207
0.44
0.421
0.46
0.082
NA
0.072
0.298
0.317
0.12
NA
0.098
0.417
1
1
1
0.162
NA
0.201
0.202
0.292
0.148
0.201
0.166
0.121
0.181
0.201
0.226
0.208
0.095
0.2
0.16
0.215
0.166
0.284
0.159
0.239
0.432
0.207
0.285
0.337
0.06
0.188
0.221
0.317
0.192
0.201
0.189
0.253
0.072
0.275
0.145
0.21
0.208
0.332
0.523
0.281
0.279
0.305
0.3
0.331
0.25
0.277
1
0.808
1
0.441
0.297
0.325
NA
1
0.208
0.233
0.117
0.065
0.139
0.182
0.06
0.316
1
0.32
0.299
0.327
0.56
0.46
0.249
0.338
0.423
0.606
0.371
0.436
0.403
0.635
0.207
0.432
1
0.519
0.155
0.737
0.788
0.781
0.805
0.65
0.833
0.589
0.565
0.668
0.672
0.642
1
0.488
0.318
0.697
0.657
0.24
0.48
0.656
0.756
0.728
0.934
0.617
1
0.787
0.774
0.749
0.718
0.881
0.84
0.617
0.754
0.937
0.868
0.538
1
0.899
0.783
0.446
1
0.676
0.434
0.679
0.995
0.233
NA
0.36
NA
0.629
0.588
0.566
0.342
0.892
0.892
0.821
0.509
0.656
0.313
0.348
0.528
0.591
0.654
0.344
0.484
0.732
1
0.33
0.361
0.654
0.628
0.745
1
NA
0.759
0.069
NA
NA
0.533
0.35
0.487
0.219
0.434
1
0.499
0.269
0.276
0.424
1
0.19
0.462
0.461
0.475
0.484
1
0.584
NA
0.423
0.551
0.357
0.14
1
0.955
1
0.478
0.369
0.512
0.317
0.659
0.236
0.649
0.642
0.576
0.209
0.593
0.532
0.609
0.595
0.561
0.771
0.407
1
0.498
NA
0.209
0.461
0.536
NA
0.366
0.466
0.338
0.44
0.327
1
0.428
0.329
0.285
0.932
0.276
0.747
1
0.4
0.614
0.726
0.593
0.239
0.454
0.817
0.759
1
0.546
0.475
1
0.51
0.16
0.333
0.812
0.52
0.201
1
0.167
0.479
0.195
0.513
1
0.401
0.452
0.556
0.401
0.36
0.384
1
0.466
1
0.226
0.163
0.245
0.199
0.235
0.241
0.535
0.324
0.258
0.399
1
0.455
1
1
1
1
0.231
0.287
0.259
0.507
0.325
0.671
1
0.204
0.187
0.323
1
0.313
0.41
0.334
0.388
0.252
1
0.279
0.268
0.392
0.311
0.347
0.342
0.645
0.391
0.366
1
0.588
0.416
0.397
0.345
0.58
0.402
0.156
0.244
0.404
0.556
0.436
0.52
0.665
0.67
1
0.693
0.58
0.419
0.687
0.645
0.518
0.52
0.595
0.516
0.556
0.546
0.404
0.44
0.272
0.495
0.571
0.523
0.391
0.552
0.667
0.507
0.481
0.507
0.311
0.656
1
0.521
0.612
0.525
0.323
0.419
0.509
0.251
0.407
0.403
0.502
0.658
1
0.405
0.416
0.569
0.404
0.48
0.593
0.545
0.59
0.631
0.325
0.101
0.247
0.21
0.262
0.297
0.251
0.277
0.21
0.151
0.3
1
0.545
0.642
0.24
0.478
0.341
0.207
0.337
0.286
0.215
0.379
0.535
0.444
0.545
0.413
0.571
0.207
0.317
0.462
0.429
0.251
0.478
0.404
0.285
1
0.044
1
0.613
0.417
0.599
0.604
0.63
0.484
0.51
0.437
0.619
0.474
0.704
0.42
0.31
0.576
0.775
0.697
0.395
0.612
0.451
0.565
0.382
0.518
0.351
0.765
0.788
1
0.366
0.157
0.393
0.592
0.743
0.487
0.245
0.489
0.788
0.714
0.611
0.678
0.553
0.56
NA
0.446
0.422
0.473
0.437
0.533
1
0.438
NA
0.509
0.44
0.415
0.261
0.307
0.457
0.467
0.226
0.185
0.573
0.334
0.371
0.577
0.126
0.688
0.252
1
0.256
NA
0.328
0.329
0.517
NA
0.288
0.318
NA
NA
NA
NA
NA
NA
NA
NA
NA
NA
NA
NA
NA
NA
NA
NA
NA
NA
NA
NA
NA
NA
NA
NA
NA
NA
0.123
0.229
1
0.262
0.431
0.531
0.197
0.571
0.731
0.738
0.506
0.756
1
0.318
0.304
0.515
0.568
0.435
0.361
0.501
0.152
0.306
0.571
NA
NA
NA
NA
1
0.239
0.288
0.126
1
0.754
0.484
1
0.873
0.382
1
0.625
0.499
0.138
0.58
0.215
0.36
0.474
0.693
1
0.611
0.455
0.422
1
NA
NA
NA
0.741
1
0.586
0.354
0.39
0.467
0.569
0.3
0.595
0.411
0.185
0.468
0.174
0.412
0.433
0.561
0.532
0.442
0.443
0.441
0.35
0.512
0.555
0.543
0.318
0.285
0.179
0.319
0.476
0.647
0.23
0.462
0.167
0.441
0.531
0.453
0.318
0.297
0.364
0.259
0.376
0.253
0.37
0.479
0.397
0.518
0.543
0.483
0.286
1
0.577
0.261
0.134
0.18
0.31
0.108
0.206
0.345
0.506
0.385
0.522
0.396
0.401
0.189
0.413
0.204
0.309
0.361
0.179
0.399
0.384
0.387
NA
0.171
0.468
1
0.15
0.282
0.342
0.469
0.25
0.139
0.363
0.282
0.457
1
0.073
0.794
NA
0.516
0.333
0.708
0.469
1
0.071
0.214
NA
NA
0.371
0.353
0.314
0.281
0.253
0.531
0.38
0.315
0.469
0.445
0.447
0.338
0.365
NA
0.508
0.251
0.246
NA
0.234
NA
0.615
0.187
0.58
0.427
0.433
0.408
0.21
0.251
0.335
0.21
0.306
1
0.702
0.319
0.373
0.309
0.181
NA
0.418
0.629
0.512
0.599
0.318
0.466
0.34
0.471
0.553
NA
NA
0.174
0.139
0.71
NA
0.788
0.451
0.66
0.4
0.464
0.376
1
0.392
0.371
0.45
0.43
0.286
0.408
0.511
0.526
1
0.444
0.313
0.294
0.506
0.494
0.722
0.587
0.607
0.267
0.522
0.459
0.456
0.37
0.561
0.416
0.623
0.402
0.356
0.539
0.702
1
0.703
0.768
NA
0.538
0.495
0.426
NA
0.365
NA
NA
NA
0.356
0.307
0.325
0.408
0.483
0.092
0.105
NA
NA
0.27
0.277
0.231
0.235
0.196
NA
0.117
0.225
0.155
0.077
0.06
0.352
0.456
0.207
0.347
0.236
0.86
0.838
0.325
0.332
0.305
0.446
0.53
0.229
0.471
0.529
0.337
0.36
0.759
0.762
0.275
0.369
0.297
0.946
0.285
1
0.316
1
0.199
0.8
0.311
0.311
0.254
0.57
NA
0.312
0.347
0.446
0.626
0.39
0.087
0.444
0.53
0.481
0.452
0.526
0.407
0.304
0.301
0.196
0.269
0.308
NA
0.73
0.646
NA
0.271
0.581
0.632
0.679
0.61
0.605
0.479
0.511
0.382
0.511
0.443
0.438
0.531
1
0.347
0.082
NA
0.282
NA
NA
0.318
0.318
0.318
0.274
0.321
0.222
0.093
0.274
0.268
1
NA
1
0.589
0.323
0.355
0.38
0.57
0.758
0.414
0.426
0.258
0.423
0.296
0.423
0.382
0.576
0.29
0.327
0.243
1
0.303
0.221
0.256
0.431
0.299
0.343
0.253
0.442
0.495
1
NA
0.182
0.259
0.514
0.545
0.478
1
0.499
0.353
0.206
0.341
0.193
0.539
1
0.362
0.285
0.392
0.451
1
0.232
0.19
0.514
0.791
0.723
0.471
0.723
0.541
0.211
0.37
0.611
0.617
0.373
0.365
0.422
0.397
NA
0.281
0.681
0.399
0.391
NA
0.24
0.534
0.465
0.536
0.437
NA
NA
1
0.52
NA
NA
NA
0.498
NA
0.646
0.669
1
0.295
0.329
NA
0.648
0.292
0.275
0.58
NA
0.408
0.404
0.328
0.271
0.347
0.371
0.465
0.143
NA
0.335
0.16
0.297
0.102
0.494
0.226
0.21
0.548
0.349
0.384
0.455
0.407
0.257
0.415
0.246
1
NA
0.233
0.432
0.601
0.064
NA
NA
0.334
0.643
0.542
NA
0.273
0.199
0.39
0.324
0.636
1
NA
0.068
NA
NA
NA
NA
NA
NA
NA
NA
NA
NA
NA
NA
NA
NA
NA
NA
NA
NA
NA
NA
NA
NA
NA
NA
NA
0.194
0.577
0.201
0.267
0.234
0.286
0.162
0.178
0.22
0.27
0.184
0.171
0.418
0.675
0.91
NA
1
0.42
0.056
0.504
1
0.346
0.358
0.123
0.079
0.193
0.428
0.261
1
0.384
0.236
0.507
0.624
1
0.563
0.446
0.325
0.451
1
NA
NA
NA
NA
NA
NA
NA
NA
0.436
0.479
1
1
0.345
0.464
0.478
0.445
0.322
NA
NA
NA
NA
NA
0.41
0.492
NA
NA
NA
0.441
0.337
NA
NA
0.449
1
0.265
NA
0.341
0.314
0.3
0.454
0.52
0.443
0.327
0.477
1
0.209
0.17
0.618
0.562
0.692
0.575
0.422
0.431
0.416
1
0.352
0.368
0.394
0.64
0.628
0.736
0.567
0.383
0.612
0.472
NA
NA
NA
NA
NA
NA
NA
NA
NA
NA
0.465
0.413
1
NA
0.135
0.079
0.165
0.825
0.663
0.384
0.554
0.725
0.713
0.564
0.556
0.349
1
0.055
0.364
0.256
0.311
0.288
0.315
0.445
0.375
0.235
0.333
0.723
0.292
0.278
0.359
0.239
1
0.67
0.505
0.653
0.581
0.638
0.494
1
0.244
0.212
0.313
0.615
0.314
0.48
0.53
0.591
0.537
0.504
1
0.444
0.321
0.34
0.318
0.571
0.373
0.438
0.19
0.431
0.479
0.469
0.476
0.418
0.4
0.317
0.372
0.297
0.583
0.46
0.147
0.495
0.207
0.409
0.402
0.4
NA
0.234
NA
0.508
0.485
0.45
0.527
0.172
0.348
0.539
0.475
0.179
0.448
0.431
1
0.35
0.473
0.313
0.329
0.222
0.473
0.564
0.354
0.711
0.563
0.563
0.613
0.609
0.408
0.326
1
0.415
0.268
0.51
0.476
0.319
0.774
0.099
0.343
0.246
0.302
1
0.674
0.586
0.531
0.452
0.229
0.124
0.194
0.469
0.523
0.148
0.025
1
0.181
0.173
0.51
0.322
0.653
0.747
0.388
1
0.574
0.676
0.565
0.372
NA
0.195
0.221
0.476
0.474
0.357
0.384
0.359
0.059
0.366
0.613
0.53
0.479
0.164
0.383
0.099
0.157
0.161
0.347
0.411
0.433
1
0.2
0.138
0.32
0.166
0.17
0.386
0.505
0.513
0.329
1
NA
0.147
1
0.192
NA
NA
NA
NA
NA
1
0.714
1
0.414
0.323
0.383
0.297
0.323
0.075
0.494
0.393
NA
NA
NA
NA
0.375
1
0.898
0.326
0.513
0.475
NA
0.456
0.681
0.239
0.423
0.312
0.244
0.506
0.407
0.256
0.279
0.412
0.566
0.336
0.265
0.576
1
0.087
0.41
0.421
0.513
0.47
NA
0.417
0.292
1
0.554
0.473
0.509
0.746
0.269
1
0.584
0.371
0.426
0.732
NA
0.399
0.326
0.396
0.345
0.34
0.471
0.328
1
NA
0.24
0.392
0.135
NA
0.052
0.088
1
1
0.346
NA
0.103
0.285
1
0.443
1
NA
NA
NA
NA
0.364
1
0.587
0.653
0.269
0.327
0.43
0.674
NA
1
NA
NA
NA
NA
0.637
NA
NA
NA
NA
0.51
0.441
NA
NA
NA
1
0.277
0.326
0.555
0.606
0.897
1
NA
NA
0.535
NA
NA
0.49
0.407
1
0.339
1
0.621
NA
NA
NA
1
0.205
0.349
0.239
0.257
0.348
0.253
1
NA
NA
NA
0.835
NA
0.855
NA
NA
0.332
NA
0.402
0.402
0.495
0.547
0.418
0.45
0.463
0.445
0.456
1
0.286
NA
0.082
0.191
0.345
NA
NA
NA
0.168
NA
0.155
1
1
NA
NA
NA
0.192
NA
0.312
NA
NA
0.466
1
1
1
0.276
0.526
0.768
0.632
0.592
0.202
0.354
0.27
0.469
0.415
NA
0.265
NA
1
0.951
0.086
0.623
0.688
0.785
0.703
0.376
0.162
1
0.328
0.095
NA
0.457
0.331
0.29
0.332
0.362
0.201
0.846
0.926
NA
0.237
0.336
0.35
NA
0.301
0.234
1
0.521
0.117
0.139
NA
0.237
1
0.423
0.61
0.435
0.085
0.27
NA
0.586
0.231
0.202
0.4
0.247
0.167
0.312
NA
0.173
0.299
0.402
0.425
0.409
0.367
0.382
NA
0.471
0.341
1
0.503
0.116
0.777
0.376
0.304
NA
NA
NA
NA
NA
0.274
0.268
1
0.554
0.436
1
0.484
0.951
0.951
0.617
0.355
0.39
0.481
0.37
NA
0.438
0.431
0.372
0.429
0.446
0.365
1
0.385
0.455
0.404
0.342
0.467
0.44
1
1
1
1
1
0.46
0.357
0.535
0.509
0.334
0.367
0.43
0.324
0.197
0.393
0.385
1
0.428
NA
NA
NA
0.675
0.645
0.535
0.479
0.478
0.295
0.644
0.275
0.397
1
0.27
0.303
0.162
0.534
0.552
0.432
0.573
0.575
0.583
0.647
0.648
0.65
0.624
0.579
0.561
0.374
0.537
0.55
0.426
0.492
0.529
0.442
0.486
NA
0.458
1
0.501
0.202
NA
0.2
0.618
0.618
0.166
0.11
0.362
0.594
0.635
0.206
0.248
0.158
0.499
0.228
0.518
0.559
0.411
0.567
0.209
0.268
0.247
0.378
0.226
0.439
0.168
0.226
NA
0.257
0.235
0.149
0.697
0.264
0.22
0.202
0.298
1
NA
0.322
0.176
0.228
0.394
0.272
0.326
NA
0.557
1
0.34
1
0.181
0.125
0.187
0.238
0.446
0.443
0.537
0.559
0.664
0.494
0.569
0.554
0.5
0.505
0.323
0.327
NA
1
0.246
0.44
1
0.435
0.677
0.677
0.677
0.37
0.236
0.476
0.483
0.357
0.399
0.447
0.515
0.212
0.093
0.478
0.493
0.377
0.146
0.197
NA
0.285
0.204
0.255
0.097
0.325
NA
0.244
0.183
NA
NA
NA
NA
0.336
0.249
0.489
0.515
0.462
0.48
0.199
NA
NA
0.156
NA
NA
0.194
0.094
0.323
0.368
0.325
NA
NA
NA
NA
NA
NA
NA
NA
NA
0.332
0.31
0.414
0.24
NA
NA
NA
NA
NA
NA
NA
NA
NA
NA
NA
NA
NA
NA
NA
NA
NA
NA
NA
NA
NA
NA
NA
NA
NA
NA
NA
NA
NA
NA
NA
NA
NA
NA
0.462
NA
0.175
0.149
NA
0.194
NA
0.208
NA
0.173
0.171
0.199
0.161
0.216
0.085
NA
NA
NA
NA
0.171
NA
0.529
NA
NA
NA
NA
0.273
NA
NA
NA
NA
NA
NA
NA
NA
NA
NA
NA
NA
0.437
NA
NA
NA
NA
NA
NA
NA
NA
NA
NA
NA
NA
NA
NA
NA
NA
NA
NA
NA
NA
NA
NA
NA
NA
NA
NA
NA
NA
NA
NA
NA
NA
NA
NA
NA
NA
NA
NA
NA
NA
0.156
0.094
0.455
NA
NA
NA
NA
NA
NA
NA
0.318
NA
0.07
0.212
0.237
0.273
NA
NA
NA
NA
NA
NA
NA
NA
NA
NA
NA
NA
NA
NA
NA
0.361
NA
0.276
0.392
NA
NA
NA
NA
NA
0.289
NA
NA
NA
NA
0.282
NA
NA
NA
NA
NA
0.154
0.177
NA
NA
NA
0.1
0.263
NA
NA
NA
NA
0.204
0.213
0.239
0.284
0.249
0.23
0.8
NA
0.826
NA
NA
NA
0.151
0.16
NA
0.345
NA
0.1
0.181
0.308
NA
NA
0.319
NA
NA
0.39
NA
NA
NA
NA
0.089
0.351
NA
NA
NA
NA
NA
NA
NA
NA
NA
0.428
0.568
NA
NA
NA
NA
NA
NA
NA
NA
0.275
NA
NA
NA
NA
NA
0.807
0.107
NA
0.248
0.205
NA
0.168
NA
NA
NA
NA
NA
NA
NA
NA
NA
NA
0.392
NA
NA
NA
NA
NA
NA
NA
NA
NA
NA
NA
NA
NA
NA
NA
NA
NA
NA
NA
NA
NA
NA
NA
NA
NA
NA
NA
NA
NA
NA
NA
NA
NA
NA
NA
NA
0.381
NA
NA
0.289
NA
0.122
NA
0.083
0.196
NA
NA
NA
NA
NA
NA
0.196
NA
NA
0.108
NA
NA
0.327
0.412
0.093
NA
0.162
NA
NA
NA
NA
NA
NA
NA
NA
NA
0.054
0.316
NA
NA
0.211
0.191
NA
0.532
0.494
NA
0.198
0.646
NA
0.135
0.287
NA
NA
NA
NA
0.07
NA
NA
NA
NA
NA
NA
0.461
NA
NA
0.197
0.351
0.32
0.189
0.274
0.259
0.314
NA
NA
NA
0.154
NA
0.374
NA
NA
1
0.359
0.545
NA
NA
NA
0.202
0.39
0.202
NA
NA
NA
NA
NA
NA
0.152
0.063
0.248
0.129
0.466
NA
NA
0.461
0.422
0.329
0.263
0.214
0.251
0.347
NA
0.224
0.37
NA
NA
NA
NA
0.191
NA
0.091
NA
NA
0.406
0.093
0.092
NA
NA
NA
NA
NA
NA
NA
NA
NA
0.121
NA
NA
NA
NA
NA
NA
NA
NA
NA
0.28
0.459
NA
0.21
NA
NA
NA
NA
0.246
0.443
NA
NA
NA
NA
NA
NA
NA
NA
NA
NA
NA
0.267
0.209
0.242
NA
0.072
NA
NA
NA
NA
NA
NA
NA
NA
NA
NA
0.113
NA
0.32
NA
NA
NA
NA
0.33
NA
NA
0.281
NA
NA
NA
0.211
0.285
NA
0.345
NA
NA
NA
0.604
0.207
0.124
0.163
NA
NA
NA
NA
0.228
NA
NA
0.181
0.445
0.537
NA
NA
0.188
0.201
NA
NA
NA
0.049
0.289
NA
NA
NA
0.157
NA
0.178
NA
NA
NA
0.15
0.114
NA
0.172
NA
0.204
0.069
NA
0.115
0.159
0.383
NA
0.133
0.282
0.166
0.195
NA
0.355
NA
0.179
0.323
NA
NA
0.298
0.13
NA
NA
0.702
NA
0.212
NA
0.33
0.245
NA
NA
0.171
NA
NA
NA
0.224
NA
NA
0.236
NA
0.351
0.195
NA
0.049
NA
NA
0.254
NA
NA
NA
0.098
0.113
NA
NA
NA
NA
0.335
0.224
0.187
NA
NA
0.243
NA
0.355
NA
0.174
NA
0.05
NA
NA
0.323
0.452
0.034
NA
NA
NA
0.063
0.2
NA
0.149
NA
0.284
NA
NA
NA
NA
NA
NA
0.156
NA
NA
NA
0.26
0.256
NA
NA
0.189
NA
NA
0.081
NA
0.172
NA
NA
NA
NA
NA
NA
NA
0.051
0.773
NA
NA
NA
NA
NA
NA
NA
0.378
NA
0.293
NA
NA
0.23
0.153
NA
0.618
NA
NA
0.329
NA
0.319
0.481
NA
NA
NA
NA
0.353
NA
0.306
NA
0.195
0.387
NA
0.269
0.249
0.14
NA
0.275
0.452
0.306
NA
NA
NA
NA
NA
NA
NA
NA
0.323
NA
NA
NA
0.312
0.505
NA
0.425
NA
NA
NA
0.116
0.207
0.152
0.527
0.457
NA
NA
NA
NA
NA
NA
NA
NA
NA
0.472
0.477
NA
0.19
0.198
0.403
0.204
0.16
0.123
0.083
NA
NA
NA
NA
NA
NA
NA
NA
NA
NA
NA
NA
0.101
NA
NA
NA
NA
NA
NA
0.175
0.459
NA
NA
NA
0.436
NA
NA
0.347
0.324
0.398
NA
NA
NA
0.202
NA
0.093
NA
NA
NA
NA
0.219
NA
NA
NA
NA
NA
NA
NA
NA
0.213
0.244
NA
NA
NA
NA
NA
0.841
NA
NA
NA
NA
NA
NA
NA
NA
NA
0.184
NA
NA
NA
0.27
NA
NA
NA
NA
NA
NA
NA
NA
NA
NA
NA
NA
NA
NA
NA
0.393
0.456
0.304
0.57
NA
NA
NA
NA
NA
0.236
NA
NA
NA
0.33
NA
0.341
NA
NA
NA
0.123
NA
0.243
0.277
0.09
0.398
NA
NA
NA
NA
0.344
NA
NA
NA
NA
0.306
NA
0.32
NA
0.24
0.122
NA
NA
NA
NA
NA
0.179
0.216
NA
NA
0.106
NA
NA
NA
NA
NA
NA
NA
NA
NA
NA
NA
NA
NA
NA
NA
NA
NA
NA
NA
0.336
NA
NA
NA
NA
NA
0.209
0.321
NA
NA
NA
NA
NA
0.267
NA
0.149
NA
0.42
NA
NA
NA
NA
NA
NA
NA
NA
NA
NA
0.104
0.082
0.122
NA
0.39
NA
0.199
0.235
0.189
0.182
NA
0.352
0.23
NA
NA
NA
0.038
0.154
NA
NA
NA
NA
NA
0.06
0.048
NA
NA
NA
NA
NA
NA
NA
NA
NA
NA
0.225
0.144
NA
0.347
0.231
NA
NA
NA
NA
NA
NA
NA
NA
0.128
0.153
0.379
NA
NA
NA
0.257
NA
0.3
NA
NA
NA
0.344
NA
0.477
NA
NA
NA
NA
NA
NA
NA
NA
NA
0.278
0.234
NA
0.402
0.113
0.106
NA
NA
NA
NA
NA
NA
NA
NA
NA
NA
NA
0.171
NA
NA
NA
0.359
NA
NA
NA
NA
NA
NA
NA
NA
NA
NA
0.18
NA
NA
NA
NA
NA
NA
0.305
NA
0.242
NA
0.162
0.17
NA
NA
NA
NA
NA
NA
NA
NA
NA
NA
NA
NA
NA
NA
NA
0.234
NA
NA
0.115
0.213
NA
NA
NA
0.24
0.276
0.273
0.138
NA
0.189
0.238
0.163
NA
0.103
NA
NA
NA
NA
0.432
NA
NA
NA
0.171
NA
NA
NA
NA
0.277
NA
NA
NA
NA
NA
0.216
0.422
NA
NA
0.318
NA
NA
NA
0.312
NA
NA
NA
NA
NA
NA
NA
NA
0.215
NA
NA
NA
NA
NA
NA
0.207
0.201
NA
0.093
NA
NA
0.918
NA
0.25
0.156
NA
NA
NA
NA
NA
0.142
NA
NA
0.329
NA
NA
NA
NA
NA
0.259
NA
NA
NA
NA
NA
0.195
NA
NA
NA
0.354
NA
NA
NA
NA
0.217
NA
NA
NA
NA
NA
NA
NA
0.141
0.456
NA
0.562
0.271
0.294
NA
NA
NA
NA
NA
NA
NA
NA
NA
NA
NA
NA
NA
0.325
0.185
NA
NA
NA
NA
NA
NA
0.42
0.355
NA
NA
NA
NA
NA
NA
NA
NA
0.2
NA
NA
NA
NA
NA
NA
NA
NA
NA
0.097
NA
NA
NA
0.422
NA
0.249
NA
0.066
NA
NA
NA
NA
NA
NA
NA
NA
NA
NA
0.277
NA
0.379
0.295
NA
NA
NA
NA
1
0.249
0.089
0.186
0.169
NA
NA
NA
NA
NA
NA
NA
NA
NA
NA
NA
NA
NA
NA
NA
NA
NA
NA
NA
0.307
NA
NA
NA
NA
NA
NA
NA
NA
NA
NA
0.223
0.308
0.661
0.401
NA
NA
NA
0.144
0.115
NA
NA
NA
NA
NA
NA
NA
NA
NA
0.286
NA
NA
NA
NA
NA
NA
NA
0.414
0.332
0.33
NA
NA
NA
0.405
NA
NA
NA
NA
NA
NA
NA
NA
0.248
0.238
0.274
NA
NA
NA
NA
0.146
0.343
NA
NA
NA
NA
NA
NA
0.169
NA
NA
0.307
0.068
0.093
NA
NA
NA
NA
NA
0.343
NA
0.574
NA
0.488
NA
NA
NA
NA
NA
NA
0.345
NA
NA
NA
NA
NA
NA
NA
NA
NA
NA
NA
NA
0.128
NA
0.39
NA
NA
NA
NA
0.383
NA
NA
NA
NA
NA
0.203
0.134
NA
NA
NA
NA
0.192
0.269
NA
NA
NA
0.256
0.324
0.278
NA
0.193
NA
NA
NA
0.324
0.181
0.228
0.458
0.195
NA
0.348
NA
NA
NA
NA
0.331
NA
0.092
0.098
0.259
NA
NA
NA
0.19
NA
NA
NA
NA
NA
NA
NA
NA
NA
NA
0.139
NA
NA
NA
NA
NA
NA
NA
NA
NA
NA
NA
NA
NA
0.289
NA
NA
NA
0.3
NA
0.456
NA
0.259
NA
NA
NA
NA
0.329
0.187
0.34
0.234
NA
NA
0.064
0.248
0.817
NA
NA
0.31
NA
0.119
0.147
0.19
0.261
NA
0.298
NA
NA
NA
0.409
NA
0.313
0.231
NA
0.451
NA
NA
NA
0.269
NA
NA
NA
NA
NA
0.085
NA
NA
NA
NA
0.268
0.261
0.223
0.179
0.108
NA
NA
NA
NA
NA
NA
NA
NA
NA
NA
NA
NA
NA
NA
0.205
NA
NA
0.173
0.356
0.291
NA
NA
NA
NA
NA
NA
NA
NA
NA
0.093
0.239
0.097
NA
NA
NA
NA
NA
NA
NA
NA
0.705
NA
NA
NA
NA
NA
NA
NA
NA
NA
NA
NA
NA
NA
0.126
NA
NA
NA
NA
NA
NA
NA
NA
NA
0.222
0.376
NA
NA
NA
NA
NA
NA
NA
NA
NA
NA
0.338
NA
NA
NA
NA
NA
NA
0.415
0.393
NA
0.282
NA
NA
NA
NA
NA
NA
NA
0.346
0.471
0.151
NA
NA
0.297
0.12
NA
0.288
NA
0.492
0.322
NA
NA
NA
NA
NA
NA
0.159
NA
0.233
0.343
NA
0.232
NA
NA
NA
NA
NA
0.246
0.246
NA
0.223
0.234
NA
NA
NA
0.327
NA
NA
NA
NA
0.06
NA
0.168
NA
NA
NA
NA
NA
0.524
0.096
NA
NA
NA
0.4
NA
NA
NA
0.245
NA
NA
NA
NA
NA
NA
0.19
0.131
NA
NA
NA
0.362
0.097
NA
0.237
0.084
0.243
0.228
0.422
NA
0.345
0.455
NA
NA
NA
0.171
0.487
0.224
NA
NA
NA
NA
0.373
0.267
NA
NA
NA
NA
NA
0.202
NA
NA
NA
0.153
0.263
0.256
NA
NA
NA
NA
0.514
NA
NA
0.248
NA
0.283
0.284
NA
NA
NA
0.155
NA
0.287
NA
NA
NA
0.278
NA
NA
NA
NA
NA
NA
NA
NA
NA
NA
NA
NA
NA
NA
0.303
0.023
NA
NA
0.438
0.25
NA
0.158
NA
0.744
NA
NA
NA
0.337
NA
NA
0.174
0.217
NA
NA
NA
NA
NA
NA
0.27
NA
0.711
NA
NA
NA
0.274
NA
NA
NA
0.268
NA
NA
NA
NA
NA
NA
NA
NA
0.193
0.195
NA
NA
NA
NA
0.302
NA
NA
NA
NA
NA
NA
NA
NA
NA
NA
NA
NA
NA
NA
NA
NA
0.477
0.3
NA
NA
NA
NA
0.131
NA
NA
NA
NA
NA
0.356
0.405
NA
NA
NA
NA
NA
NA
NA
NA
NA
NA
NA
NA
NA
NA
NA
NA
0.193
NA
0.491
0.263
NA
NA
NA
0.585
NA
NA
NA
NA
0.252
NA
NA
NA
NA
NA
NA
NA
NA
0.307
0.128
NA
NA
NA
0.236
0.152
NA
NA
NA
0.465
NA
NA
NA
NA
NA
0.164
0.329
NA
NA
NA
NA
NA
NA
NA
NA
NA
NA
NA
NA
NA
NA
0.121
0.075
NA
0.258
NA
NA
0.287
0.243
0.381
NA
0.206
NA
NA
NA
NA
0.167
NA
NA
NA
NA
NA
0.371
0.154
0.358
0.22
NA
NA
NA
NA
NA
NA
NA
NA
NA
NA
NA
NA
NA
0.4
NA
NA
NA
NA
NA
0.232
NA
0.156
0.119
NA
NA
0.204
NA
0.173
0.203
0.329
NA
NA
NA
NA
0.402
0.277
NA
NA
0.532
0.395
0.288
NA
NA
NA
NA
NA
NA
NA
NA
NA
NA
NA
NA
NA
NA
0.096
0.507
0.452
NA
0.237
0.218
NA
NA
NA
NA
NA
NA
NA
0.477
0.329
NA
NA
NA
NA
NA
NA
NA
NA
NA
NA
NA
0.218
NA
NA
NA
0.131
NA
0.438
NA
0.277
0.203
NA
0.3
0.348
NA
NA
0.152
NA
NA
0.36
NA
NA
0.349
NA
0.694
NA
NA
NA
0.1
NA
NA
NA
NA
NA
NA
NA
NA
NA
NA
NA
NA
NA
NA
0.242
NA
NA
0.075
0.082
NA
0.265
NA
NA
NA
NA
0.259
0.236
0.291
0.249
NA
0.24
NA
NA
0.234
NA
NA
NA
NA
NA
NA
NA
NA
0.61
NA
0.118
NA
0.21
0.131
NA
NA
NA
NA
NA
0.215
0.258
0.23
0.154
0.215
0.304
0.924
NA
NA
NA
0.197
NA
NA
NA
NA
NA
0.267
NA
NA
NA
0.125
0.264
NA
NA
NA
0.545
NA
0.185
0.318
NA
0.275
0.207
0.503
NA
0.324
NA
0.163
NA
NA
0.312
NA
0.193
0.36
NA
0.224
0.428
0.151
NA
0.259
0.181
NA
NA
NA
0.458
NA
0.198
NA
0.669
NA
NA
NA
NA
NA
0.229
NA
NA
NA
0.459
NA
0.224
0.526
NA
0.247
NA
0.291
NA
NA
NA
0.268
NA
NA
NA
NA
0.182
0.15
0.29
NA
NA
NA
NA
NA
NA
NA
0.373
NA
0.258
NA
NA
NA
NA
NA
0.383
NA
0.354
NA
NA
0.416
NA
NA
0.118
0.305
NA
NA
NA
NA
NA
0.36
NA
NA
NA
0.16
NA
NA
0.38
NA
1
NA
0.405
NA
NA
NA
0.362
0.065
0.031
NA
NA
NA
NA
NA
0.185
NA
NA
0.214
0.384
0.36
0.253
NA
NA
NA
0.263
NA
0.171
0.189
NA
NA
NA
0.26
NA
0.24
NA
NA
NA
NA
NA
0.208
NA
0.255
NA
NA
NA
NA
NA
NA
0.113
0.328
NA
NA
NA
NA
NA
NA
NA
NA
NA
0.214
NA
NA
NA
NA
NA
NA
NA
NA
NA
NA
NA
NA
NA
NA
NA
NA
NA
NA
0.286
0.308
NA
NA
0.231
0.254
NA
NA
0.377
NA
0.192
NA
0.165
NA
NA
0.159
0.299
NA
NA
NA
NA
NA
NA
NA
NA
NA
NA
0.395
NA
0.272
0.364
NA
NA
0.245
0.309
NA
NA
NA
0.519
NA
NA
0.143
NA
NA
NA
NA
NA
NA
0.32
0.22
0.753
NA
NA
NA
NA
0.141
0.487
NA
NA
NA
0.315
0.29
0.13
0.328
NA
NA
0.119
0.341
NA
NA
0.191
NA
0.257
0.271
0.277
NA
NA
0.538
0.362
0.062
0.122
0.452
0.295
0.266
NA
NA
0.101
NA
0.348
NA
NA
NA
NA
0.18
NA
NA
NA
NA
NA
NA
0.329
NA
0.245
NA
NA
NA
NA
0.224
NA
NA
NA
0.295
NA
0.213
0.207
0.117
NA
NA
NA
NA
NA
0.287
0.223
0.257
NA
NA
NA
NA
NA
NA
NA
NA
NA
NA
NA
NA
NA
NA
0.172
0.125
0.084
NA
NA
0.192
0.363
0.194
NA
NA
0.201
NA
0.516
0.225
0.387
NA
NA
0.237
0.139
0.237
NA
NA
NA
NA
0.246
0.089
NA
NA
NA
NA
NA
NA
0.237
NA
NA
NA
NA
NA
NA
NA
0.235
0.301
0.116
NA
NA
NA
NA
0.346
NA
NA
NA
NA
0.237
NA
NA
NA
NA
NA
0.049
0.048
0.014
NA
NA
NA
NA
0.163
NA
NA
0.124
0.244
0.351
0.205
NA
0.283
NA
0.381
0.215
0.466
0.174
0.245
NA
NA
0.253
NA
NA
NA
NA
NA
NA
NA
0.334
0.226
NA
0.179
NA
NA
0.258
NA
0.177
NA
0.323
NA
0.173
0.252
0.627
NA
NA
0.157
0.23
NA
0.084
0.195
NA
0.165
NA
NA
0.314
NA
0.329
0.208
NA
0.314
NA
0.082
0.149
0.273
NA
NA
0.933
1
0.404
NA
NA
0.159
NA
0.552
NA
0.277
NA
NA
NA
NA
NA
NA
NA
NA
NA
NA
0.21
NA
0.152
0.249
NA
0.216
NA
NA
0.457
0.418
0.334
NA
NA
0.397
0.31
NA
NA
NA
NA
0.336
NA
NA
NA
NA
NA
NA
NA
0.248
0.268
0.441
NA
0.359
0.34
0.374
NA
NA
NA
NA
NA
NA
NA
NA
NA
NA
NA
0.171
NA
0.236
0.209
NA
NA
NA
NA
0.401
NA
NA
0.253
NA
NA
0.277
NA
NA
0.358
NA
NA
1
NA
NA
0.467
0.262
0.422
NA
0.266
NA
0.118
NA
NA
0.404
0.304
NA
NA
NA
0.26
NA
0.501
0.275
NA
0.397
0.172
0.377
0.37
NA
0.13
0.168
NA
NA
0.244
NA
NA
NA
NA
NA
NA
NA
0.421
0.381
NA
NA
NA
0.242
NA
0.168
NA
NA
0.262
NA
NA
NA
NA
NA
NA
0.165
0.158
0.564
NA
NA
NA
NA
NA
NA
NA
NA
0.394
0.264
NA
0.084
0.209
NA
NA
0.188
NA
0.301
0.28
NA
NA
NA
0.359
NA
NA
NA
NA
NA
NA
NA
NA
0.271
NA
NA
NA
NA
NA
NA
NA
NA
NA
NA
NA
0.211
0.175
NA
NA
NA
0.119
NA
0.324
NA
0.238
0.088
0.368
NA
0.236
NA
NA
NA
0.283
0.308
NA
0.222
NA
NA
0.211
0.397
NA
NA
0.091
0.198
0.266
0.284
0.364
NA
NA
NA
NA
0.164
NA
0.179
NA
0.103
NA
0.158
0.17
NA
0.311
NA
1
NA
NA
NA
0.242
NA
NA
0.199
0.299
NA
0.271
0.235
0.214
NA
NA
NA
0.933
NA
0.319
0.275
NA
0.289
0.643
0.209
0.188
0.26
NA
NA
0.29
0.393
0.329
0.273
0.191
0.255
NA
NA
0.216
0.252
NA
NA
NA
NA
0.208
NA
NA
NA
NA
NA
NA
NA
0.256
NA
0.246
0.195
NA
NA
NA
NA
NA
0.211
NA
NA
NA
NA
NA
NA
0.158
NA
NA
NA
NA
NA
NA
NA
NA
NA
NA
NA
NA
NA
NA
NA
NA
NA
NA
NA
NA
NA
NA
NA
NA
NA
NA
NA
NA
NA
NA
NA
NA
NA
NA
NA
NA
NA
NA
NA
NA
NA
NA
0.378
NA
0.237
0.242
0.258
0.188
0.273
NA
0.207
NA
NA
0.379
0.244
0.231
0.295
0.11
NA
0.243
1
NA
NA
NA
NA
0.137
NA
NA
0.176
0.256
NA
0.305
0.066
NA
0.343
0.217
0.24
NA
NA
NA
NA
NA
NA
NA
NA
NA
NA
NA
NA
NA
NA
NA
NA
0.251
NA
NA
0.401
0.326
0.214
NA
NA
0.187
NA
NA
0.37
NA
NA
NA
NA
NA
0.141
NA
NA
NA
NA
NA
NA
0.222
0.443
NA
0.33
NA
0.203
0.326
NA
NA
NA
NA
NA
NA
NA
NA
NA
NA
NA
NA
NA
NA
NA
NA
0.234
NA
NA
NA
NA
0.472
NA
0.329
0.176
0.166
NA
NA
NA
NA
NA
0.411
NA
NA
0.344
0.275
NA
NA
NA
NA
0.373
0.243
NA
0.563
NA
NA
NA
0.153
0.329
NA
0.534
NA
0.372
0.324
0.951
NA
NA
NA
NA
0.114
0.519
0.208
0.187
0.252
NA
0.157
0.097
0.159
NA
0.188
0.324
NA
NA
NA
NA
0.171
0.241
0.209
0.184
0.264
0.29
NA
0.544
NA
0.237
0.155
0.247
NA
NA
NA
NA
NA
0.392
NA
NA
0.158
0.608
NA
NA
NA
NA
NA
NA
NA
NA
NA
NA
NA
NA
NA
NA
NA
NA
0.109
0.154
0.138
NA
NA
NA
0.506
0.241
0.2
0.197
0.223
NA
NA
NA
0.157
NA
0.146
0.399
NA
NA
NA
NA
0.078
1
0.193
0.239
NA
NA
NA
NA
NA
0.225
NA
NA
NA
NA
0.194
NA
NA
0.289
0.229
0.149
NA
NA
0.151
0.271
NA
0.123
NA
0.189
0.208
0.387
NA
NA
0.249
NA
NA
NA
NA
0.239
NA
0.129
NA
NA
NA
NA
NA
NA
NA
NA
NA
NA
NA
NA
NA
NA
NA
NA
NA
0.213
NA
0.546
NA
0.307
0.136
0.17
NA
0.103
NA
0.182
0.416
NA
NA
NA
NA
NA
NA
NA
NA
NA
NA
NA
0.274
0.265
NA
0.398
NA
NA
NA
NA
0.29
NA
NA
NA
NA
NA
NA
NA
NA
NA
NA
0.477
NA
0.168
0.195
NA
0.538
NA
0.226
0.132
0.182
0.17
0.117
NA
0.138
0.162
NA
NA
0.227
NA
NA
NA
1
0.247
NA
NA
0.372
0.102
0.278
NA
0.227
NA
NA
NA
NA
NA
0.241
NA
0.206
NA
NA
NA
0.155
NA
0.413
0.324
NA
0.242
NA
0.246
NA
0.187
0.345
NA
0.234
NA
0.307
NA
0.362
NA
NA
0.323
0.279
0.411
NA
NA
0.76
0.202
NA
NA
NA
NA
NA
0.272
0.288
0.33
NA
0.436
0.333
0.23
NA
NA
NA
NA
NA
NA
NA
NA
NA
0.504
NA
NA
NA
NA
NA
NA
NA
NA
NA
NA
NA
NA
NA
NA
NA
NA
NA
NA
NA
NA
NA
NA
NA
NA
NA
NA
NA
NA
NA
NA
NA
NA
NA
0.114
NA
NA
0.127
NA
NA
NA
0.217
0.244
NA
NA
NA
0.24
NA
0.189
NA
NA
NA
0.233
NA
0.696
0.178
NA
0.287
NA
0.313
NA
0.363
0.172
NA
0.153
0.293
0.191
0.153
0.526
NA
0.541
NA
NA
NA
NA
NA
NA
0.05
NA
NA
NA
0.195
0.272
NA
NA
0.151
NA
NA
NA
NA
NA
NA
NA
0.291
NA
NA
0.177
NA
0.152
NA
NA
0.319
0.152
NA
0.239
NA
0.2
0.155
NA
NA
NA
0.109
0.257
NA
0.28
NA
NA
NA
NA
0.332
NA
NA
NA
0.131
NA
NA
0.165
0.056
0.211
0.139
0.268
0.268
NA
NA
NA
NA
NA
NA
NA
NA
0.507
NA
NA
0.484
NA
NA
NA
NA
NA
0.257
NA
NA
NA
0.15
NA
NA
NA
NA
NA
NA
0.112
NA
NA
NA
0.424
NA
NA
NA
0.313
NA
0.172
0.526
0.232
0.345
NA
0.306
NA
NA
NA
0.211
NA
NA
0.306
NA
NA
NA
NA
NA
NA
NA
NA
NA
NA
NA
NA
NA
NA
NA
NA
NA
NA
NA
NA
0.268
0.18
NA
0.3
0.359
NA
0.426
0.352
NA
0.253
NA
0.23
0.159
NA
NA
NA
NA
NA
NA
0.212
0.238
0.4
NA
NA
0.281
NA
NA
NA
NA
0.169
0.392
0.194
0.189
0.357
0.377
0.567
0.266
0.583
NA
0.455
0.199
0.181
NA
NA
NA
NA
NA
0.05
NA
NA
NA
NA
NA
NA
NA
NA
NA
NA
NA
NA
0.133
NA
0.248
NA
0.207
0.516
0.166
NA
0.263
0.561
0.222
NA
NA
NA
0.317
0.212
0.618
0.212
NA
NA
NA
NA
0.387
0.167
NA
NA
NA
NA
0.298
NA
0.394
NA
0.649
0.208
0.119
0.279
NA
NA
NA
0.504
NA
0.256
0.377
0.095
0.287
0.277
NA
0.596
0.276
0.338
0.334
NA
0.224
0.197
0.324
0.434
0.478
NA
0.261
0.468
0.061
NA
NA
0.116
0.206
NA
0.378
0.489
0.409
0.867
NA
NA
0.083
NA
0.296
0.434
0.113
NA
0.23
NA
NA
0.202
0.264
NA
0.42
NA
NA
NA
NA
NA
NA
NA
NA
NA
NA
0.316
NA
0.309
NA
NA
NA
NA
NA
NA
0.184
NA
NA
0.228
NA
NA
NA
NA
NA
NA
NA
NA
NA
NA
NA
NA
NA
NA
NA
NA
0.098
0.081
0.202
NA
NA
NA
0.178
0.22
NA
NA
0.154
NA
NA
NA
NA
NA
0.207
0.128
NA
NA
NA
NA
NA
NA
NA
NA
NA
NA
NA
0.162
NA
NA
NA
NA
NA
NA
NA
NA
0.044
0.227
0.384
NA
0.155
NA
NA
NA
NA
NA
NA
NA
NA
NA
NA
NA
NA
0.489
0.175
0.389
0.195
0.313
0.317
0.216
NA
NA
NA
NA
NA
NA
NA
0.646
0.369
0.358
0.263
NA
NA
NA
NA
NA
NA
NA
NA
0.26
NA
NA
NA
NA
NA
NA
NA
0.256
0.173
0.155
0.197
NA
NA
NA
NA
NA
NA
0.247
NA
NA
NA
0.67
NA
0.247
0.548
0.197
NA
0.214
0.392
0.178
NA
0.252
0.428
NA
0.696
0.224
NA
NA
NA
NA
NA
0.477
NA
NA
0.371
NA
0.284
0.228
NA
0.115
0.211
NA
0.371
NA
NA
0.1
NA
0.152
NA
NA
0.074
NA
NA
NA
0.081
NA
NA
NA
NA
NA
NA
NA
NA
NA
NA
NA
NA
NA
NA
NA
0.365
0.179
NA
NA
NA
NA
0.265
NA
NA
0.845
0.119
NA
NA
NA
NA
0.275
NA
0.086
NA
NA
NA
NA
NA
NA
NA
NA
0.128
0.389
0.225
0.265
NA
NA
0.321
0.512
NA
0.133
NA
NA
0.325
0.214
NA
NA
NA
NA
NA
NA
0.394
NA
NA
NA
NA
NA
NA
NA
0.363
0.138
NA
0.101
NA
0.133
0.223
NA
NA
NA
NA
NA
NA
NA
NA
0.395
NA
NA
NA
NA
NA
NA
NA
NA
NA
NA
NA
NA
NA
0.156
NA
NA
0.195
0.153
0.158
0.414
NA
NA
NA
0.75
NA
NA
NA
NA
NA
NA
0.536
NA
NA
NA
NA
NA
NA
0.18
0.265
0.061
NA
NA
NA
NA
NA
NA
NA
NA
NA
NA
NA
NA
NA
0.257
NA
NA
NA
NA
NA
NA
0.103
NA
NA
0.398
NA
NA
0.128
NA
0.252
0.21
0.165
NA
NA
0.331
0.225
NA
NA
NA
NA
NA
NA
0.16
NA
NA
NA
NA
NA
NA
NA
NA
0.058
NA
NA
NA
NA
0.231
0.196
NA
NA
0.178
NA
NA
0.247
0.16
NA
NA
NA
NA
NA
0.12
NA
NA
NA
NA
NA
NA
NA
NA
NA
NA
NA
NA
NA
NA
NA
NA
NA
NA
NA
NA
NA
NA
NA
NA
0.096
NA
NA
NA
NA
NA
NA
NA
NA
0.221
NA
NA
NA
NA
0.151
NA
NA
NA
NA
NA
NA
NA
0.157
NA
NA
NA
NA
NA
NA
NA
NA
NA
NA
NA
NA
NA
0.249
NA
NA
NA
0.338
NA
0.271
0.21
0.256
NA
NA
NA
NA
0.415
0.451
1
0.252
NA
NA
NA
NA
NA
NA
NA
0.214
0.245
NA
NA
NA
NA
0.186
NA
NA
NA
NA
NA
NA
NA
NA
NA
NA
NA
NA
NA
NA
NA
NA
NA
0.144
NA
0.293
0.875
0.732
NA
0.21
NA
NA
NA
NA
NA
NA
NA
NA
0.092
0.265
NA
0.386
0.198
NA
NA
0.957
NA
0.436
NA
NA
NA
NA
NA
NA
NA
0.668
0.829
NA
0.251
NA
NA
NA
NA
NA
0.271
NA
NA
0.305
NA
NA
NA
NA
0.218
0.33
0.267
0.197
NA
NA
NA
NA
0.386
NA
NA
NA
NA
NA
NA
0.175
NA
NA
NA
NA
NA
NA
NA
NA
NA
0.342
0.309
NA
NA
NA
NA
NA
NA
NA
NA
NA
NA
NA
0.233
0.421
0.218
0.109
0.277
NA
NA
NA
NA
0.145
NA
NA
NA
0.623
NA
0.13
0.248
NA
0.168
NA
NA
NA
NA
NA
0.327
NA
NA
NA
0.197
0.288
NA
NA
NA
NA
NA
NA
NA
NA
NA
0.203
NA
0.228
0.254
NA
NA
NA
NA
NA
NA
NA
NA
0.353
0.16
NA
NA
NA
NA
NA
NA
0.435
0.203
0.181
0.491
0.093
NA
NA
NA
0.127
NA
NA
NA
NA
0.18
0.3
NA
NA
NA
NA
NA
NA
NA
NA
NA
0.224
0.489
NA
0.204
NA
NA
NA
NA
0.204
0.309
NA
0.261
0.173
0.296
0.284
NA
NA
NA
NA
0.078
NA
NA
0.218
0.309
NA
NA
0.236
NA
NA
NA
NA
0.641
0.214
0.19
NA
NA
NA
NA
NA
NA
NA
NA
0.46
0.257
NA
0.336
0.583
0.314
NA
0.349
NA
NA
NA
NA
NA
0.23
NA
0.23
0.036
0.136
NA
NA
0.193
NA
NA
NA
NA
0.217
0.151
0.288
0.362
0.18
0.127
NA
NA
NA
NA
NA
NA
0.256
0.628
0.169
0.256
0.258
NA
NA
NA
0.234
NA
0.394
NA
NA
NA
NA
NA
NA
NA
NA
NA
NA
0.154
0.473
NA
0.289
NA
NA
0.172
NA
NA
NA
NA
NA
NA
NA
NA
0.23
0.137
0.278
NA
NA
NA
0.406
0.102
NA
NA
NA
NA
NA
NA
NA
NA
NA
0.357
0.396
NA
NA
NA
NA
NA
0.74
0.111
NA
NA
NA
NA
NA
NA
NA
0.146
0.157
NA
0.366
NA
NA
NA
0.271
0.253
NA
0.233
NA
NA
NA
NA
NA
NA
0.337
NA
NA
0.287
0.337
NA
NA
NA
0.132
NA
NA
0.251
NA
0.351
NA
NA
NA
NA
NA
NA
NA
NA
NA
NA
NA
0.296
NA
NA
NA
NA
NA
NA
NA
NA
NA
NA
NA
0.278
NA
NA
NA
NA
NA
0.329
0.224
NA
0.155
NA
NA
0.281
NA
0.143
NA
NA
NA
NA
NA
NA
NA
NA
NA
NA
0.2
0.263
0.101
0.296
0.364
NA
NA
NA
0.252
0.211
0.491
0.429
0.225
0.243
NA
NA
NA
NA
0.349
0.2
NA
NA
NA
NA
NA
NA
NA
NA
1
0.271
0.601
NA
NA
NA
0.409
NA
NA
NA
0.57
0.448
0.058
NA
0.34
0.201
NA
NA
0.251
NA
NA
NA
NA
NA
NA
NA
NA
NA
NA
NA
NA
NA
NA
NA
NA
NA
0.114
0.329
NA
NA
NA
NA
0.191
0.354
NA
NA
NA
NA
NA
NA
NA
NA
NA
NA
NA
NA
0.144
NA
NA
0.31
0.493
NA
NA
NA
NA
NA
NA
NA
0.234
0.323
0.351
NA
NA
NA
NA
NA
NA
NA
NA
NA
0.342
NA
NA
NA
NA
NA
0.314
0.174
NA
NA
NA
NA
NA
NA
NA
NA
NA
NA
NA
NA
NA
NA
NA
NA
NA
NA
0.261
0.26
0.136
NA
NA
NA
NA
NA
NA
0.202
NA
0.064
NA
NA
NA
NA
NA
NA
NA
NA
NA
0.162
NA
NA
NA
NA
0.374
NA
NA
NA
NA
NA
NA
NA
NA
NA
NA
0.375
0.51
NA
NA
NA
NA
NA
NA
NA
NA
NA
NA
NA
0.268
NA
NA
NA
NA
NA
NA
NA
NA
NA
NA
NA
NA
NA
NA
NA
NA
NA
NA
NA
NA
NA
NA
NA
NA
0.151
NA
NA
NA
NA
NA
NA
NA
NA
NA
NA
NA
NA
NA
NA
NA
NA
NA
NA
NA
NA
NA
0.389
0.554
NA
NA
NA
NA
0.292
NA
NA
NA
NA
NA
NA
NA
NA
NA
0.364
NA
NA
NA
NA
NA
NA
NA
NA
NA
NA
NA
NA
NA
NA
NA
NA
0.177
0.252
NA
0.191
NA
NA
NA
NA
NA
NA
NA
NA
NA
NA
NA
NA
NA
NA
0.056
NA
0.327
NA
NA
NA
NA
NA
NA
NA
0.087
NA
NA
NA
NA
0.267
0.069
NA
NA
NA
NA
0.157
NA
NA
NA
NA
NA
NA
NA
NA
NA
NA
NA
NA
NA
NA
NA
NA
NA
NA
0.333
NA
NA
NA
NA
NA
NA
NA
NA
NA
NA
NA
NA
NA
NA
NA
0.219
NA
0.432
0.073
NA
NA
NA
NA
NA
NA
NA
NA
0.152
0.428
NA
NA
NA
NA
NA
NA
NA
NA
NA
NA
NA
NA
NA
NA
NA
NA
NA
NA
NA
NA
NA
NA
NA
NA
NA
NA
0.278
NA
NA
NA
NA
NA
NA
NA
NA
NA
0.383
NA
NA
NA
NA
NA
NA
NA
NA
NA
NA
NA
NA
NA
NA
NA
NA
NA
NA
NA
NA
NA
0.422
NA
NA
NA
NA
NA
NA
NA
NA
NA
NA
NA
NA
NA
NA
NA
0.181
NA
NA
NA
NA
NA
NA
NA
NA
0.233
0.146
NA
NA
NA
NA
NA
NA
NA
NA
NA
0.191
0.383
0.477
NA
NA
NA
NA
NA
NA
NA
NA
NA
NA
NA
NA
NA
NA
NA
NA
NA
NA
NA
NA
NA
NA
NA
NA
NA
NA
NA
NA
NA
NA
NA
NA
NA
NA
NA
NA
NA
NA
0.259
NA
0.13
NA
NA
NA
NA
NA
NA
NA
NA
NA
NA
NA
NA
NA
NA
NA
NA
0.207
NA
NA
NA
NA
0.177
0.386
NA
NA
0.44
NA
NA
NA
NA
NA
NA
NA
NA
0.232
0.244
NA
NA
NA
NA
NA
NA
0.224
0.159
NA
NA
NA
NA
NA
NA
NA
NA
NA
NA
NA
0.173
0.489
NA
0.162
NA
NA
NA
NA
0.565
NA
NA
NA
NA
NA
NA
NA
NA
NA
NA
NA
NA
NA
NA
NA
NA
NA
NA
NA
NA
NA
NA
NA
NA
0.107
0.356
0.428
0.159
0.236
NA
NA
NA
NA
NA
NA
NA
0.375
0.249
0.217
NA
NA
0.196
NA
0.311
NA
NA
NA
NA
NA
NA
NA
NA
NA
NA
0.295
0.299
NA
NA
NA
0.275
NA
NA
NA
NA
NA
NA
NA
NA
NA
NA
NA
NA
NA
NA
NA
NA
NA
NA
NA
NA
NA
0.263
NA
0.268
NA
NA
NA
NA
NA
NA
NA
NA
NA
NA
NA
NA
NA
NA
0.27
0.303
NA
NA
NA
NA
0.222
NA
NA
NA
NA
NA
0.261
0.124
0.172
NA
NA
NA
NA
NA
NA
NA
0.161
NA
NA
NA
NA
NA
NA
0.386
0.243
NA
NA
NA
NA
NA
NA
0.382
NA
NA
NA
NA
NA
NA
NA
NA
NA
0.215
0.267
NA
NA
NA
NA
NA
0.354
0.275
NA
NA
NA
0.203
0.217
NA
NA
NA
0.176
0.609
0.083
NA
NA
0.274
NA
NA
NA
NA
NA
NA
NA
NA
0.184
NA
0.214
NA
NA
NA
NA
NA
NA
NA
NA
NA
0.331
NA
NA
NA
NA
NA
0.404
NA
NA
NA
NA
NA
NA
NA
NA
0.191
0.164
0.426
0.405
0.488
NA
NA
NA
NA
NA
NA
NA
NA
NA
NA
NA
0.09
NA
NA
NA
NA
NA
NA
NA
NA
NA
NA
0.091
0.388
NA
NA
NA
NA
NA
NA
0.122
0.231
NA
0.057
NA
NA
NA
NA
0.185
NA
0.319
NA
NA
0.128
NA
0.428
NA
NA
NA
0.361
NA
NA
NA
NA
0.082
0.127
NA
NA
NA
NA
NA
NA
NA
NA
NA
NA
0.394
NA
NA
NA
NA
NA
NA
NA
NA
0.329
0.167
0.305
NA
NA
0.114
NA
NA
0.186
NA
NA
NA
0.342
NA
NA
NA
NA
NA
NA
NA
NA
NA
NA
NA
NA
NA
NA
NA
0.072
NA
0.394
0.306
NA
NA
NA
NA
NA
0.072
NA
0.322
NA
0.224
NA
NA
NA
NA
0.209
0.37
NA
NA
0.341
NA
0.368
NA
NA
0.345
NA
NA
NA
NA
NA
0.175
0.478
NA
NA
NA
0.215
NA
0.385
0.279
NA
NA
NA
NA
NA
NA
NA
NA
0.304
NA
NA
0.373
NA
NA
NA
NA
NA
NA
NA
NA
NA
0.23
NA
NA
NA
NA
0.676
0.423
NA
NA
NA
NA
0.231
0.635
0.156
NA
0.317
0.196
0.215
NA
NA
0.383
NA
NA
NA
NA
NA
0.198
0.207
0.14
NA
NA
NA
NA
NA
NA
0.155
NA
NA
0.273
0.375
NA
NA
NA
NA
NA
NA
NA
0.239
NA
NA
NA
NA
NA
0.156
0.46
NA
NA
NA
NA
NA
NA
0.421
NA
0.36
NA
NA
NA
NA
0.159
NA
NA
NA
NA
NA
0.076
0.256
NA
0.128
NA
NA
NA
NA
NA
0.373
NA
NA
NA
NA
NA
NA
NA
NA
NA
NA
0.511
0.137
NA
NA
NA
0.409
NA
NA
NA
NA
NA
NA
NA
NA
NA
NA
NA
NA
NA
NA
NA
0.306
NA
NA
NA
NA
NA
NA
NA
NA
0.237
NA
NA
NA
NA
0.192
NA
0.242
0.398
NA
NA
NA
NA
NA
NA
NA
NA
NA
NA
NA
0.33
NA
NA
0.352
NA
NA
NA
NA
0.191
NA
NA
NA
NA
NA
NA
0.249
NA
NA
NA
NA
NA
NA
NA
0.181
0.491
NA
NA
NA
NA
NA
NA
NA
NA
NA
NA
NA
NA
NA
NA
NA
NA
NA
NA
NA
NA
NA
NA
NA
NA
NA
0.361
NA
NA
NA
NA
NA
NA
0.214
NA
NA
NA
NA
NA
NA
NA
NA
0.32
NA
NA
0.303
NA
NA
0.304
0.325
NA
NA
NA
NA
NA
NA
0.171
NA
NA
NA
0.233
0.295
NA
0.393
NA
NA
NA
NA
NA
0.369
0.47
NA
NA
NA
NA
0.049
0.163
0.372
0.334
NA
NA
0.192
0.215
0.263
NA
NA
NA
0.178
0.265
NA
0.361
NA
NA
NA
0.182
NA
NA
NA
NA
NA
NA
NA
NA
NA
NA
NA
0.358
NA
NA
NA
0.212
0.324
NA
NA
NA
NA
0.477
NA
NA
NA
NA
0.312
0.306
NA
NA
NA
NA
NA
NA
0.142
NA
0.236
NA
NA
NA
NA
NA
NA
0.228
NA
NA
NA
NA
0.161
NA
NA
NA
NA
NA
NA
NA
NA
0.676
NA
0.851
0.367
NA
NA
NA
0.126
NA
NA
NA
NA
NA
NA
NA
NA
0.097
NA
NA
NA
NA
NA
NA
0.126
0.314
NA
NA
NA
0.114
NA
NA
NA
NA
NA
NA
0.222
NA
0.501
NA
NA
NA
0.398
0.226
NA
NA
NA
NA
0.187
0.221
0.338
NA
0.456
0.596
NA
NA
NA
NA
NA
NA
NA
NA
NA
NA
NA
NA
NA
NA
NA
0.098
NA
0.387
NA
NA
NA
NA
NA
0.274
NA
NA
NA
0.47
0.247
NA
0.147
NA
NA
0.122
0.3
NA
NA
NA
0.15
NA
NA
NA
NA
NA
NA
0.187
0.159
0.239
NA
NA
NA
NA
NA
0.163
0.323
0.329
0.315
0.284
NA
NA
NA
0.248
NA
NA
NA
NA
NA
NA
0.229
NA
0.122
0.059
0.146
0.267
NA
NA
0.084
NA
0.241
NA
NA
NA
NA
0.077
NA
NA
0.329
NA
NA
NA
NA
NA
NA
NA
NA
0.263
0.248
NA
NA
NA
NA
NA
0.156
NA
0.247
NA
0.334
0.227
0.361
0.256
NA
0.209
NA
NA
NA
0.195
0.377
NA
0.267
0.208
NA
NA
NA
NA
NA
NA
NA
0.296
NA
NA
0.324
NA
0.228
NA
NA
NA
NA
0.235
0.118
NA
NA
NA
NA
0.213
NA
NA
NA
NA
NA
NA
NA
NA
NA
0.346
NA
0.208
0.164
NA
NA
NA
0.208
0.127
NA
NA
0.164
0.28
NA
0.221
NA
0.34
0.173
NA
0.255
NA
0.352
0.271
0.383
0.267
0.469
NA
NA
NA
0.509
0.336
0.235
NA
NA
0.22
0.08
NA
NA
NA
0.15
NA
0.268
NA
NA
NA
NA
NA
NA
NA
NA
0.136
NA
0.373
0.217
NA
NA
NA
NA
NA
NA
NA
NA
NA
0.189
NA
0.295
0.323
NA
NA
NA
0.266
NA
0.389
0.161
NA
NA
NA
0.115
NA
0.246
NA
NA
0.446
0.358
NA
NA
0.223
0.339
0.207
0.295
0.332
NA
0.418
NA
NA
NA
NA
NA
NA
NA
NA
NA
NA
NA
0.942
NA
NA
NA
NA
0.283
NA
NA
NA
NA
NA
0.512
0.267
NA
NA
NA
NA
NA
NA
0.297
0.244
0.162
NA
NA
0.22
NA
NA
NA
0.249
0.155
NA
NA
NA
NA
NA
NA
NA
NA
NA
0.357
NA
0.294
0.106
NA
NA
0.396
NA
0.291
NA
NA
NA
NA
NA
0.254
NA
0.145
NA
0.067
NA
0.067
0.022
NA
0.203
NA
NA
NA
NA
0.294
NA
0.205
0.328
0.439
NA
0.147
NA
NA
NA
NA
NA
0.368
0.166
NA
NA
NA
NA
0.265
NA
0.374
NA
NA
NA
0.326
NA
NA
NA
NA
NA
NA
NA
NA
NA
NA
NA
NA
NA
0.333
NA
NA
NA
NA
NA
NA
NA
NA
NA
NA
NA
NA
0.041
NA
NA
NA
NA
NA
NA
NA
0.17
0.25
0.232
NA
NA
NA
0.418
NA
NA
NA
NA
0.15
NA
NA
0.181
NA
NA
NA
NA
NA
NA
NA
NA
NA
NA
NA
NA
NA
NA
NA
NA
NA
NA
NA
0.137
NA
0.375
NA
NA
NA
NA
NA
NA
NA
NA
NA
NA
NA
NA
0.212
NA
NA
NA
NA
NA
NA
0.366
NA
NA
NA
NA
NA
NA
NA
NA
NA
NA
NA
0.245
0.329
NA
0.326
NA
0.137
NA
0.429
0.411
NA
0.331
NA
NA
NA
NA
NA
0.456
0.22
NA
NA
NA
NA
0.265
0.249
0.245
NA
NA
0.826
0.152
NA
0.286
NA
0.469
NA
NA
NA
0.368
NA
0.535
0.406
NA
0.253
NA
NA
0.271
0.241
0.291
0.148
0.218
NA
NA
0.144
0.139
NA
NA
NA
NA
NA
0.475
NA
NA
NA
NA
NA
NA
NA
NA
NA
0.175
0.2
NA
NA
NA
NA
NA
NA
0.312
0.237
0.218
NA
NA
NA
0.181
NA
0.299
NA
0.319
0.313
NA
0.194
NA
NA
0.565
0.422
NA
0.456
NA
0.362
NA
0.425
NA
0.577
0.307
NA
NA
0.27
NA
NA
NA
NA
NA
0.155
NA
0.084
0.204
0.253
0.196
0.329
0.351
NA
0.257
0.203
0.297
NA
NA
NA
NA
0.248
NA
0.38
0.19
0.276
NA
NA
NA
NA
NA
NA
NA
NA
NA
NA
NA
NA
NA
NA
NA
0.169
NA
NA
0.338
NA
NA
NA
NA
NA
NA
NA
NA
0.174
0.191
NA
NA
NA
NA
NA
NA
NA
NA
NA
NA
NA
0.261
0.224
0.267
0.209
NA
NA
NA
0.025
NA
NA
NA
NA
NA
NA
0.276
NA
NA
0.175
NA
NA
NA
0.344
0.391
0.211
0.121
NA
NA
NA
NA
NA
NA
NA
NA
NA
NA
NA
NA
NA
NA
NA
NA
NA
NA
NA
NA
NA
NA
NA
NA
NA
NA
NA
0.197
NA
NA
NA
NA
NA
NA
NA
NA
NA
NA
NA
NA
NA
0.387
NA
NA
NA
NA
NA
NA
NA
NA
NA
NA
0.097
NA
0.288
NA
NA
NA
NA
NA
NA
NA
NA
NA
NA
NA
NA
NA
NA
0.202
NA
NA
NA
0.251
NA
NA
NA
NA
NA
NA
NA
NA
NA
NA
NA
NA
0.258
0.15
0.16
NA
NA
NA
0.29
NA
NA
NA
NA
NA
NA
NA
0.145
0.102
0.112
0.251
NA
NA
NA
NA
NA
NA
NA
NA
0.113
NA
NA
NA
NA
0.334
NA
NA
NA
NA
NA
NA
0.354
0.232
NA
NA
0.314
NA
NA
NA
NA
NA
NA
NA
NA
NA
NA
NA
NA
0.272
NA
NA
NA
NA
0.477
NA
0.284
0.149
NA
0.203
NA
0.323
NA
NA
0.209
0.171
0.235
NA
0.156
0.152
0.463
0.409
NA
NA
NA
0.228
0.259
NA
NA
NA
NA
NA
NA
NA
NA
NA
NA
NA
NA
NA
NA
NA
0.13
NA
NA
0.214
0.302
NA
0.678
0.362
NA
NA
NA
NA
0.378
NA
NA
NA
NA
0.186
NA
NA
NA
NA
NA
NA
NA
NA
NA
NA
0.295
0.122
NA
NA
NA
NA
NA
NA
NA
NA
NA
NA
0.095
NA
0.092
0.156
NA
NA
0.382
NA
NA
NA
0.375
NA
NA
NA
NA
NA
NA
NA
NA
NA
NA
NA
NA
NA
NA
NA
NA
NA
NA
NA
0.412
NA
NA
NA
NA
NA
NA
NA
NA
NA
NA
NA
NA
NA
NA
NA
0.207
NA
0.394
NA
NA
0.357
NA
NA
NA
NA
0.185
0.294
NA
0.267
0.248
NA
NA
NA
0.182
NA
NA
NA
NA
NA
NA
0.16
NA
0.221
0.404
0.265
NA
0.235
NA
0.077
NA
NA
NA
NA
NA
NA
NA
NA
NA
NA
NA
NA
0.227
0.2
NA
NA
NA
0.462
NA
NA
0.204
0.185
NA
0.355
NA
NA
NA
0.302
NA
NA
NA
NA
NA
NA
NA
NA
NA
NA
0.567
0.215
0.174
0.268
NA
NA
NA
NA
NA
0.246
NA
NA
NA
NA
NA
NA
0.387
NA
NA
NA
NA
NA
0.188
0.189
0.213
0.127
NA
NA
NA
NA
NA
NA
NA
NA
0.166
0.243
NA
NA
0.249
NA
NA
0.289
NA
0.203
NA
0.186
0.173
0.129
NA
NA
NA
NA
NA
NA
NA
0.167
NA
0.204
1
0.232
NA
NA
NA
NA
NA
NA
NA
NA
0.207
1
0.347
NA
0.237
NA
NA
NA
0.171
0.15
NA
0.243
NA
0.194
NA
0.207
NA
NA
NA
NA
0.117
NA
NA
NA
NA
NA
NA
NA
NA
NA
NA
NA
0.282
0.259
NA
0.344
0.205
NA
0.18
0.086
0.166
NA
NA
NA
NA
NA
NA
NA
NA
NA
0.348
NA
NA
NA
NA
0.18
NA
NA
NA
NA
NA
0.251
NA
0.201
0.322
NA
NA
0.083
0.053
NA
NA
NA
NA
0.268
NA
0.137
NA
NA
NA
0.221
NA
0.409
NA
NA
NA
NA
NA
NA
NA
NA
0.338
NA
0.644
0.184
NA
0.243
0.135
0.199
0.166
NA
0.19
NA
0.568
NA
NA
NA
0.272
NA
0.082
NA
NA
NA
NA
NA
0.427
NA
NA
NA
NA
0.225
0.334
0.214
0.238
NA
0.43
0.271
0.129
NA
NA
0.168
0.497
0.497
NA
NA
NA
NA
0.249
0.221
NA
0.151
NA
NA
NA
NA
NA
0.258
0.503
NA
NA
NA
0.265
0.22
NA
0.225
NA
NA
NA
NA
NA
0.31
0.28
0.412
0.352
NA
NA
NA
NA
NA
NA
NA
0.388
0.308
0.349
NA
0.25
NA
0.328
0.164
NA
NA
NA
NA
NA
NA
NA
0.218
0.222
0.263
0.305
NA
0.363
NA
0.463
NA
NA
0.172
NA
NA
NA
0.193
NA
0.171
NA
0.225
0.334
0.57
0.214
0.732
0.556
0.875
NA
0.232
NA
NA
NA
0.139
0.156
NA
NA
0.47
0.192
NA
NA
NA
NA
NA
0.402
0.202
0.316
0.425
NA
NA
0.25
NA
NA
NA
0.184
0.391
0.214
NA
NA
0.468
0.281
0.089
NA
NA
NA
NA
NA
NA
NA
NA
NA
NA
NA
NA
0.444
NA
NA
NA
NA
0.212
NA
0.173
NA
0.248
NA
NA
NA
NA
NA
NA
NA
NA
NA
NA
NA
NA
NA
NA
NA
0.147
NA
0.102
0.277
0.394
NA
0.242
0.197
0.22
0.253
0.348
0.19
0.143
0.558
NA
NA
0.305
NA
NA
NA
0.116
NA
NA
NA
NA
NA
NA
NA
NA
0.167
NA
NA
0.293
NA
0.115
NA
NA
NA
NA
NA
NA
NA
NA
0.235
NA
NA
0.431
0.258
0.408
0.182
0.157
0.306
NA
0.477
0.328
0.234
NA
0.26
NA
NA
0.135
0.204
0.12
0.398
0.578
0.19
NA
NA
NA
NA
NA
NA
NA
NA
NA
NA
NA
NA
NA
NA
NA
NA
NA
0.136
0.288
0.261
NA
0.304
0.222
NA
NA
NA
NA
NA
NA
NA
0.827
0.166
NA
NA
0.401
0.234
0.35
NA
0.423
0.386
0.328
NA
0.373
NA
NA
NA
NA
NA
NA
0.35
0.647
0.339
0.374
0.405
0.389
NA
NA
NA
NA
0.348
0.282
NA
0.201
0.195
NA
NA
0.195
NA
NA
0.107
0.166
NA
0.1
0.21
0.221
0.409
NA
0.32
0.46
0.349
NA
0.356
NA
0.481
0.326
0.308
0.342
NA
NA
NA
NA
0.206
0.348
0.217
0.692
0.247
0.203
0.211
NA
0.345
0.369
0.104
0.21
0.133
0.199
NA
NA
NA
NA
NA
NA
0.352
0.437
NA
0.499
0.228
0.404
NA
0.612
0.386
0.17
0.323
0.151
NA
NA
NA
NA
NA
0.366
0.68
0.166
NA
NA
0.198
0.256
0.159
0.325
NA
0.134
NA
0.142
NA
NA
NA
NA
NA
NA
NA
NA
NA
0.439
NA
NA
NA
NA
NA
0.425
0.461
NA
0.158
0.14
0.09
0.054
0.047
0.286
0.222
0.158
NA
0.278
0.181
0.192
NA
0.162
0.287
0.102
0.042
0.148
NA
NA
NA
0.433
NA
NA
NA
NA
NA
0.124
0.25
0.237
0.256
0.238
NA
0.179
NA
NA
NA
NA
0.108
0.17
0.155
NA
0.181
0.229
NA
NA
NA
0.294
0.513
0.149
0.162
NA
0.282
NA
0.453
NA
NA
NA
NA
NA
NA
NA
0.171
NA
NA
NA
0.335
0.305
NA
NA
NA
NA
0.241
0.19
NA
0.208
0.236
0.361
NA
NA
NA
NA
0.237
NA
NA
NA
NA
NA
0.156
0.135
NA
NA
NA
NA
0.189
NA
NA
NA
NA
NA
NA
NA
NA
NA
NA
NA
NA
NA
0.184
0.32
NA
0.267
NA
0.301
0.898
0.25
0.282
NA
NA
NA
NA
NA
NA
0.137
0.258
NA
NA
0.177
0.211
NA
NA
NA
NA
NA
NA
1
NA
NA
0.35
NA
0.451
0.268
0.123
NA
0.166
NA
NA
0.272
0.257
0.286
0.159
NA
0.224
NA
0.098
0.132
0.189
0.387
NA
0.732
0.069
NA
0.143
0.4
NA
0.318
0.156
0.31
NA
0.352
0.309
NA
NA
NA
NA
NA
0.2
NA
0.293
0.177
NA
NA
NA
0.267
0.215
NA
NA
NA
NA
NA
0.209
0.213
NA
NA
NA
0.308
NA
NA
NA
NA
0.117
0.149
NA
NA
NA
NA
0.191
NA
0.126
0.299
NA
NA
0.237
NA
0.291
0.225
NA
NA
NA
0.269
0.171
NA
NA
NA
NA
NA
NA
NA
NA
NA
NA
NA
NA
NA
0.404
NA
NA
NA
NA
0.122
NA
NA
NA
0.213
0.252
NA
0.258
NA
NA
NA
NA
NA
NA
NA
NA
NA
NA
NA
NA
NA
NA
NA
NA
0.336
NA
NA
0.503
NA
NA
NA
0.253
0.245
0.419
NA
0.258
NA
0.16
0.329
NA
0.382
0.47
0.414
NA
NA
NA
NA
NA
0.058
NA
0.405
NA
NA
NA
NA
NA
NA
NA
NA
NA
NA
NA
NA
NA
0.27
NA
NA
NA
NA
NA
NA
NA
NA
NA
NA
NA
NA
0.171
NA
NA
NA
0.374
NA
NA
0.175
0.172
0.411
NA
0.497
NA
NA
NA
NA
NA
NA
NA
NA
0.202
0.173
NA
NA
NA
NA
NA
NA
NA
NA
NA
NA
NA
NA
NA
NA
NA
NA
0.462
NA
0.026
NA
NA
NA
NA
NA
NA
NA
NA
NA
NA
NA
NA
NA
NA
NA
NA
0.226
NA
NA
NA
NA
NA
NA
NA
NA
NA
NA
NA
NA
NA
NA
NA
NA
NA
NA
NA
NA
NA
NA
0.162
NA
NA
NA
NA
0.8
0.302
0.427
NA
NA
0.097
NA
NA
NA
NA
0.394
NA
NA
0.273
0.213
NA
0.18
0.236
NA
NA
0.175
NA
NA
0.385
NA
NA
NA
0.202
0.405
NA
NA
NA
NA
NA
NA
0.449
0.357
0.21
NA
NA
NA
0.108
NA
NA
NA
NA
NA
NA
NA
NA
NA
0.359
NA
NA
NA
NA
NA
NA
NA
NA
NA
NA
NA
NA
NA
NA
NA
NA
NA
NA
NA
NA
NA
NA
0.441
NA
NA
NA
NA
NA
NA
NA
NA
NA
NA
NA
NA
NA
NA
NA
NA
NA
NA
NA
NA
0.313
NA
0.286
0.144
0.232
NA
NA
NA
NA
NA
NA
NA
NA
NA
NA
NA
0.158
NA
0.244
NA
NA
0.35
NA
NA
NA
NA
NA
NA
NA
NA
NA
NA
NA
NA
NA
NA
0.418
NA
NA
NA
NA
NA
NA
NA
NA
NA
NA
NA
NA
NA
NA
0.2
NA
NA
NA
NA
NA
NA
NA
NA
NA
NA
NA
NA
NA
NA
NA
NA
NA
NA
NA
NA
NA
NA
NA
NA
NA
NA
0.288
NA
NA
NA
NA
NA
NA
NA
NA
NA
NA
NA
NA
NA
NA
NA
NA
NA
NA
NA
NA
NA
NA
0.343
NA
NA
NA
NA
NA
NA
NA
NA
NA
NA
0.358
0.316
0.281
NA
0.379
NA
NA
NA
NA
NA
NA
0.164
NA
NA
NA
NA
NA
NA
NA
NA
NA
NA
NA
NA
NA
NA
NA
NA
NA
0.222
0.184
NA
NA
NA
NA
0.129
NA
NA
NA
0.224
NA
NA
NA
NA
NA
NA
NA
NA
NA
NA
NA
NA
NA
NA
0.141
NA
0.205
NA
NA
NA
NA
NA
NA
NA
NA
NA
NA
NA
NA
NA
0.238
0.409
NA
NA
NA
NA
NA
NA
NA
NA
NA
NA
NA
NA
NA
NA
NA
NA
NA
NA
NA
NA
0.135
NA
NA
NA
NA
NA
NA
NA
NA
NA
NA
NA
NA
NA
NA
NA
NA
NA
NA
NA
NA
NA
NA
NA
NA
NA
NA
NA
NA
NA
0.197
NA
NA
0.158
0.109
NA
0.29
NA
NA
NA
NA
NA
NA
NA
NA
NA
NA
NA
NA
NA
0.278
NA
NA
NA
NA
NA
0.308
NA
NA
NA
NA
NA
NA
NA
NA
NA
0.126
NA
NA
NA
NA
NA
NA
NA
NA
NA
NA
NA
NA
NA
NA
NA
NA
NA
NA
NA
NA
NA
NA
NA
NA
NA
NA
NA
NA
NA
NA
NA
NA
NA
NA
NA
NA
NA
NA
NA
NA
NA
NA
0.284
NA
NA
NA
NA
NA
NA
NA
NA
NA
NA
NA
NA
NA
NA
NA
0.409
0.311
NA
0.225
NA
0.316
NA
0.268
NA
0.171
NA
NA
NA
NA
NA
NA
NA
NA
0.376
0.139
0.178
NA
NA
NA
NA
NA
NA
0.117
NA
NA
NA
NA
NA
NA
NA
NA
NA
NA
NA
NA
0.259
NA
NA
NA
NA
NA
NA
NA
NA
NA
NA
NA
NA
NA
NA
NA
NA
NA
NA
NA
NA
NA
NA
NA
NA
NA
NA
NA
NA
NA
NA
NA
NA
NA
NA
NA
NA
NA
NA
NA
NA
NA
NA
NA
NA
NA
NA
NA
NA
NA
0.144
0.116
0.218
NA
NA
NA
NA
NA
NA
NA
NA
NA
NA
NA
NA
NA
NA
NA
NA
NA
NA
NA
NA
NA
NA
NA
NA
NA
NA
NA
NA
NA
NA
NA
NA
0.325
0.14
0.245
0.329
NA
NA
NA
NA
NA
NA
NA
NA
NA
NA
NA
NA
NA
NA
NA
NA
NA
NA
NA
NA
NA
NA
NA
NA
NA
NA
NA
NA
NA
NA
NA
NA
NA
NA
NA
NA
NA
NA
NA
NA
NA
NA
NA
NA
NA
NA
NA
0.145
NA
NA
NA
NA
NA
NA
NA
NA
NA
NA
NA
NA
NA
NA
NA
0.526
0.513
NA
NA
NA
NA
NA
NA
NA
NA
NA
0.072
NA
0.183
NA
NA
NA
0.045
NA
NA
NA
NA
NA
NA
NA
NA
NA
NA
NA
NA
NA
NA
NA
NA
NA
NA
NA
NA
NA
NA
NA
NA
0.957
NA
NA
NA
0.198
NA
NA
NA
0.325
NA
NA
NA
NA
NA
NA
NA
NA
NA
NA
NA
NA
NA
NA
NA
NA
NA
NA
NA
NA
NA
0.261
NA
NA
NA
0.073
NA
NA
0.068
NA
NA
NA
NA
NA
NA
NA
NA
NA
NA
NA
NA
NA
NA
NA
NA
NA
NA
0.147
0.236
0.134
0.192
0.294
NA
NA
NA
NA
NA
0.123
0.253
NA
NA
NA
NA
NA
NA
NA
NA
NA
NA
NA
NA
NA
NA
NA
0.096
0.053
0.351
NA
NA
NA
NA
NA
NA
NA
NA
NA
NA
NA
NA
NA
NA
NA
NA
0.143
0.316
NA
NA
NA
NA
NA
0.088
NA
NA
NA
NA
NA
NA
NA
NA
NA
0.168
0.247
NA
NA
0.134
0.378
NA
NA
NA
NA
0.214
NA
NA
NA
NA
NA
NA
NA
NA
NA
NA
0.256
NA
NA
0.286
0.397
NA
NA
NA
NA
NA
NA
NA
NA
NA
NA
NA
NA
NA
NA
NA
0.317
0.281
NA
NA
0.222
NA
NA
NA
NA
NA
NA
NA
NA
NA
0.058
NA
NA
0.126
0.428
0.091
NA
0.267
0.375
NA
NA
NA
0.176
NA
NA
NA
NA
NA
NA
NA
NA
NA
NA
0.086
NA
NA
NA
NA
NA
NA
0.476
NA
NA
NA
NA
NA
NA
0.223
0.318
0.275
NA
NA
NA
0.221
NA
NA
NA
NA
NA
NA
0.3
0.291
NA
0.129
0.188
NA
0.244
NA
NA
0.319
NA
NA
NA
0.409
NA
0.258
0.116
0.277
NA
NA
NA
NA
NA
NA
NA
NA
NA
NA
NA
0.202
NA
NA
NA
NA
NA
NA
0.259
0.154
0.273
0.215
NA
NA
NA
NA
NA
NA
NA
NA
NA
NA
NA
NA
NA
NA
NA
NA
NA
0.448
NA
NA
NA
NA
NA
NA
NA
NA
NA
NA
NA
NA
NA
NA
NA
NA
NA
NA
0.166
NA
0.058
NA
NA
NA
0.323
NA
0.209
NA
NA
NA
NA
NA
NA
0.148
NA
NA
NA
NA
NA
0.33
0.366
NA
0.291
NA
NA
NA
NA
0.169
NA
NA
NA
0.336
NA
NA
NA
NA
NA
NA
NA
NA
NA
NA
NA
0.236
0.279
NA
NA
NA
0.216
NA
NA
NA
NA
NA
NA
NA
NA
0.416
NA
0.119
NA
0.106
NA
NA
NA
NA
NA
NA
NA
NA
NA
NA
NA
NA
0.365
NA
NA
NA
NA
NA
0.46
NA
NA
NA
0.2
NA
NA
NA
0.193
NA
NA
NA
0.346
NA
NA
NA
0.527
0.138
NA
0.251
0.169
0.394
NA
0.214
0.275
0.236
NA
0.299
NA
NA
NA
NA
NA
0.312
0.237
NA
NA
0.164
NA
NA
NA
NA
NA
0.548
0.449
NA
NA
NA
NA
NA
NA
NA
0.259
NA
0.497
NA
0.237
0.319
0.41
NA
NA
NA
0.381
0.266
NA
0.483
0.206
NA
NA
0.217
NA
NA
NA
0.363
NA
NA
NA
NA
NA
NA
NA
NA
NA
NA
NA
NA
NA
0.294
NA
NA
NA
NA
NA
NA
NA
NA
NA
NA
0.169
0.1
NA
NA
NA
0.145
0.524
0.105
NA
0.139
NA
NA
0.24
NA
NA
NA
0.417
0.266
0.512
NA
NA
NA
NA
NA
NA
NA
0.4
NA
NA
0.168
NA
0.188
NA
NA
NA
NA
NA
0.323
NA
NA
NA
0.252
0.574
0.406
0.124
0.117
NA
NA
NA
NA
NA
0.356
0.271
NA
NA
0.155
0.265
0.274
NA
NA
NA
NA
NA
NA
0.34
1
0.119
0.133
NA
NA
0.272
0.359
NA
0.736
NA
NA
NA
0.317
1
0.022
NA
NA
NA
0.182
0.56
NA
NA
NA
0.162
NA
0.186
0.228
NA
NA
NA
NA
NA
NA
NA
0.251
0.177
0.267
NA
NA
0.234
0.133
NA
NA
0.134
NA
0.152
0.42
0.473
NA
0.408
NA
0.261
0.438
NA
0.132
NA
NA
NA
NA
0.21
NA
0.244
NA
1
NA
NA
NA
NA
NA
0.307
NA
NA
NA
NA
NA
NA
NA
NA
NA
NA
0.187
0.083
0.151
0.213
0.065
NA
NA
NA
NA
0.167
NA
NA
NA
NA
NA
NA
NA
NA
NA
NA
NA
NA
0.203
0.243
NA
NA
NA
NA
0.322
0.225
0.256
0.424
0.369
0.325
0.106
NA
NA
0.136
0.231
NA
0.235
0.43
NA
NA
NA
NA
NA
NA
NA
0.118
0.123
NA
0.313
NA
NA
0.139
NA
NA
0.122
0.358
0.511
NA
NA
0.17
0.276
0.151
0.046
NA
NA
0.447
NA
0.373
NA
0.437
NA
NA
NA
NA
NA
NA
0.196
NA
0.347
NA
0.381
NA
NA
NA
NA
NA
NA
NA
NA
NA
0.316
NA
0.173
0.487
NA
0.215
0.388
0.598
0.535
NA
NA
NA
0.144
0.397
NA
NA
NA
0.114
NA
0.132
0.045
NA
NA
0.29
0.275
0.499
0.17
0.685
NA
0.117
NA
NA
NA
NA
NA
NA
NA
NA
0.86
0.102
0.099
NA
NA
NA
0.189
0.208
NA
0.179
NA
NA
NA
0.258
NA
0.228
NA
NA
NA
0.55
NA
NA
NA
NA
NA
0.33
NA
0.383
NA
0.473
NA
0.405
NA
NA
NA
NA
0.267
0.572
0.46
0.315
NA
NA
0.33
0.222
0.393
NA
NA
0.309
NA
NA
NA
NA
0.436
0.196
0.154
NA
NA
NA
NA
NA
NA
0.295
NA
0.233
0.465
0.191
NA
NA
0.187
0.337
NA
NA
0.539
0.356
NA
0.178
0.367
NA
0.563
0.522
0.186
0.218
NA
0.474
NA
NA
NA
0.27
0.244
NA
NA
0.297
NA
0.227
NA
0.149
NA
NA
NA
NA
NA
NA
NA
NA
NA
NA
NA
NA
0.111
NA
NA
NA
0.195
0.318
NA
0.281
NA
NA
0.345
NA
NA
NA
0.161
0.377
0.453
0.284
0.49
NA
NA
NA
NA
NA
NA
NA
0.317
0.281
NA
NA
0.036
0.087
0.383
NA
NA
NA
NA
NA
NA
NA
NA
NA
NA
0.221
0.175
NA
NA
NA
NA
NA
0.207
NA
NA
0.156
NA
NA
0.083
0.102
NA
NA
NA
NA
NA
NA
NA
NA
0.396
0.499
NA
0.555
NA
NA
NA
NA
NA
0.107
NA
NA
NA
NA
NA
NA
NA
NA
NA
NA
NA
0.234
NA
0.24
NA
NA
0.256
0.199
NA
NA
0.348
NA
NA
NA
NA
NA
NA
NA
NA
NA
NA
0.456
0.161
NA
NA
NA
0.42
NA
NA
NA
NA
NA
NA
0.184
NA
0.405
1
NA
NA
0.251
NA
NA
NA
NA
NA
NA
NA
NA
NA
NA
NA
NA
0.219
0.091
NA
NA
0.073
0.193
NA
NA
NA
NA
NA
NA
NA
NA
NA
NA
NA
NA
0.09
0.393
NA
NA
NA
NA
NA
0.216
0.262
NA
0.197
NA
NA
0.116
NA
NA
NA
0.19
NA
0.089
0.103
NA
0.276
NA
0.094
NA
NA
NA
0.169
0.206
NA
0.329
0.269
0.287
NA
NA
0.313
NA
NA
NA
0.159
NA
NA
NA
NA
0.41
0.587
NA
NA
NA
NA
NA
NA
NA
NA
NA
0.214
NA
0.394
NA
NA
0.251
NA
NA
NA
NA
NA
NA
NA
0.278
0.146
1
0.176
NA
NA
NA
NA
NA
NA
NA
NA
0.162
0.257
0.126
NA
0.778
NA
NA
NA
NA
0.409
NA
NA
NA
0.184
0.139
0.206
NA
NA
NA
NA
NA
NA
NA
NA
NA
NA
NA
0.203
NA
NA
NA
NA
NA
0.062
NA
0.068
NA
0.325
0.3
0.608
0.402
0.126
NA
0.363
0.382
0.197
NA
NA
NA
NA
NA
NA
0.352
NA
NA
NA
NA
NA
0.075
NA
0.436
NA
NA
0.376
0.172
NA
NA
NA
NA
NA
NA
NA
NA
NA
NA
NA
0.396
NA
0.198
NA
NA
NA
0.158
NA
NA
NA
NA
0.206
0.214
NA
NA
NA
0.179
NA
NA
NA
NA
NA
NA
NA
NA
NA
0.364
NA
0.269
NA
0.193
NA
0.219
0.403
0.313
NA
NA
NA
NA
NA
NA
NA
0.031
0.192
0.25
0.605
NA
0.437
NA
NA
NA
NA
NA
NA
NA
NA
NA
NA
0.373
NA
NA
NA
NA
0.106
NA
NA
NA
NA
NA
NA
NA
NA
NA
NA
0.369
0.189
NA
NA
NA
NA
NA
NA
0.389
0.335
NA
NA
NA
NA
NA
NA
NA
NA
NA
0.201
0.389
0.181
NA
NA
NA
NA
NA
NA
NA
NA
NA
NA
NA
NA
NA
NA
NA
0.141
NA
NA
NA
NA
0.14
NA
0.204
0.27
0.159
NA
NA
NA
NA
NA
NA
NA
NA
NA
NA
NA
NA
NA
NA
NA
NA
NA
NA
NA
NA
NA
NA
NA
NA
0.173
NA
NA
NA
0.25
NA
NA
NA
0.168
0.305
NA
NA
0.121
NA
0.406
NA
NA
NA
NA
NA
NA
NA
NA
NA
0.374
0.289
NA
NA
0.113
NA
NA
0.156
NA
NA
0.156
NA
NA
NA
NA
0.277
NA
NA
NA
0.167
NA
0.418
NA
NA
NA
NA
NA
0.297
NA
NA
NA
NA
NA
0.252
NA
NA
0.172
NA
NA
0.369
0.205
NA
NA
0.324
0.414
0.273
0.226
NA
NA
NA
0.332
NA
NA
NA
NA
NA
0.375
NA
0.323
0.139
NA
0.185
NA
NA
NA
NA
NA
0.22
NA
0.397
NA
NA
NA
0.361
0.147
NA
0.332
NA
NA
NA
NA
0.155
NA
0.439
NA
NA
NA
NA
0.358
0.226
NA
NA
NA
0.08
NA
0.07
NA
0.151
NA
NA
NA
NA
NA
NA
NA
NA
0.493
0.344
NA
0.301
NA
0.282
NA
NA
0.131
0.294
NA
NA
NA
NA
0.144
NA
NA
NA
NA
NA
NA
NA
0.545
NA
NA
NA
NA
0.383
NA
NA
NA
NA
NA
NA
NA
NA
NA
0.261
NA
NA
NA
0.301
NA
0.425
0.346
0.234
NA
NA
0.355
NA
0.109
NA
0.235
NA
NA
0.076
0.236
NA
0.567
NA
0.186
NA
NA
NA
NA
0.277
NA
0.313
NA
NA
NA
NA
0.415
NA
NA
NA
NA
NA
NA
0.221
0.254
NA
0.402
NA
NA
NA
0.113
NA
NA
NA
0.235
NA
NA
NA
0.282
NA
NA
0.226
NA
0.504
0.078
NA
NA
