0.754
NA
0.858
0.83
0.649
0.786
0.778
1
0.755
0.837
1
1
0.715
1
1
1
0.573
0.661
0.843
0.754
1
0.546
0.769
0.776
1
0.753
0.862
0.882
0.906
0.793
0.787
1
0.768
0.812
NA
NA
NA
NA
1
0.945
0.829
0.857
0.747
1
0.423
0.615
0.81
0.469
0.526
1
0.835
1
1
0.779
0.581
1
NA
0.487
0.725
0.857
0.687
0.743
0.72
0.85
NA
0.569
0.737
1
NA
NA
NA
NA
NA
NA
NA
NA
NA
NA
0.726
0.791
0.925
0.976
0.897
0.812
0.673
0.689
1
0.898
0.745
0.808
NA
0.808
1
0.808
0.818
0.57
0.756
0.731
1
1
1
1
1
1
1
1
1
0.825
NA
0.785
1
0.567
0.347
0.838
0.838
0.838
0.668
1
0.779
0.574
0.835
0.767
0.878
0.767
0.695
NA
0.987
0.842
1
0.786
NA
1
0.894
0.631
0.89
1
0.871
0.898
0.936
0.739
0.567
0.95
0.485
0.698
1
0.687
1
0.969
0.622
0.665
0.805
0.81
0.73
1
1
0.667
0.498
0.832
0.77
0.608
0.51
1
0.109
0.469
0.245
0.245
0.245
0.469
0.469
0.826
0.693
0.865
0.801
0.528
0.29
0.755
0.752
0.813
0.801
0.826
1
0.72
0.691
0.466
0.851
0.92
0.679
0.549
0.622
NA
NA
NA
1
0.894
0.783
0.497
1
1
1
0.779
0.813
0.864
1
0.849
0.793
0.759
0.738
NA
NA
NA
1
0.807
1
1
0.698
0.709
1
0.688
0.75
0.718
0.76
0.659
0.766
0.75
0.69
0.858
0.785
0.806
0.811
0.819
0.814
0.466
0.508
0.835
0.586
NA
1
0.869
0.751
0.607
0.781
0.564
NA
NA
0.745
0.902
0.714
0.437
0.616
0.887
0.77
0.782
0.704
NA
0.595
0.647
0.803
0.697
0.821
0.679
0.679
0.768
0.718
0.642
0.599
0.59
0.615
0.674
0.674
0.674
1
0.795
0.816
0.699
0.865
0.675
1
NA
NA
0.554
0.797
0.699
0.778
0.749
0.663
NA
1
0.77
0.789
0.902
0.714
1
0.54
0.784
1
0.747
0.742
0.686
0.745
0.775
0.52
0.152
0.679
0.898
0.786
NA
0.804
0.466
0.832
NA
0.849
0.787
0.76
0.777
0.523
NA
0.628
0.636
0.573
0.685
0.659
0.597
0.593
1
0.763
0.769
0.793
0.887
0.795
0.639
0.745
0.879
0.284
0.66
0.752
0.89
0.229
NA
0.835
1
1
1
0.644
0.867
0.484
0.811
0.659
NA
0.768
0.605
0.745
0.774
1
0.36
1
0.746
0.812
0.945
0.878
0.834
0.911
0.826
0.766
NA
0.68
0.518
0.623
0.613
NA
NA
NA
0.651
1
0.306
0.506
0.607
NA
0.695
0.813
0.816
0.829
0.721
0.554
1
0.597
1
0.669
0.845
0.781
0.609
0.737
1
0.556
0.579
0.781
1
0.681
1
0.841
0.557
0.857
0.899
1
1
0.582
0.703
0.713
0.627
0.863
0.949
0.809
0.877
1
0.926
0.869
1
0.685
1
0.559
1
0.664
0.682
0.864
0.79
1
NA
0.341
0.868
0.797
0.698
0.845
0.883
1
0.759
0.695
0.439
1
0.774
0.805
0.757
0.67
NA
0.713
NA
0.713
0.76
0.847
0.885
0.692
0.532
0.831
0.819
NA
NA
0.806
NA
0.889
NA
NA
1
1
1
1
1
1
0.939
0.52
0.603
0.809
0.709
0.58
0.64
0.618
0.595
0.667
0.764
0.482
0.496
0.584
0.501
0.635
0.677
0.551
0.683
0.829
0.613
NA
NA
0.343
0.696
1
0.718
0.767
0.514
0.906
0.842
0.901
0.869
0.831
1
NA
0.552
0.676
0.808
0.762
0.882
NA
0.96
0.973
NA
0.784
NA
0.577
0.723
0.389
NA
1
0.743
0.824
0.672
NA
0.618
0.737
1
0.947
0.553
NA
0.82
1
0.809
0.918
0.968
0.881
0.915
0.868
0.684
0.946
0.669
0.51
0.229
1
1
1
1
1
0.849
1
1
NA
0.852
0.735
0.823
0.767
0.553
0.758
0.779
0.74
0.715
0.852
0.698
0.747
0.85
0.565
1
0.655
0.753
0.654
0.842
0.65
0.709
0.705
0.737
0.818
0.718
0.564
0.653
0.702
0.74
0.865
0.484
NA
NA
NA
NA
0.594
0.76
0.938
0.825
0.846
0.749
0.754
0.757
0.874
0.824
0.576
1
1
0.899
0.214
1
0.607
1
0.698
1
0.667
NA
NA
NA
NA
NA
NA
NA
0.901
1
0.935
0.772
0.713
1
0.363
0.523
NA
1
0.803
0.593
1
0.909
0.501
0.678
0.83
0.604
0.956
1
0.604
0.476
0.499
0.594
1
1
0.527
0.662
0.409
0.561
0.544
0.648
0.644
0.549
0.648
1
NA
0.784
0.92
0.734
0.741
0.92
0.92
0.92
1
0.792
0.618
1
0.799
0.638
0.728
0.845
0.807
NA
NA
NA
NA
NA
NA
NA
1
0.697
0.937
0.846
1
0.846
0.762
0.81
0.838
0.888
0.678
1
0.605
1
0.669
0.805
0.744
0.69
0.604
1
1
1
1
1
0.809
0.857
0.819
0.798
0.676
0.945
0.312
0.691
0.743
0.654
0.687
0.722
0.643
0.422
0.894
1
1
0.718
0.762
0.73
0.534
0.671
0.547
0.843
NA
NA
1
1
0.777
0.889
0.615
0.78
0.757
0.674
0.768
0.814
0.706
0.714
0.92
0.834
0.74
0.77
1
0.754
0.71
0.703
0.818
0.769
0.838
0.696
0.712
0.616
0.944
0.712
0.555
0.68
0.636
0.751
0.695
0.893
0.712
0.724
0.68
0.712
0.572
NA
NA
NA
NA
1
0.806
0.851
0.839
0.703
0.822
0.689
0.71
0.877
0.831
0.886
0.941
0.713
0.578
0.791
0.853
0.758
0.671
0.759
0.741
1
0.722
0.66
NA
0.71
0.452
0.91
NA
0.759
0.912
1
NA
0.786
1
1
0.605
0.535
0.696
0.897
NA
NA
NA
NA
NA
NA
0.824
0.854
0.898
0.769
0.819
0.628
NA
NA
0.472
0.779
0.863
1
0.852
0.755
NA
0.716
0.654
0.641
0.715
NA
0.693
0.76
1
0.573
0.782
NA
0.956
1
1
0.604
0.811
1
0.703
0.757
NA
0.525
NA
0.67
0.477
1
0.869
0.685
1
0.731
0.608
0.597
0.244
0.593
0.269
NA
0.544
0.586
0.586
0.677
1
0.589
1
NA
1
0.556
0.838
0.731
0.78
0.79
0.836
0.779
0.602
NA
NA
NA
0.917
1
0.838
0.847
0.632
0.753
0.597
0.729
0.547
NA
0.893
0.831
0.96
0.785
0.827
0.901
0.828
0.82
0.776
1
0.673
0.835
NA
0.808
1
0.839
0.554
1
0.644
0.935
0.935
0.72
0.569
0.756
0.748
1
0.679
0.679
0.514
0.843
0.563
0.818
0.796
0.601
0.804
0.633
0.817
0.854
0.671
0.755
0.782
0.854
0.82
NA
0.783
NA
0.863
1
0.896
0.872
0.835
0.912
0.881
0.767
0.53
0.941
0.859
1
0.685
0.828
0.753
0.661
0.745
0.728
NA
1
0.832
1
0.702
1
0.766
0.741
NA
0.702
1
0.878
0.843
0.751
0.69
NA
0.877
0.779
0.707
1
0.735
1
0.749
0.702
0.727
0.787
0.812
0.519
0.763
0.771
0.926
0.732
1
0.796
0.899
0.899
0.884
0.691
NA
0.351
0.91
0.819
0.333
1
0.735
0.561
0.535
0.708
0.778
0.71
0.699
0.762
0.75
0.494
0.675
0.817
0.578
0.894
0.735
0.891
NA
1
0.565
0.596
0.561
0.837
0.748
0.632
NA
0.673
0.566
1
NA
NA
0.783
NA
NA
NA
0.694
0.854
NA
NA
NA
NA
NA
NA
1
0.794
1
0.754
0.848
0.875
0.832
0.737
0.818
NA
1
NA
0.726
1
0.839
0.823
0.897
0.774
0.701
0.748
0.674
1
0.545
0.726
0.859
0.732
0.703
0.755
0.671
0.738
0.696
0.76
0.76
0.843
0.719
1
0.749
0.666
0.473
0.601
1
0.621
0.791
0.655
0.754
0.743
0.811
0.659
0.707
0.841
0.841
NA
0.751
0.673
0.548
0.718
0.731
0.78
0.733
NA
0.727
NA
0.733
0.534
0.575
0.806
0.76
NA
NA
1
1
0.721
0.812
0.789
0.77
0.762
0.48
0.65
0.661
0.464
0.593
0.784
0.599
0.859
0.666
NA
NA
NA
NA
NA
0.829
0.847
0.748
0.746
0.812
0.809
0.815
0.753
0.84
0.83
0.747
0.755
0.801
1
NA
0.622
0.801
0.67
0.949
0.754
1
0.77
0.819
NA
NA
NA
NA
NA
NA
NA
NA
NA
NA
1
0.613
0.553
0.603
0.722
0.628
0.628
NA
1
0.421
0.576
0.565
0.437
0.496
NA
0.444
NA
0.567
NA
1
0.689
0.688
0.84
0.815
0.672
NA
0.689
NA
0.674
0.671
0.957
NA
NA
0.897
0.84
0.721
0.582
0.682
0.623
0.968
0.719
0.714
0.777
1
0.687
0.701
0.845
0.645
0.793
0.767
0.745
0.767
0.748
0.593
0.477
0.593
0.593
0.727
0.718
0.75
0.737
0.928
0.872
0.898
0.358
NA
0.884
0.711
1
0.756
NA
NA
0.786
0.798
0.816
0.849
0.809
0.873
0.675
NA
1
0.922
0.98
1
0.906
NA
1
NA
0.737
0.865
0.584
0.637
0.445
0.658
1
0.803
0.91
NA
NA
NA
1
0.784
NA
NA
0.778
0.764
0.762
0.794
NA
NA
1
0.371
0.589
0.614
0.491
NA
0.792
0.883
0.675
0.69
0.289
1
1
0.954
0.982
0.843
0.944
0.789
0.768
0.678
1
0.816
0.689
1
0.597
0.597
1
0.605
0.815
0.464
0.705
0.753
0.671
0.588
0.582
1
0.67
0.858
0.497
0.71
0.816
0.707
1
0.716
0.635
1
0.385
0.362
1
1
0.714
1
0.505
0.75
0.584
0.737
0.746
NA
1
NA
0.736
0.274
0.924
1
0.784
0.797
0.74
0.763
0.847
0.869
0.874
0.771
1
0.684
1
0.599
0.773
0.597
0.597
0.773
1
0.527
0.597
0.597
0.781
0.597
0.597
0.597
NA
0.943
1
NA
0.597
0.597
0.597
NA
0.686
0.564
1
0.811
0.626
NA
NA
0.722
0.779
0.779
0.754
1
0.805
0.568
0.56
0.634
0.788
0.843
NA
NA
0.254
NA
0.731
1
1
1
0.587
1
0.952
0.918
0.821
0.51
0.672
1
0.666
0.511
0.617
0.62
0.505
NA
0.545
NA
0.784
NA
0.806
0.577
0.47
0.909
0.712
0.487
1
0.718
0.618
0.683
1
0.734
0.809
0.664
0.838
0.698
0.662
0.8
0.879
0.81
1
0.842
1
1
1
1
0.466
0.466
0.466
0.466
0.466
1
0.743
0.554
NA
NA
NA
NA
0.819
1
0.729
NA
NA
NA
NA
NA
0.851
0.71
0.659
0.706
NA
NA
NA
NA
0.44
1
0.278
1
1
0.694
0.734
0.79
0.846
0.904
0.14
1
1
0.734
0.781
0.806
0.645
0.846
0.611
0.725
1
0.879
0.867
0.954
0.803
0.936
0.936
0.792
0.766
0.782
0.86
1
0.883
0.947
0.881
0.89
0.759
0.754
0.796
0.938
0.889
0.925
0.607
1
0.819
0.892
0.901
0.826
0.925
1
1
0.892
0.908
1
0.908
0.904
0.883
0.715
0.8
0.912
0.894
0.779
1
0.527
NA
0.522
0.689
0.841
0.762
0.754
NA
1
NA
0.611
NA
0.478
0.703
0.663
0.633
0.831
NA
0.844
0.785
0.877
0.954
0.759
0.901
0.44
0.703
NA
0.9
0.524
0.619
0.325
0.662
0.712
NA
0.747
0.776
0.809
0.841
0.698
0.682
0.861
0.798
0.802
0.775
NA
0.794
0.677
0.68
0.846
0.611
NA
0.731
0.793
0.731
NA
0.845
0.702
0.775
0.698
0.891
0.841
NA
0.842
1
0.876
1
NA
1
1
1
0.934
0.931
0.784
0.909
0.664
0.984
1
0.9
0.848
1
1
0.9
1
NA
NA
NA
NA
NA
NA
NA
NA
NA
NA
NA
0.757
1
0.831
0.788
0.764
0.77
0.83
0.946
0.946
NA
1
0.938
0.844
0.841
0.874
0.722
0.941
0.909
0.853
0.699
0.946
0.737
0.74
0.902
0.878
0.927
0.943
0.872
0.846
0.834
0.807
0.518
0.747
1
1
0.982
0.909
0.946
0.962
0.947
0.744
0.946
0.947
0.837
NA
1
0.724
1
0.607
0.706
1
0.597
1
1
0.523
1
0.712
1
0.72
0.694
0.917
0.86
0.74
0.89
0.773
NA
0.722
0.563
0.642
0.771
0.679
0.599
0.642
0.611
0.72
0.701
0.502
0.72
0.698
1
0.643
0.714
0.752
NA
1
0.904
1
NA
0.634
0.809
0.956
0.968
0.723
0.667
0.674
1
0.638
0.631
0.628
0.556
0.769
0.726
0.334
0.68
0.573
0.497
NA
0.691
0.875
0.891
0.746
0.684
0.61
0.769
0.787
0.688
0.768
0.699
0.513
0.757
0.709
0.782
0.731
0.791
0.564
0.635
0.67
0.554
0.467
0.899
0.668
NA
0.723
NA
0.564
0.621
0.654
NA
0.648
NA
0.575
0.726
0.719
0.63
0.68
0.624
0.729
NA
0.585
0.726
0.634
0.769
0.643
0.501
0.707
0.597
0.696
0.558
0.573
0.659
0.861
0.334
0.732
0.768
0.768
0.612
0.809
0.694
0.713
NA
0.845
NA
0.579
0.567
0.715
0.534
0.839
0.676
0.557
0.715
0.82
0.571
0.787
0.564
0.52
0.599
0.622
0.504
0.665
0.708
0.396
0.628
0.632
0.31
0.534
0.618
0.666
0.6
0.546
NA
1
0.71
0.738
NA
1
1
1
1
0.819
0.729
0.869
0.776
1
0.964
0.514
0.73
0.384
0.796
0.494
0.596
0.56
0.874
1
0.854
0.814
0.843
0.681
0.741
0.643
0.55
0.691
0.835
0.606
NA
1
0.709
NA
0.805
0.926
1
0.893
1
0.6
0.72
0.652
0.761
0.743
1
0.547
0.649
0.688
0.732
0.688
0.824
0.533
0.643
0.633
0.653
0.645
0.606
0.588
1
0.573
NA
0.797
0.797
1
1
1
1
0.735
0.689
NA
NA
0.574
0.72
0.718
0.63
0.638
0.789
0.834
0.73
0.574
NA
0.745
1
0.73
0.905
0.745
0.838
0.636
0.844
0.812
0.731
NA
0.775
0.83
0.845
0.869
0.822
0.614
NA
0.741
0.653
0.666
0.831
0.567
0.668
0.685
0.523
1
0.84
0.53
0.715
0.663
NA
0.469
0.69
0.866
1
0.886
0.814
0.574
0.769
0.802
1
0.821
0.824
0.781
0.779
0.796
0.886
1
1
NA
0.926
0.926
0.765
0.708
NA
NA
NA
NA
NA
NA
NA
NA
NA
NA
NA
NA
NA
0.799
0.728
0.678
0.72
0.768
0.591
0.741
0.776
0.688
0.674
0.706
0.687
1
0.806
1
0.745
NA
1
NA
0.74
NA
NA
0.685
1
0.773
0.767
0.495
0.67
0.597
1
0.583
0.606
NA
NA
0.651
0.721
0.674
0.653
0.722
0.642
0.724
0.766
1
0.901
0.855
0.862
1
0.516
0.685
0.438
0.793
NA
0.842
0.763
0.514
0.672
0.637
0.621
0.669
0.666
0.387
0.36
0.924
1
0.748
0.628
0.635
0.668
0.704
0.595
0.516
0.754
0.743
0.607
1
0.789
0.789
0.706
0.546
0.918
0.282
NA
1
NA
NA
NA
1
0.71
0.812
0.752
1
1
1
0.951
0.911
0.911
0.911
1
1
1
0.703
0.725
0.614
0.628
0.62
0.619
0.726
0.531
0.55
0.576
0.627
0.649
0.581
0.621
NA
0.518
0.418
NA
0.605
0.606
NA
0.674
1
0.779
0.664
0.624
0.826
0.803
0.794
0.807
0.659
0.341
0.601
0.678
0.659
0.516
0.691
0.63
0.555
NA
0.709
0.362
0.799
0.776
0.754
0.805
0.689
0.679
0.528
0.702
0.571
0.498
0.679
1
0.584
0.758
0.742
0.742
0.732
0.737
0.748
0.744
1
0.49
0.446
0.847
0.687
0.472
0.639
0.535
0.49
0.539
0.625
0.448
0.65
0.541
0.625
0.619
0.759
NA
0.431
0.495
0.621
0.64
0.588
0.552
NA
1
1
0.593
0.613
0.538
0.692
0.684
0.712
1
0.563
0.643
0.754
NA
0.524
0.516
0.635
0.723
0.532
0.565
0.619
0.665
0.848
0.797
0.706
0.596
0.775
0.766
0.671
0.792
0.723
0.752
0.735
0.765
0.607
0.741
0.673
0.64
0.954
0.764
0.73
0.873
0.746
0.75
1
1
1
0.78
1
0.485
0.926
0.835
0.926
0.926
0.926
0.485
0.546
0.812
0.647
0.802
0.693
0.771
0.43
0.523
0.43
0.86
0.578
0.743
1
0.641
0.737
1
1
0.792
0.809
0.854
0.775
NA
0.84
0.532
0.77
0.918
0.829
0.582
1
0.837
NA
0.839
0.581
1
0.887
0.615
0.655
0.592
0.606
NA
1
0.77
NA
0.618
0.81
0.916
0.554
0.82
0.658
0.789
0.733
0.803
NA
0.617
0.905
0.807
1
0.597
1
0.841
0.775
0.687
NA
NA
NA
NA
NA
1
0.77
NA
0.691
NA
0.78
NA
0.893
0.702
0.894
0.899
0.909
0.671
1
1
1
0.946
0.946
0.677
0.88
0.602
0.734
0.552
0.527
1
1
0.559
0.709
0.509
0.541
0.613
0.693
0.62
0.563
0.706
0.838
0.855
0.76
1
0.611
0.84
0.776
NA
0.843
1
0.896
NA
0.838
0.74
NA
0.76
0.77
1
1
0.734
1
0.576
NA
0.677
1
1
1
0
0.835
1
0.785
0.843
0.827
0.743
0.857
1
0.854
1
1
1
1
1
1
1
1
0.746
0.825
0.741
0.899
1
1
1
1
0.689
1
0.896
0.842
1
1
0.615
0.608
0.647
0.754
0.647
0.601
0.825
0.711
0.672
0.69
0.532
0.406
0.582
0.404
0.678
0.467
NA
0.592
0.551
0.754
0.45
0.654
0.756
0.681
0.82
0.85
0.834
0.731
0.657
0.683
0.998
0.998
0.794
0.668
0.69
0.691
0.712
0.741
0.602
1
0.982
0.928
0.747
1
0.703
NA
0.695
0.754
0.723
0.827
0.773
1
0.656
0.698
0.764
0.592
0.764
0.754
0.621
0.721
0.737
0.683
0.624
1
0.76
1
0.709
0.524
1
0.786
0.757
0.162
0.713
0.631
0.747
0.638
1
0.751
0.864
1
NA
0.239
NA
0.752
0.847
0.651
0.748
0.672
0.73
0.708
0.488
0.706
0.562
1
0.664
1
0.765
0.786
NA
0.835
0.684
0.461
0.686
0.367
0.767
0.648
0.728
0.655
0.748
0.627
0.7
0.786
0.82
0.665
0.551
0.596
0.732
0.734
0.729
0.653
0.569
0.757
0.835
NA
0.6
0.853
0.797
0.696
0.703
0.635
0.75
NA
0.503
0.683
1
0.716
0.683
0.748
0.783
0.656
0.643
NA
0.505
1
0.722
0.677
0.733
0.713
0.732
1
0.942
0.751
0.829
0.803
1
NA
0.681
1
NA
0.644
NA
NA
NA
NA
NA
0.829
0.661
0.739
1
NA
0.828
NA
1
0.562
0.762
0.64
0.801
0.749
0.646
0.789
0.81
0.67
0.762
1
NA
0.895
0.847
0.841
NA
NA
0.8
0.768
0.743
0.802
1
1
NA
0.663
0.649
0.208
0.764
0.629
0.982
0.831
0.935
0.914
0.917
0.74
0.611
0.562
0.703
0.759
0.576
0.581
0.71
NA
0.639
0.631
0.603
0.672
0.601
1
1
0.622
0.603
NA
NA
NA
NA
0.687
0.63
0.822
0.512
NA
0.736
0.775
0.681
0.835
0.618
0.575
0.884
NA
1
0.504
0.604
0.757
0.7
0.639
0.513
0.895
0.805
0.795
0.768
0.86
0.508
0.653
0.548
0.822
0.631
0.644
1
0.643
0.65
1
0.765
0.725
0.743
0.715
1
0.727
0.76
0.606
1
1
1
0.766
0.703
1
0.676
0.595
0.68
0.731
0.7
0.714
0.715
0.607
0.753
1
0.662
0.751
0.785
1
0.741
0.95
0.844
1
0.78
0.779
0.69
0.878
0.844
0.73
0.772
0.834
0.73
0.677
0.719
0.851
0.448
1
0.44
1
0.851
0.851
0.605
0.851
0.529
0.512
1
0.225
0.451
0.613
0.554
1
0.336
0.533
0.594
0.527
0.874
0.832
0.855
0.832
0.782
0.82
0.942
1
0.756
0.809
0.946
NA
NA
0.609
0.757
1
0.837
0.646
0.702
0.82
0.825
0.749
0.686
0.818
1
0.752
0.759
0.82
0.598
0.75
1
0.729
0.779
0.606
0.673
NA
0.836
0.97
0.793
0.821
0.728
0.719
0.853
0.757
0.74
1
0.868
0.738
0.233
0.295
1
0.845
0.758
0.853
0.847
0.853
0.673
0.794
0.689
0.603
1
0.713
0.678
0.73
0.632
0.793
0.791
0.771
0.762
0.686
0.811
0.861
0.724
0.705
1
0.762
0.735
0.739
0.869
0.661
0.84
0.75
0.712
0.749
1
0.804
0.755
NA
1
0.653
0.753
0.82
0.908
0.83
0.822
0.811
0.815
0.735
0.773
0.576
0.771
0.738
0.774
1
0.841
NA
0.765
0.805
0.806
1
0.813
0.658
0.805
0.897
0.805
0.731
0.864
0.772
0.644
0.843
1
0.808
0.774
0.82
0.728
0.929
0.945
0.75
0.972
0.858
1
0.817
0.675
NA
0.807
0.838
0.788
0.71
0.693
0.904
0.838
1
0.918
0.716
0.641
0.715
1
1
0.842
0.83
0.645
0.734
0.852
0.708
0.922
0.675
0.644
0.598
0.805
0.703
1
0.83
0.75
0.61
NA
0.849
0.84
0.444
1
0.607
0.741
0.888
0.803
1
0.888
0.904
0.716
0.691
0.753
0.813
0.79
0.699
0.96
0.772
1
0.557
0.483
0.709
0.589
0.761
1
0.846
0.662
0.841
1
1
0.548
0.609
1
1
0.956
0.921
0.952
0.75
0.684
0.767
0.733
0.765
1
NA
0.634
0.575
0.63
0.492
1
0.554
0.626
0.698
0.607
0.723
0.657
0.511
0.694
0.588
0.714
0.736
0.644
0.688
0.72
0.565
0.511
0.657
0.621
0.593
0.655
0.85
0.678
0.889
0.745
0.726
0.798
1
0.739
0.856
0.576
0.362
0.469
0.97
0.503
0.688
0.898
1
0.802
0.823
1
NA
0.523
0.63
0.731
NA
NA
NA
NA
0.874
1
0.581
0.5
1
0.606
0.481
0.741
1
1
1
0.736
0.757
0.658
0.763
1
0.864
0.797
1
0.455
0.783
0.75
0.718
0.802
0.688
0.748
0.716
NA
0.707
0.78
1
0.593
0.694
0.694
0.869
1
0.883
0.966
0.687
1
0.694
NA
NA
NA
1
0.552
0.823
0.605
0.707
0.638
0.669
1
1
NA
0.717
1
0.791
0.676
0.635
0.645
NA
NA
0.631
0.66
0.687
0.686
0.505
0.664
0.643
0.515
NA
0.724
0.673
0.515
0.562
0.515
0.768
0.776
0.677
0.685
0.685
0.507
0.685
NA
0.587
1
0.733
0.861
0.563
0.507
1
1
0.776
NA
0.384
0.384
1
0.345
0.015
1
0.783
0.916
1
0.98
0.95
0.672
1
0.711
0.678
0.869
0.647
NA
NA
NA
NA
NA
NA
1
0.923
0.753
0.719
NA
NA
1
0.63
0.523
0.663
0.707
0.779
0.62
0.899
0.642
NA
NA
0.575
0.759
0.637
0.512
0.637
0.622
0.7
1
0.775
0.739
0.801
0.668
0.857
0.787
0.553
0.674
0.774
0.734
0.808
0.74
0.837
NA
NA
NA
NA
NA
NA
NA
0.917
1
0.682
0.708
0.833
0.714
0.775
0.735
0.727
0.833
0.666
NA
0.739
0.707
0.944
1
0.57
0.577
0.904
1
0.81
0.79
0.792
0.753
0.681
0.818
1
NA
0.806
1
1
0.835
0.835
1
0.796
0.72
0.62
0.633
0.689
0.715
0.691
0.751
0.704
0.423
0.747
0.656
0.591
0.735
0.642
0.705
NA
1
0.727
0.834
1
0.731
1
0.634
0.799
0.677
0.654
0.723
0.287
0.705
NA
NA
NA
0.783
0.954
0.876
0.876
0.848
0.703
0.701
1
0.162
0.72
NA
0.516
0.721
0.767
1
0.695
NA
0.966
0.819
1
0.714
0.582
NA
NA
NA
NA
NA
NA
0.858
1
0.856
0.902
0.851
0.809
0.84
1
0.769
0.562
0.772
0.768
0.774
0.866
1
0.914
0.822
0.64
1
NA
0.709
0.689
0.689
0.745
0.627
0.989
1
0.446
NA
NA
0.861
1
1
1
1
0.524
0.448
0.433
0.514
0.664
0.53
NA
0.804
0.296
0.657
1
0.56
0.581
0.698
0.67
0.851
0.654
0.744
1
1
0.923
1
1
0.596
0.621
NA
NA
0.754
1
1
1
0.685
0.466
0.551
0.383
0.619
1
0.65
0.554
0.673
0.752
0.778
0.704
1
0.786
0.959
NA
NA
1
0.811
1
0.775
1
0.433
0.665
0.555
0.92
NA
NA
0.424
0.673
1
0.592
NA
0.788
0.772
0.759
1
0.644
0.875
1
0.833
0.768
0.757
0.844
0.845
0.724
1
0.522
0.606
0.558
0.649
0.623
NA
1
0.758
0.613
0.678
0.658
0.777
NA
NA
NA
NA
NA
NA
NA
NA
1
0.881
0.867
1
0.899
0.695
0.612
0.548
0.559
0.341
0.797
NA
0.787
1
0.664
0.854
0.873
0.743
0.654
0.728
0.494
1
1
0.741
0.789
0.789
0.883
0.379
1
1
0.806
1
0.534
0.793
0.557
0.683
NA
1
0.673
0.699
0.765
0.662
0.647
0.728
0.776
0.778
0.706
0.797
0.754
0.876
0.672
0.751
0.449
0.507
0.549
0.686
0.898
0.747
1
0.724
0.604
1
0.576
0.666
1
0.701
0.524
0.737
0.839
0.467
0.731
NA
0.595
NA
1
0.69
0.579
0.266
0.523
0.543
0.528
0.403
0.599
0.899
NA
0.783
0.783
NA
0.677
0.697
0.783
0.902
0.755
0.788
0.849
0.829
0.83
0.927
NA
1
0.818
0.652
NA
NA
0.703
0.403
0.633
0.62
0.588
NA
0.731
NA
0.71
0.798
0.837
0.802
0.865
0.811
0.87
NA
1
0.973
NA
NA
NA
NA
NA
NA
NA
NA
NA
NA
0.682
0.601
0.669
0.75
0.875
0.872
1
0.806
0.806
0.802
0.71
0.586
1
0.834
0.678
0.613
NA
0.39
1
0.831
1
0.803
0.726
0.82
0.635
0.838
1
0.773
0.724
0.641
0.8
0.912
0.929
0.942
0.711
0.781
0.648
0.814
0.773
0.525
0.938
0.698
0.678
0.598
1
NA
0.834
0.466
1
1
0.921
0.842
1
0.644
0.709
0.678
0.618
0.835
0.745
0.752
0.694
0.611
1
NA
NA
NA
NA
NA
0.893
0.494
1
1
0.92
0.753
0.844
0.834
0.582
0.957
0.903
NA
NA
NA
0.378
1
0.764
0.718
0.651
0.583
0.621
0.82
1
0.842
0.601
1
0.611
0.791
0.616
1
0.819
0.845
0.42
0.871
0.91
0.886
0.87
NA
0.546
0.662
0.776
0.673
0.474
0.501
0.507
0.606
NA
NA
0.64
1
0.851
0.639
0.77
0.688
0.722
0.247
1
NA
1
1
NA
0.776
0.586
1
0.602
0.879
1
1
0.709
0.752
1
0.732
0.585
0.776
0.79
1
1
0.795
0.652
NA
0.561
0.659
0.473
NA
0.724
0.832
1
0.88
0.725
1
0.69
0.698
0.737
NA
NA
0.636
0.553
0.881
0.814
0.79
1
1
1
0.835
0.767
0.889
0.621
0.629
1
0.813
0.614
1
0.516
0.681
0.63
NA
1
0.718
0.726
0.74
NA
0.627
0.696
0.636
0.496
1
0.757
0.669
0.75
0.626
0.388
0.689
0.568
0.621
0.611
0.514
0.621
1
1
1
1
1
1
1
0.589
0.82
0.94
0.87
0.713
0.51
0.688
0.739
1
1
0.783
0.573
1
0.783
0.687
0.904
0.684
0.621
0.341
0.586
NA
NA
NA
NA
NA
NA
0.793
0.792
0.68
0.724
0.809
0.658
1
0.676
0.776
1
0.653
1
0.73
1
0.935
0.745
0.894
NA
1
0.604
0.611
NA
0.801
1
0.597
1
0.902
0.788
0.861
0.882
0.797
1
NA
0.772
0.764
NA
0.347
NA
NA
NA
NA
0.591
0.757
1
1
1
1
NA
0.44
0.589
0.899
0.734
1
0.722
0.748
0.788
NA
NA
NA
NA
0.48
0.522
0.863
NA
NA
0.935
0.873
0.463
1
0.52
0.521
0.827
0.827
0.73
1
NA
0.678
NA
0.744
0.756
0.724
0.82
1
0.899
1
1
1
0.628
0.595
0.458
0.542
0.702
0.85
0.716
0.851
1
0.879
0.752
0.753
0.488
0.201
1
NA
1
NA
0.85
1
1
NA
0.756
0.631
0.717
0.637
0.721
1
0.677
0.534
0.768
0.677
1
1
0.805
0.698
0.76
0.62
0.728
0.899
0.899
1
1
1
0.918
NA
0.429
0.966
0.915
0.915
0.915
0.846
0.837
0.903
0.748
0.759
0.429
0.813
0.875
0.576
1
0.653
0.946
1
0.835
0.835
0.835
0.835
1
1
0.835
NA
0.904
1
0.729
0.873
0.73
NA
0.535
1
0.662
1
NA
NA
NA
NA
NA
1
0.632
0.474
0.734
0.6
0.63
0.466
0.71
NA
1
0.653
0.785
0.663
0.792
0.705
0.67
0.787
0.713
1
0.554
NA
0.505
0
0.554
0.847
0.563
0.554
1
0.466
0.847
0.505
1
NA
1
0.389
NA
NA
NA
0.706
0.773
0.686
0.709
1
0.842
0.601
0.764
0.672
NA
0.561
1
0.807
NA
NA
1
0.942
NA
0.674
0.742
0.713
0.685
NA
1
0.558
0.55
0.614
NA
0.656
0.409
0.597
1
1
1
1
0.656
1
0.653
0.599
0.784
0.815
0.723
0.601
0.627
0.63
0.849
0.691
1
0.545
0.551
0.683
0.645
0.601
NA
0.612
0.542
0.569
NA
0.504
0.567
0.718
0.827
0.65
0.619
0.554
0.471
0.692
0.564
0.975
0.975
0.733
1
1
0.765
NA
0.654
0.589
0.699
0.646
0.705
NA
0.589
NA
0.658
0.678
0.649
0.85
0.406
0.741
1
0.733
0.815
1
NA
0.715
0.765
0.828
0.796
0.875
0.856
0.683
0.869
0.836
0.826
NA
0.304
NA
0.686
0.762
0.799
1
1
0.863
0.776
0.618
0.635
0.664
1
NA
1
0.673
0.507
0.549
0.468
0.82
0.709
1
0.835
0.85
1
NA
0.69
0.583
NA
0.734
0.892
1
0.641
0.728
0.822
0.865
0.742
0.614
0.779
0.572
0.844
0.966
0.66
NA
0.759
0.717
0.605
NA
0.397
0.644
0.548
0.49
1
0.867
0.453
0.659
NA
NA
0.697
0.39
0.298
0.307
0.72
0.924
NA
0.735
0.78
0.717
1
1
0.58
0.474
0.653
0.561
1
NA
NA
1
0.712
0.763
0.767
0.74
0.773
0.655
0.709
1
0.633
0.565
0.583
0.626
0.498
0.709
0.741
0.595
0.657
0.709
0.758
0.843
0.663
0.656
0.719
0.656
0.851
1
1
0.747
0.529
0.84
0.678
0.678
0.739
0.678
0.732
0.717
0.668
0.761
0.899
0.732
0.662
0.683
0.741
1
0.683
0.782
0.757
0.843
0.733
0.77
0.726
1
0.739
NA
0.819
0.796
0.712
0.763
0.794
1
1
0.741
0.644
0.809
0.76
0.741
0.861
0.814
0.713
0.692
0.745
1
0.673
0.696
0.696
1
0.671
0.667
NA
1
NA
1
0.851
0.678
0.589
1
0.556
1
0.63
NA
0.747
0.766
0.532
0.719
1
0.589
0.66
0.563
0.609
0.671
0.647
0.867
0.592
0.789
0.719
0.785
0.802
0.825
0.602
NA
NA
NA
0.777
0.804
0.75
1
0.887
0.938
0.804
0.813
0.587
1
1
0.791
0.764
0.601
0.807
0.77
1
1
0.527
NA
0.634
0.643
NA
1
0.594
1
0.542
0.682
0.809
0.868
0.517
0.343
0.726
0.924
0.628
NA
0.751
1
0.332
NA
0.632
0.589
0.843
0.741
0.569
1
0.694
0.657
0.842
0.762
0.712
0.835
0.821
1
0.715
0.767
0.935
0.868
0.875
0.64
1
0.769
NA
0.636
0.787
0.677
1
0.851
0.858
0.792
0.466
0.986
0.708
0.65
0.688
0.653
0.665
1
0.629
0.305
0.937
0.919
0.53
NA
NA
NA
NA
NA
NA
NA
NA
1
0.85
0.852
0.811
NA
0.809
1
0.821
0.742
0.697
0.69
0.814
0.766
0.629
0.771
0.776
0.709
0.732
0.792
0.707
0.747
1
0.523
0.52
1
NA
NA
NA
0.901
0.874
1
0.817
0.781
0.857
0.564
0.817
0.663
0.873
0.836
0.824
0.626
0.756
0.726
1
0.986
0.916
0.522
0.583
1
0.681
0.693
0.536
0.29
NA
0.588
0.822
1
0.718
NA
0.644
0.634
0.665
0.486
0.295
NA
NA
NA
1
0.839
0.703
0.75
NA
0.931
0.88
1
0.793
0.678
0.582
0.873
0.786
0.718
0.701
NA
0.752
0.81
1
0.731
1
0.688
0.839
0.745
0.581
0.382
0.518
0.501
1
0.677
0.741
0.485
0.527
0.6
0.608
0.635
0.753
0.836
0.724
NA
0.233
0.807
1
0.748
0.623
0.531
0.505
0.748
0.665
1
1
NA
1
1
1
1
0.697
0.753
1
0.823
1
0.896
0.705
0.641
0.71
0.781
0.78
0.889
0.893
0.83
0.869
0.936
0.799
0.936
0.874
0.92
1
0.797
0.876
NA
0.791
0.795
0.98
0.616
0.821
0.707
0.726
0.826
1
0.574
0.489
0.609
0.98
0.726
0.583
0.637
0.764
0.748
0.638
0.68
0.677
0.838
0.838
0.899
0.803
0.813
0.878
1
1
NA
0.374
NA
NA
0.824
0.813
1
1
0.976
0.952
0.838
0.282
0.506
0.069
1
1
0.754
1
1
1
1
0.571
1
NA
NA
NA
1
0.952
0.98
0.86
1
0.744
0.727
0.899
0.876
0.583
0.753
0.336
0.301
0.682
0.516
0.554
0.676
0.626
NA
0.462
1
0.722
NA
0.715
0.816
0.867
0.657
1
0.784
0.745
0.818
0.816
0.681
0.902
NA
0.848
0.786
0.754
0.539
0.818
0.684
1
0.279
0.561
0.647
0.687
0.693
0.677
0.702
0.806
0.667
0.596
1
1
1
0.695
0.559
1
0.828
NA
0.725
0.632
1
0.488
0.488
0.791
0.729
0.852
NA
0.859
1
0.91
0.851
0.801
0.715
0.767
0.755
0.805
0.755
0.8
0.779
0.755
0.823
0.86
0.795
0.688
1
0.771
0.815
0.733
0.708
0.783
0.678
0.954
NA
NA
0.801
0.768
0.91
0.827
0.768
0.802
0.806
0.766
0.694
0.743
0.808
0.884
0.768
0.921
1
0.913
0.969
0.77
0.675
NA
0.621
0.661
0.674
1
0.827
1
0.838
0.682
0.843
1
1
0.884
0.832
0.942
0.873
0.862
0.788
0.848
0.619
0.661
0.656
0.72
0.75
0.734
0.707
0.746
1
0.723
0.659
0.854
0.724
0.739
0.757
NA
0.864
1
0.869
0.81
0.843
0.823
0.86
0.86
0.904
0.834
0.899
0.662
0.809
0.866
0.827
0.744
0.812
0.816
1
NA
0.903
0.818
0.777
0.724
0.894
0.854
0.679
0.785
NA
NA
0.82
0.618
0.749
0.856
0.835
0.578
NA
NA
0.588
NA
NA
1
1
1
0.899
0.663
1
0.82
0.824
0.557
0.71
0.628
NA
0.825
0.745
0.885
1
0.855
0.65
0.938
0.938
0.787
0.952
0.833
1
0.705
NA
0.891
NA
0.826
0.936
0.876
1
0.968
0.954
0.788
0.768
0.868
0.886
NA
1
1
1
1
NA
NA
0.869
1
0.893
0.882
0.738
0.713
0.796
1
1
1
0.88
NA
NA
NA
NA
NA
NA
NA
NA
0.31
0.841
0.49
1
0.892
1
0.549
NA
NA
0.892
0.724
NA
NA
1
0.612
0.742
0.738
0.734
0.638
1
0.726
0.645
0.766
0.735
0.665
0.801
1
NA
0.843
1
0.674
0.527
0.731
1
1
0.883
0.874
0.917
0.779
0.852
0.771
0.969
0.797
0.856
0.831
0.847
0.852
0.795
0.917
0.808
0.808
0.835
1
1
1
0.76
0.825
0.813
0.844
1
1
0.834
0.817
0.787
0.876
0.897
0.846
0.811
1
0.69
0.846
1
0.883
0.695
0.945
NA
1
1
0.829
1
0.903
1
0.901
NA
0.664
0.771
0.684
0.834
0.574
0.792
0.553
0.69
0.627
0.604
0.658
0.569
NA
0.945
1
0.656
0.957
0.661
0.793
0.738
0.66
1
0.557
0.71
0.616
0.778
0.861
0.685
0.789
0.814
0.665
1
0.808
0.666
0.707
0.927
0.936
0.861
0.905
0.83
1
0.854
0.843
1
0.866
0.897
0.795
0.491
0.636
0.287
0.564
NA
0.592
NA
0.103
0.705
0.589
0.564
0.519
1
0.599
0.926
1
1
1
1
1
1
0.602
1
1
0.754
0.312
0.341
1
0.763
0.754
NA
0.82
0.82
1
0.724
1
0.796
1
0.741
0.713
1
0.717
0.752
0.636
0.452
0.901
NA
NA
0.498
0.919
0.853
0.698
0.631
1
1
0.738
NA
NA
0.969
NA
0.534
0.935
0.963
1
0.603
0.597
0.516
0.536
0.818
0.79
0.72
0.536
1
1
0.527
0.759
0.466
0.714
NA
NA
0.662
0.665
0.74
0.775
0.604
0.6
0.787
0.684
0.859
0.898
0.848
NA
0.903
0.71
0.847
0.867
0.81
0.756
0.837
0.445
0.603
0.545
0.665
0.844
0.646
0.547
0.719
0.743
0.695
0.925
0.789
0.829
0.754
1
1
0.835
1
1
0.835
NA
0.802
0.384
0.466
0.575
1
0.875
0.835
1
0.845
0.589
0.786
0.705
0.612
0.545
0.643
0.679
0.651
0.699
0.851
0.812
0.651
0.786
0.685
0.762
0.715
0.73
0.712
0.491
0.829
0.788
0.763
0.853
0.951
1
0.769
0.611
0.7
0.731
0.733
NA
0.748
0.661
0.696
0.731
NA
0.794
0.847
0.825
0.683
0.739
0.546
0.535
0.611
0.577
0.754
1
0.507
0.706
0.831
0.646
0.726
0.443
0.675
0.625
0.801
0.835
0.697
0.788
0.835
0.711
0.796
0.522
1
0.523
0.847
0.523
0.611
0.862
0.927
0.856
0.862
1
0.577
NA
NA
NA
0.809
0.876
0.872
1
0.685
0.899
0.717
0.598
0.785
0.689
0.835
1
0.677
0.769
0.758
0.828
0.727
0.596
0.622
0.487
0.47
0.576
0.775
0.594
0.67
0.737
0.611
1
0.341
0.341
0.714
0.727
0.638
1
0.847
0.606
0.728
0.685
1
0.67
0.495
0.682
NA
0.787
1
0.775
0.544
0.849
0.622
0.9
0.786
0.683
0.875
0.708
0.681
1
0.635
0.802
NA
0.652
0.858
0.914
1
0.692
0.744
0.679
0.689
0.706
0.683
0.683
0.657
0.743
0.687
0.749
0.796
0.646
0.672
NA
0.646
0.724
0.662
0.686
0.642
0.501
0.69
0.671
0.747
1
1
0.56
0.723
0.7
1
1
0.756
0.913
1
0.842
0.927
0.507
0.442
1
0.715
0.708
0.746
0.728
1
0.621
1
NA
0.247
0.762
0.758
0.461
0.501
0.866
0.847
1
0.508
0.739
NA
1
0.602
0.601
1
1
0.74
0.845
1
1
0.644
NA
0.57
0.586
0.758
0.718
0.835
0.772
0.89
0.737
1
NA
0.697
0.802
NA
0.823
0.834
0.557
0.847
0.644
0.721
1
0.728
0.773
0.794
0.74
0.752
0.599
0.692
0.799
0.792
0.8
0.791
0.694
0.674
0.664
0.382
0.562
0.889
0.863
1
0.979
0.828
0.828
0.832
0.956
0.888
0.863
1
0.829
0.829
NA
0.791
0.863
0.828
0.829
1
1
1
1
0.672
0.665
0.754
0.771
0.791
0.85
NA
NA
NA
NA
NA
NA
0.751
0.835
1
NA
0.786
0.838
1
0.717
0.754
0.68
0.835
0.913
0.856
1
0.784
0.789
0.745
0.438
0.574
0.688
0.557
1
0.81
0.769
0.734
NA
NA
0.697
0.694
0.899
0.776
0.716
1
0.784
0.663
0.333
1
1
1
1
1
0.494
NA
NA
NA
NA
NA
NA
NA
NA
NA
1
NA
0.935
0.791
1
0.785
0.854
1
NA
1
0.935
1
1
0.641
0.968
0.715
0.86
0.839
0.762
0.89
0.853
0.877
0.838
0.859
0.875
1
0.773
0.684
0.979
0.965
0.729
1
0.653
1
0.814
1
0.715
0.897
0.788
NA
NA
NA
NA
NA
0.766
0.749
NA
1
NA
0.611
0.841
0.86
0.659
0.772
0.775
0.682
0.725
0.718
0.292
1
0.39
0.508
0.673
0.419
0.787
0.926
1
0.731
0.698
0.713
0.706
0.703
0.685
0.867
0.922
0.88
0.647
0.662
0.607
0.668
NA
0.505
1
0.894
NA
NA
NA
1
1
0.698
0.835
NA
NA
NA
NA
0.836
1
NA
NA
0.702
0.654
0.605
0.8
0.781
0.693
0.723
0.622
1
NA
NA
NA
0.665
0.584
0.65
NA
NA
NA
NA
NA
NA
NA
NA
NA
NA
NA
NA
NA
NA
NA
NA
NA
1
0.558
0.68
0.437
0.503
1
1
0.782
0.76
0.743
0.641
NA
0.773
0.817
0.863
0.743
0.803
0.686
0.761
0.785
0.783
0.707
NA
0.724
0.712
0.624
0.794
0.825
0.789
0.669
0.742
0.827
0.974
0.804
0.792
0.748
0.632
0.793
0.701
0.675
0.843
0.778
0.793
0.815
0.567
0.493
0.547
0.485
0.448
0.679
0.64
0.49
0.718
0.613
0.432
0.611
0.314
0.69
0.557
0.554
0.834
0.391
0.494
NA
NA
1
0.29
0.233
1
0.738
NA
NA
0.842
1
1
0.798
0.759
0.913
1
0.577
NA
0.859
0.786
0.774
0.821
1
0.933
NA
0.581
NA
0.777
0.657
0.479
NA
0.548
0.861
0.597
1
0.821
0.661
NA
1
0.756
0.788
0.773
0.608
NA
0.755
NA
0.833
0.687
0.738
0.838
0.592
0.654
0.685
NA
0.721
0.574
0.835
0.598
0.629
0.699
NA
0.74
0.717
1
0.611
NA
0.841
0.688
0.767
0.547
0.814
1
NA
1
0.779
0.847
0.77
0.497
1
0.631
1
1
0
0.948
0.5
0.656
0.532
0.606
0.42
0.617
0.524
0.374
0.652
0.41
0.688
0.602
0.521
0.613
1
0.552
0.47
0.557
0.321
0.741
0.842
NA
0.495
0.587
0.381
0.652
1
0.675
0.613
0.512
0.547
1
1
0.489
0.523
0.51
0.622
NA
0.92
0.602
0.524
0.627
0.457
0.481
0.526
0.617
0.614
0.678
0.552
0.508
0.655
1
1
0.368
0.524
0.806
0.466
0.559
0.847
0.636
0.56
0.566
0.691
0.62
NA
0.562
0.64
0.543
0.54
0.599
0.643
0.613
0.718
0.658
0.262
NA
1
0.657
0.424
0.71
0.557
0.4
0.552
0.477
0.573
0.79
0.96
0.768
0.719
NA
0.898
1
0.765
0.792
0.818
0.8
0.869
0.866
NA
1
1
0.68
NA
0.836
0.573
0.653
1
0.339
0.739
0.861
0.86
1
0.843
0.451
NA
0.713
0.986
0.719
0.853
NA
0.692
0.72
1
0.826
0.754
0.727
0.968
0.962
0.631
0.639
0.796
0.702
0.644
0.898
0.732
0.838
0.777
1
0.524
0.437
0.47
0.688
0.564
0.603
0.669
1
NA
0.65
0.51
0.489
1
NA
0.78
0.878
0.89
0.797
0.846
0.758
0.856
0.737
NA
0.885
0.876
0.613
0.687
0.84
0.708
0.935
NA
0.654
0.677
0.576
0.667
0.703
0.643
0.639
0.731
0.672
0.899
0.785
0.831
0.603
1
1
0.647
0.6
0.814
0.754
0.715
NA
0.817
0.875
0.762
0.853
0.945
0.693
0.905
0.684
1
0.748
1
0.877
0.738
0.796
NA
0.848
0.695
0.86
0.848
NA
0.642
0.722
0.78
0.834
0.864
0.662
0.676
0.8
0.687
NA
0.687
0.69
0.83
0.859
0.782
0.687
0.724
0.698
0.817
NA
0.905
0.641
0.884
0.814
0.722
0.865
0.78
0.754
0.68
0.923
0.913
0.664
0.651
0.841
0.848
0.77
0.681
0.725
0.671
0.878
0.68
0.718
0.702
0.803
NA
0.775
0.891
0.729
0.748
1
0.705
0.888
0.755
0.755
0.844
0.961
0.925
0.89
0.565
0.235
1
0.893
0.787
0.739
0.765
0.701
0.583
0.684
0.682
0.741
0.672
1
0.76
0.608
0.778
0.684
0.657
0.541
0.65
NA
0.852
0.588
0.718
NA
0.715
0.611
0.564
0.725
0.757
0.631
0.615
0.76
0.81
0.698
0.665
0.582
0.461
0.713
0.752
0.713
NA
0.749
0.881
NA
0.854
0.799
0.831
0.832
0.789
0.851
NA
0.602
1
0.679
0.666
0.555
0.573
0.608
1
0.638
0.756
0.521
0.629
0.728
0.825
0.378
NA
0.726
0.846
0.723
0.812
0.806
0.698
0.629
0.768
0.823
0.931
1
0.721
0.781
0.852
NA
NA
NA
NA
0.747
0.782
0.702
0.793
0.797
0.766
0.601
1
0.755
0.638
0.765
0.81
1
0.813
0.752
0.609
0.846
0.81
0.863
0.878
1
NA
0.633
0.799
0.891
0.899
0.739
0.757
0.729
0.798
0.7
0.568
0.763
1
0.635
0.588
0.741
0.643
0.723
0.478
0.839
0.62
0.529
0.645
0.635
0.924
0.695
0.839
0.846
0.7
1
0.768
0.755
0.751
0.446
1
NA
0.245
0.642
0.675
0.721
0.754
0.66
NA
NA
0.73
0.756
0.605
0.738
0.756
0.746
0.782
0.702
0.702
1
0.538
0.668
0.745
0.735
0.754
0.821
0.546
0.791
0.752
0.559
0.658
0.781
0.783
0.686
0.685
0.745
0.783
NA
0.757
0.607
0.634
0.769
0.702
0.817
0.817
0.8
1
0.911
0.665
0.749
0.782
0.578
0.779
0.625
0.702
0.804
0.793
0.732
0.764
0.77
0.746
0.738
0.787
0.817
0.611
0.624
0.835
1
NA
1
0.86
0.574
0.871
0.936
0.905
0.945
0.946
0.76
0.679
0.917
0.514
0.76
0.862
0.806
0.967
0.696
0.739
0.633
0.935
0.69
0.919
0.752
0.466
0.76
0.605
0.698
0.834
0.813
0.909
0.811
0.835
NA
1
0.805
NA
0.856
0.826
0.847
0.885
1
0.808
0.804
NA
NA
NA
1
0.945
0.945
0.909
0.569
1
1
0.967
1
0.631
0.818
0.788
0.794
1
0.871
0.678
NA
NA
NA
NA
NA
0.616
0.673
0.926
0.597
0.697
NA
1
0.632
0.674
1
0.898
0.892
0.98
0.935
0.98
0.63
1
0.69
0.577
NA
NA
NA
NA
0.851
1
0.787
NA
0.701
0.878
NA
1
0.692
0.789
0.72
0.786
0.837
0.603
0.472
0.845
0.55
0.631
0.605
0.755
0.755
0.866
0.696
0.622
0.852
0.706
0.659
NA
NA
NA
NA
NA
NA
NA
NA
NA
1
NA
NA
0.97
0.847
0.952
0.952
0.643
0.585
0.693
0.591
0.588
0.749
0.748
0.704
1
0.952
0.637
0.93
0.968
0.988
NA
0.727
0.573
0.768
0.823
0.712
0.708
0.818
0.657
1
1
NA
0.721
0.926
0.959
0.923
0.959
0.519
0.689
0.985
NA
0.713
0.837
0.73
0.757
0.801
0.683
0.951
1
0.809
1
0.716
0.653
0.955
0.783
0.582
0.39
0.68
0.747
0.766
0.718
0.965
0.698
NA
1
0.899
0.918
1
0.922
0.621
0.847
0.699
0.14
0.976
1
NA
0.784
0.7
0.788
0.848
0.887
0.308
0.472
0.435
0.741
0.669
0.716
0.755
0.598
0.554
0.522
1
NA
0.623
0.538
NA
0.865
0.898
0.857
0.842
0.882
0.856
0.831
0.773
1
1
1
0.705
0.761
0.548
0.69
0.836
0.67
1
0.881
0.695
0.835
0.78
0.774
1
0.736
0.758
0.801
0.441
0.671
0.632
0.826
0.776
1
1
0.788
1
0.861
1
0.711
NA
NA
NA
NA
NA
NA
NA
0.734
0.705
1
1
0.705
1
1
1
1
0.954
NA
0.384
0.892
0.814
0.71
0.763
0.763
0.783
0.673
0.839
0.92
0.734
0.895
0.414
1
0.597
0.793
1
1
0.732
0.717
0.781
0.664
0.71
0.578
0.744
0.527
0.852
0.729
0.737
0.73
0.639
0.715
0.805
0.61
0.596
0.652
0.789
0.838
0.665
0.859
0.795
0.727
1
NA
0.892
0.767
0.627
0.701
0.731
1
0.782
NA
0.727
0.687
0.751
0.193
1
1
0.763
0.84
0.592
0.752
0.737
0.628
0.575
1
0.92
0.445
0.758
0.44
0.563
NA
1
1
0.768
NA
NA
NA
NA
0.702
0.856
NA
0.604
0.641
0.707
0.672
0.548
NA
0.847
0.847
0.632
0.66
0.513
0.512
0.52
0.601
1
NA
0.511
0.859
0.681
NA
NA
NA
0.551
0.559
0.905
NA
0.696
NA
0.436
0.545
0.656
0.524
0.673
0.693
0.64
0.687
0.665
0.702
0.573
0.674
0.659
0.567
0.687
0.601
0.632
0.748
0.604
0.767
0.818
0.728
0.883
0.752
0.843
NA
NA
0.389
NA
0.652
0.602
NA
0.538
0.756
0.926
0.642
0.704
0.78
0.622
0.691
0.755
1
0.682
0.736
NA
0.616
0.593
0.49
0.628
NA
0.591
0.54
1
0.856
0.695
0.574
NA
0.782
1
0.803
0.644
NA
NA
NA
NA
NA
NA
NA
NA
NA
NA
NA
NA
NA
NA
NA
NA
NA
NA
NA
NA
NA
NA
NA
NA
NA
NA
NA
NA
NA
NA
NA
NA
NA
NA
NA
NA
NA
NA
NA
NA
0.815
0.574
0.79
NA
NA
0.865
0.589
0.851
0.722
0.852
0.779
0.688
1
0.765
0.623
0.662
0.696
0.741
0.732
0.601
0.748
0.751
1
0.663
NA
0.793
1
0.755
1
1
0.684
0.855
0.753
1
0.797
0.823
0.469
0.676
0.618
1
0.586
0.605
0.851
0.851
0.732
0.703
0.785
0.755
0.808
0.861
0.618
0.589
1
0.81
0.514
0.721
0.462
1
NA
NA
NA
NA
NA
1
0.775
0.821
0.663
0.635
0.515
1
0.777
0.754
0.847
0.554
0.368
0.851
0.448
0.403
1
0.952
0.84
0.83
0.689
0.664
0.771
NA
NA
NA
NA
NA
NA
1
0.837
0.84
1
0.691
0.731
0.799
1
NA
0.893
0.905
1
0.74
0.737
0.586
0.729
0.855
0.668
0.666
0.612
0.781
0.762
0.828
0.58
0.794
NA
NA
0.722
1
0.688
0.663
0.577
0.721
NA
NA
0.598
0.607
1
0.608
1
1
0.61
0.919
0.619
NA
1
0.716
0.828
0.867
NA
NA
NA
NA
0.681
0.716
1
0.534
0.923
0.89
0.548
0.651
0.714
0.684
1
0.617
0.663
0.663
0.711
0.666
0.455
1
0.751
0.645
0.773
0.679
NA
NA
0.588
0.711
1
0.647
1
0.842
0.784
1
NA
NA
1
0.06
0.016
0.229
1
NA
NA
NA
NA
0.76
0.735
0.629
0.663
0.753
0.796
0.804
0.796
0.761
0.71
1
0.685
0.773
0.619
0.691
1
0.685
0.7
0.811
0.754
0.642
0.66
0.755
0.644
0.739
0.852
0.708
0.808
1
1
0.75
0.936
0.808
1
0.706
0.898
0.692
0.719
0.787
1
0.852
0.708
0.719
NA
NA
1
NA
NA
0.759
1
1
0.814
0.825
0.724
NA
1
0.668
0.786
1
NA
0.736
0.672
0.869
1
0.749
0.627
0.637
0.775
0.585
0.851
0.546
0.442
0.786
1
0.57
0.805
0.674
0.767
0.653
0.642
1
0.626
NA
1
1
0.899
NA
NA
0.755
0.849
0.862
NA
NA
0.776
0.58
0.742
1
NA
0.653
0.663
NA
0.496
0.341
0.618
0.665
1
NA
0.716
0.675
0.851
0.743
0.79
0.665
0.772
0.441
0.644
0.629
0.736
1
0.678
0.689
1
0.938
0.7
0.756
0.665
0.753
0.767
0.67
0.814
0.71
0.86
0.672
0.806
1
0.703
1
0.899
0.667
0.808
0.641
1
1
0.92
0.92
0.826
0.83
0.74
0.76
1
1
0.694
0.816
0.802
0.798
0.942
0.278
0.902
0.843
0.656
0.843
1
0.572
0.678
0.536
0.854
1
1
0.835
0.589
0.677
0.576
0.617
0.635
0.771
0.754
0.842
NA
0.736
0.801
0.855
0.697
0.676
0.788
0.774
0.642
0.714
1
0.771
0.844
NA
0.899
0.622
NA
1
0.835
0.706
1
0.878
0.876
1
1
0.784
0.975
1
0.819
0.605
0.75
0.75
0.696
0.744
0.709
0.797
1
0.746
0.766
0.72
0.48
0.923
0.977
0.717
0.76
0.936
0.977
0.766
0.762
0.793
0.724
1
0.702
0.821
1
0.856
0.739
0.859
0.829
NA
0.75
0.844
1
0.441
1
1
NA
NA
NA
NA
0.495
0.732
0.845
0.789
0.75
0.875
0.807
0.737
0.831
0.745
0.894
0.784
0.815
0.768
1
0.791
0.808
0.745
0.766
0.806
0.796
0.838
0.919
0.799
0.743
0.761
0.819
0.82
0.755
0.766
0.78
0.787
0.881
0.726
0.794
0.741
0.83
0.781
NA
1
NA
1
0.82
1
0.717
0.682
NA
1
0.699
1
NA
NA
NA
NA
NA
0.835
0.899
0.748
0.759
0.761
0.625
0.812
0.696
1
0.737
1
1
0.822
0.665
1
0.835
0.509
0.921
1
0.928
NA
NA
NA
1
0.747
0.776
0.776
0.82
1
1
0.771
0.605
0.851
0.605
0.657
0.833
0.451
0.599
0.75
0.731
0.773
0.67
0.656
0.621
0.62
1
NA
0.624
NA
NA
0.866
NA
0.769
0.719
0.899
0.883
0.735
0.819
1
NA
0.742
0.532
0.649
0.552
0.462
0.842
0.716
NA
0.928
0.759
1
1
NA
0.853
0.772
0.898
NA
1
1
1
0.133
NA
0.825
0.925
0.865
1
0.92
0.773
NA
0.627
NA
0.801
1
0.92
NA
NA
NA
NA
NA
0.865
1
0.782
1
0.923
0.796
0.727
0.964
0.903
0.851
0.803
0.735
NA
0.947
0.815
0.829
0.935
NA
1
NA
NA
NA
NA
NA
NA
NA
0.797
0.65
0.861
1
0.783
0.636
0.54
0.808
0.67
1
0.847
1
0.741
1
1
1
1
0.745
0.623
0.659
0.898
0.753
0.579
0.71
0.533
0.647
0.644
0.524
1
0.794
0.717
NA
NA
1
1
1
1
0.629
1
1
0.742
0.74
0.894
1
1
0.617
1
0.659
0.817
1
0.937
0.76
1
0.846
0.818
0.512
NA
0.708
0.793
0.722
0.912
1
0.668
NA
1
NA
NA
0.589
0.677
0.868
0.623
0.597
0.965
1
0.644
0.513
1
0.897
1
0.695
0.775
0.894
0.544
0.557
0.622
0.504
0.665
0.531
0.65
0.868
0.742
0.742
0.71
1
0.868
1
0.597
0.611
0.667
1
0.597
1
0.926
1
0.926
NA
NA
NA
0.926
NA
NA
NA
0.597
0.597
0.685
1
NA
0.741
0.597
1
NA
0.741
1
0.597
NA
0.864
0.803
0.847
1
1
0.597
0.527
0.594
0.624
0.533
1
0.801
1
NA
NA
NA
0.752
0.767
0.662
0.926
0.568
1
0.666
0.666
0.666
0.597
0.354
0.529
0.54
0.673
0.616
NA
0.926
0.595
0.926
1
0.575
0.714
0.949
1
0.657
0.424
NA
0.909
0.817
0.74
0.901
NA
0.61
1
1
1
0.594
0.394
0.533
NA
0.606
0.526
0.606
0.452
0.632
0.48
0.597
0.6
0.651
0.966
NA
0.718
0.656
1
NA
0.662
0.717
0.753
1
0.847
0.816
0.719
0.833
0.632
0.894
0.785
0.816
0.765
0.877
0.846
0.831
NA
NA
0.429
0.852
0.809
1
0.911
0.434
0.492
0.553
0.48
0.841
1
1
0.717
1
1
0.8
NA
1
0.722
1
0.272
1
NA
NA
NA
0.92
1
0.573
0.823
0.872
0.914
0.842
0.899
NA
0.82
0.836
0.635
1
1
NA
1
1
NA
NA
NA
NA
NA
0.551
0.716
1
0.799
0.652
NA
NA
NA
0.675
1
0.472
0.151
0.886
0.875
0.835
0.9
0.669
0.335
0.923
0.61
0.969
0.748
0.715
0.841
NA
NA
NA
NA
NA
NA
NA
NA
0.706
0.741
0.322
0.855
0.76
0.47
0.343
0.884
0.378
0.56
NA
NA
1
1
0.611
1
0.823
0.847
1
0.507
0.562
0.731
1
0.847
NA
1
1
NA
1
1
0.491
0.618
0.618
1
1
0.681
0.835
1
1
1
1
1
1
0.917
1
1
0.769
0.827
NA
NA
0.499
0.621
1
1
NA
NA
1
1
1
0.636
0.685
0.634
NA
0.79
0.693
1
1
NA
NA
NA
NA
0.782
1
0.877
NA
0.871
0.704
0.651
0.877
0.58
0.571
0.829
NA
0.918
NA
0.639
0.554
0.895
0.571
NA
0.731
0.786
0.825
0.853
0.914
1
0.805
0.758
0.864
0.691
1
0.768
NA
NA
0.579
0.602
0.796
NA
0.767
0.905
0.797
0.537
1
1
0.304
0.548
0.554
0.656
0.621
0.656
1
0.694
NA
NA
NA
NA
NA
0.611
NA
1
0.622
0.699
0.666
0.942
NA
0.576
0.83
0.657
0.73
0.542
0.497
0.566
0.668
0.66
0.731
0.559
0.674
0.585
0.693
0.574
0.637
0.655
0.614
0.55
1
0.736
0.687
NA
0.66
1
0.65
0.659
0.649
0.899
1
0.754
1
0.589
0.92
1
0.303
0.6
1
0.757
0.864
1
0.701
0.55
0.754
0.523
0.674
0.629
0.719
0.668
NA
NA
NA
NA
NA
NA
NA
NA
0.596
0.674
NA
0.534
0.466
NA
0.756
0.702
0.687
0.519
NA
0.536
0.682
NA
0.429
0.621
0.481
NA
0.744
0.374
0.574
0.627
NA
0.481
0.466
0.486
NA
1
0.716
0.826
0.486
NA
0.608
0.613
NA
0.753
0.554
0.628
0.622
0.489
0.606
0.484
0.668
NA
0.568
1
0.584
1
0.761
0.742
0.747
0.748
0.685
0.661
0.676
0.772
0.704
0.83
0.711
0.958
0.926
0.926
0.729
0.76
0.716
0.799
0.713
0.697
0.733
0.861
0.717
1
0.566
0.81
0.64
0.656
0.668
NA
0.735
0.256
0.641
0.624
NA
0.339
0.407
0.31
NA
0.776
0.791
0.75
0.77
0.791
0.948
0.78
0.759
0.713
0.703
0.685
0.682
0.548
0.708
0.729
0.913
0.655
1
1
0.722
0.753
0.753
0.877
0.832
0.72
1
0.76
0.732
0.578
0.532
1
0.264
1
0.878
1
NA
NA
NA
NA
0.961
NA
NA
NA
NA
0.644
0.817
0.893
0.827
1
0.867
0.559
0.588
0.471
0.452
0.619
0.732
0.673
0.527
0.516
0.78
0.768
1
0.78
0.816
0.811
0.978
1
0.711
0.76
0.713
1
0.765
0.768
1
0.914
0.732
1
1
0.599
0.784
0.866
1
0.779
0.803
0.623
0.525
0.742
0.687
0.691
0.686
0.691
1
0.728
0.77
1
0.835
1
1
0.855
0.772
NA
NA
1
1
1
1
1
1
NA
1
1
1
1
1
NA
0.899
1
0.881
0.814
0.641
0.694
0.768
0.768
0.764
0.856
0.655
0.743
1
0.754
0.802
0.822
1
0.827
0.672
0.719
0.833
0.576
0.715
0.857
NA
0.749
0.74
0.818
0.797
0.746
0.895
0.698
0.768
0.836
1
0.719
1
0.453
0.49
0.734
0.836
0.515
1
0.634
0.656
1
0.656
0.698
0.698
0.656
0.944
0.698
1
0.698
0.656
0.78
0.799
0.931
0.772
0.696
0.656
1
0.618
1
0.523
0.523
0.561
0.065
NA
0.628
0.684
0.652
0.761
0.609
0.592
0.745
0.676
0.773
0.828
0.71
0.798
0.66
NA
0.718
0.745
0.68
0.753
0.638
NA
0.714
0.76
0.641
0.769
0.738
0.79
0.596
0.74
0.704
0.813
0.624
0.622
0.806
0.811
0.764
0.792
0.666
0.63
0.652
0.736
0.65
0.72
0.809
0.799
0.701
0.784
0.727
0.814
0.823
0.798
0.817
0.802
NA
0.716
0.67
0.754
NA
0.701
0.79
1
0.818
0.756
0.721
0.419
0.693
1
0.594
0.79
0.454
0.812
0.764
0.706
0.769
0.825
0.819
0.681
0.311
1
0.721
0.69
0.728
0.816
1
0.867
0.815
0.839
1
0.825
0.839
0.787
0.772
1
0.526
NA
0.818
1
1
1
0.896
0.948
1
0.687
0.8
0.711
0.75
0.705
0.779
0.789
0.745
0.784
0.507
0.507
0.422
0.507
0.507
0.583
0.71
0.649
0.654
0.732
0.622
0.624
1
1
0.705
0.836
NA
0.912
0.835
0.494
0.957
0.886
0.803
0.802
0.814
0.762
0.855
0.68
0.692
0.78
1
0.875
0.889
0.856
0.942
0.874
0.836
1
1
0.905
0.973
0.774
1
1
0.767
0.503
0.455
0.727
0.761
0.44
0.539
0.539
0.739
0.709
0.647
0.719
0.671
0.605
0.632
0.688
1
0.373
0.616
0.884
0.92
0.576
0.754
0.669
0.821
0.782
0.956
1
0.51
0.74
0.956
0.77
1
1
0.554
NA
1
0.809
0.949
0.641
0.685
0.8
NA
0.539
1
0.66
1
0.895
0.822
1
0.786
0.923
0.591
0.542
0.65
0.515
0.595
1
0.751
0.708
0.813
0.713
0.439
NA
0.461
0.689
0.772
0.47
NA
0.48
0.833
1
1
1
0.702
0.685
0.562
0.457
0.674
0.694
0.523
0.657
0.683
0.651
0.719
0.752
0.535
0.55
0.69
0.706
0.669
0.5
0.639
0.665
0.804
0.611
0.618
0.835
1
0.491
0.695
0.595
0.612
0.663
0.587
0.685
0.666
0.443
0.681
0.675
0.635
0.697
0.677
0.478
0.658
0.556
0.556
0.556
0.49
0.691
0.658
1
0.912
1
0.518
0.394
0.393
0.528
1
0.51
0.526
0.526
0.526
0.447
0.612
NA
0.717
1
0.673
0.648
0.769
0.715
0.68
0.606
0.759
0.798
0.734
0.776
0.718
0.695
0.798
0.771
0.653
1
0.731
0.788
0.873
0.842
0.828
0.913
0.829
0.798
0.828
0.652
0.69
0.856
0.841
1
0.696
0.891
0.928
0.86
0.842
0.745
0.696
0.746
0.868
0.892
0.815
1
0.814
0.727
0.83
0.861
0.884
0.853
0.849
0.779
0.918
0.812
0.803
1
0.847
0.884
0.779
1
0.855
0.721
0.938
0.863
0.383
NA
0.47
NA
1
1
0.672
0.719
0.637
0.722
0.699
0.688
0.676
0.867
0.688
0.648
1
0.899
0.584
0.615
0.803
1
0.752
0.712
1
0.805
0.741
1
NA
1
0.705
NA
NA
0.89
0.573
0.708
0.899
0.939
1
1
0.662
0.779
0.918
1
0.844
0.912
0.88
0.704
NA
1
0.739
0.8
0.907
0.952
1
1
0.82
0.814
1
1
0.465
0.821
1
0.755
0.59
0.878
0.81
0.669
1
0.828
0.861
0.867
0.827
0.834
0.769
0.731
1
0.684
0.789
0.607
0.731
0.873
NA
0.798
0.737
0.673
0.326
0.272
1
0.245
0.835
0.756
0.89
0.881
0.682
1
0.899
1
0.819
0.701
1
0.496
0.815
0.799
1
0.753
0.703
1
0.828
0.52
0.65
0.755
0.585
0.511
1
0.735
0.58
0.697
0.763
1
0.402
0.519
0.555
0.554
0.534
0.55
1
0.835
1
0.489
0.614
0.489
0.487
0.614
0.72
0.672
0.699
0.899
1
1
1
1
NA
1
1
0.844
0.831
1
0.692
0.861
0.894
1
0.698
0.84
0.448
1
0.775
0.712
0.751
0.733
0.614
1
0.621
0.636
0.795
0.743
0.562
0.644
0.713
0.655
0.834
1
0.819
0.581
0.625
0.641
0.722
0.773
0.722
0.677
0.536
0.784
0.654
0.656
0.616
0.749
1
0.502
0.388
0.789
0.853
0.634
0.593
0.775
0.799
0.84
0.761
0.735
0.747
0.804
0.644
0.537
0.68
0.657
0.511
0.755
0.544
0.719
0.687
0.597
0.601
0.641
1
0.713
0.589
0.67
0.542
0.613
0.749
0.584
0.451
0.539
0.609
0.839
1
0.535
0.722
0.49
0.648
0.722
0.511
0.681
0.742
0.758
0.926
0.76
0.611
0.83
0.813
0.587
0.669
0.634
0.493
0.884
0.622
1
0.574
0.439
0.678
0.714
0.757
0.711
0.824
0.599
0.47
0.799
0.761
0.801
0.737
0.533
0.604
1
0.539
0.808
0.811
0.672
0.78
0.727
0.761
1
0.646
1
NA
0.86
0.896
0.85
0.935
0.774
0.855
0.81
0.85
0.817
0.935
0.742
0.862
1
0.748
0.712
0.873
0.798
0.892
0.856
0.765
0.857
0.752
0.946
1
1
0.747
0.595
0.8
0.977
0.703
1
0.929
0.925
0.929
0.896
0.717
0.468
0.597
0.68
NA
0.645
0.65
0.662
0.581
0.661
1
0.598
0.764
1
0.831
0.831
0.561
0.357
0.947
0.947
0.906
0.37
0.825
0.744
0.639
0.729
0.851
0.896
0.5
1
0.779
NA
0.576
0.514
1
NA
1
0.835
NA
NA
NA
NA
NA
NA
NA
NA
NA
NA
NA
NA
NA
NA
NA
NA
NA
NA
NA
NA
NA
NA
NA
NA
NA
NA
NA
NA
1
0.612
1
0.502
0.658
0.91
0.707
0.683
0.743
0.81
1
0.868
0.764
0.817
0.845
0.835
0.546
0.703
0.782
0.782
0.716
0.765
0.931
0.752
0.756
1
0.592
0.781
0.675
1
0.935
0.511
1
0.95
NA
1
1
0.896
0.677
1
NA
0.366
0.693
0.826
1
0.935
0.723
0.679
1
1
1
1
0.793
1
0.743
0.766
0.792
0.75
0.74
0.491
0.753
0.771
0.383
0.789
0.728
0.752
0.706
0.871
0.841
0.781
0.797
0.469
0.645
0.816
0.812
0.873
0.736
0.736
0.652
0.77
0.755
0.848
0.483
0.765
0.566
0.881
0.758
0.819
0.809
0.735
NA
0.248
0.748
0.786
0.482
0.745
0.612
0.792
1
0.784
0.807
1
0.746
0.748
0.781
0.65
0.788
0.424
0.786
0.495
0.769
0.782
0.79
0.823
0.798
0.721
0.87
0.835
0.669
0.722
0.577
0.783
0.737
0.746
NA
1
NA
1
0.842
0.469
0.49
NA
0.649
0.417
NA
NA
0.633
1
0.545
0.985
NA
0.974
0.61
0.869
NA
1
0.707
0.698
NA
NA
1
1
NA
NA
0.394
1
0.842
0.611
0.754
0.57
0.548
NA
0.842
NA
0.603
0.372
1
NA
0.671
0.842
0.469
0.516
0.794
0.656
NA
0.608
NA
NA
NA
0.358
0.394
1
0.775
0.401
0.433
NA
1
NA
0.594
0.598
0.579
0.381
0.538
0.46
0.611
0.578
0.575
NA
NA
0.513
0.544
0.521
NA
0.641
NA
0.629
0.514
NA
0.229
1
0.904
0.498
1
0.526
0.446
0.64
NA
NA
1
0.512
0.579
0.611
0.684
NA
0.756
0.609
0.758
NA
0.712
0.768
0.541
0.794
0.75
0.744
0.607
0.815
0.661
0.779
0.761
1
0.77
0.739
NA
0.687
0.716
0.638
NA
0.685
0.671
0.597
1
0.662
0.661
0.778
0.735
0.446
1
0.741
0.842
NA
0.808
0.76
0.472
0.727
0.73
NA
0.542
0.702
0.561
0.643
0.59
0.831
0.553
0.705
0.481
0.716
0.689
0.804
0.619
0.602
0.577
0.741
0.543
0.589
0.62
0.7
0.52
0.472
0.868
1
0.671
0.533
0.639
0.806
0.629
1
0.655
1
0.82
0.968
0.738
0.679
0.768
0.831
NA
0.732
0.677
0.85
0.809
0.809
NA
0.698
0.696
0.663
0.762
0.865
0.783
0.708
0.768
0.562
0.62
0.682
0.67
1
0.597
0.92
0.384
0.702
0.633
0.657
0.659
0.743
0.702
0.692
0.509
0.598
0.567
0.653
0.742
1
0.533
0.967
NA
0.773
NA
NA
0.565
0.665
0.685
0.705
0.812
0.918
0.786
0.944
0.868
1
NA
1
0.458
0.596
0.702
0.873
0.836
0.792
0.669
0.707
1
1
1
1
1
1
0.543
0.526
0.399
1
0.447
0.612
NA
0.685
NA
0.559
0.691
0.658
0.693
1
NA
0.619
0.752
1
1
1
1
0.685
0.526
1
0.605
0.578
0.835
1
0.826
0.879
0.758
0.909
1
0.604
0.706
1
0.83
1
0.684
0.644
0.741
1
0.785
0.727
0.673
0.781
1
0.463
0.668
NA
0.723
0.696
0.702
0.686
NA
0.66
0.939
0.783
0.828
0.778
NA
NA
1
0.7
NA
NA
NA
0.775
NA
0.746
0.844
1
0.712
0.715
NA
0.709
0.719
0.637
0.709
NA
0.777
0.784
0.833
0.722
0.706
0.696
0.607
0.724
NA
0.836
0.635
0.656
0.477
0.77
0.514
0.532
0.768
0.77
0.764
0.734
0.795
1
1
0.811
1
NA
0.731
0.709
0.74
0.624
NA
NA
0.569
0.678
0.891
NA
0.627
0.947
0.409
0.741
0.893
1
NA
0.593
NA
NA
NA
NA
NA
NA
NA
NA
NA
NA
NA
NA
NA
NA
NA
NA
NA
NA
NA
NA
NA
NA
NA
NA
NA
NA
0.85
0.691
0.683
0.647
0.581
1
1
0.7
NA
0.476
0.835
0.568
0.791
0.906
NA
1
0.51
0.717
0.575
1
0.673
0.803
0.819
0.712
0.846
0.888
0.806
1
0.855
0.785
0.589
1
1
1
0.835
0.823
0.739
1
NA
NA
NA
NA
NA
NA
NA
NA
0.431
0.41
1
NA
0.5
0.846
0.764
0.833
0.564
NA
NA
NA
NA
NA
0.597
0.597
NA
NA
NA
0.94
0.818
NA
NA
0.648
1
0.698
NA
0.591
0.496
0.677
0.696
0.578
0.67
0.729
0.448
1
0.497
0.595
0.889
0.59
0.853
0.76
0.858
0.726
0.692
1
0.897
0.766
0.721
0.717
0.606
0.667
0.783
0.145
0.576
0.693
NA
NA
NA
NA
NA
NA
NA
NA
NA
NA
0.834
0.841
1
0.72
0.815
1
0.815
0.685
0.76
0.829
0.66
0.841
0.744
0.784
0.715
0.83
1
0.798
0.778
0.766
0.793
0.708
0.783
0.757
0.876
0.669
0.815
0.817
0.718
0.631
0.697
0.768
1
0.794
0.841
0.644
0.869
0.896
0.817
1
0.652
0.623
0.86
0.741
0.76
0.74
0.653
0.781
0.902
0.742
1
0.847
0.787
0.517
0.921
0.644
0.742
0.516
0.6
0.66
0.563
0.702
0.816
0.757
0.769
0.524
0.717
NA
0.69
0.722
1
0.696
0.749
0.737
0.759
0.825
NA
1
NA
0.86
0.846
0.544
NA
1
0.777
0.563
0.752
1
0.766
0.73
1
0.852
0.819
0.711
0.78
1
0.68
0.767
0.577
0.796
1
0.706
0.796
0.698
0.646
0.512
1
0.802
0.699
0.841
0.833
0.766
0.859
0.724
0.734
0.767
0.839
1
0.787
0.73
0.783
NA
0.657
0.822
0.576
0.775
0.765
0.927
0.384
1
0.67
0.899
0.917
0.526
0.774
0.754
0.761
1
0.633
0.663
0.674
0.811
NA
1
1
0.765
0.686
0.472
0.473
0.73
0.419
0.741
0.835
0.899
0.768
0.747
0.783
0.423
0.842
0.688
0.701
0.662
0.765
1
0.714
0.706
0.722
0.645
0.522
0.78
0.745
0.856
0.684
1
0.705
0.705
1
NA
NA
NA
NA
NA
NA
1
0.903
1
0.625
0.672
0.542
0.551
0.789
0.751
NA
NA
NA
NA
NA
NA
0.439
0.78
0.68
0.745
0.469
0.552
NA
0.789
0.593
NA
NA
NA
0.62
0.834
0.491
0.312
0.41
0.56
0.737
0.597
0.597
1
0.769
0.829
0.693
0.782
0.697
0.721
NA
0.76
0.79
1
0.746
0.832
0.662
0.94
0.83
1
0.784
1
1
1
NA
0.777
0.796
0.842
0.516
0.569
0.645
0.685
1
NA
0.873
1
0.129
0.85
NA
NA
1
0.944
0.576
0.731
0.69
1
1
0.576
1
NA
NA
NA
NA
1
1
0.766
0.9
0.339
0.923
0.51
0.803
NA
NA
NA
NA
1
NA
0.98
0.733
0.796
0.835
0.746
0.548
0.739
NA
NA
NA
1
0.597
0.839
0.86
0.588
0.74
0.74
0.805
0.795
0.83
NA
NA
1
0.835
1
0.78
0.869
1
NA
NA
NA
1
0.913
0.854
0.676
0.723
0.908
0.815
0.368
0.726
0.577
1
0.665
NA
0.675
NA
NA
NA
NA
0.589
0.589
0.45
0.408
0.589
0.45
0.601
0.711
0.624
1
0.677
NA
NA
0.692
0.839
NA
NA
NA
0.513
NA
0.631
0.828
1
NA
0.942
0.945
NA
NA
1
NA
NA
0.756
1
1
1
0.667
0.986
0.712
0.776
0.822
0.92
0.924
0.965
0.712
0.754
0.703
NA
NA
1
0.847
NA
0.643
0.71
0.741
0.786
0.747
1
1
0.781
NA
NA
0.781
0.571
0.449
0.731
0.729
0.487
1
1
0.927
0.664
0.428
0.688
NA
0.527
NA
1
1
0.789
0.611
0.759
0.69
1
0.749
0.727
0.889
NA
0.707
NA
0.734
0.665
0.654
0.592
0.645
0.301
0.666
NA
NA
0.767
0.681
0.683
0.622
0.656
0.811
NA
0.785
0.72
1
NA
NA
0.468
0.701
0.703
NA
NA
NA
NA
NA
1
0.698
0.632
0.876
0.659
1
0.818
0.788
0.716
0.871
0.764
0.672
0.714
0.799
0.819
0.653
0.874
1
0.701
0.673
0.556
1
0.589
0.692
0.438
0.754
0.648
1
1
0.594
0.692
0.657
0.641
0.87
0.724
0.61
0.768
0.703
0.716
NA
0.663
0.855
0.59
0.618
1
0.572
NA
NA
NA
1
1
1
1
1
NA
0.746
0.932
0.643
1
0.742
0.589
0.788
0.584
0.303
0.808
0.908
0.913
0.837
0.855
0.938
0.843
0.925
0.901
0.813
0.851
0.929
0.846
0.802
0.929
0.847
0.759
0.711
NA
0.82
1
0.753
0.786
NA
0.755
1
0.912
0.845
0.942
0.613
0.622
0.661
0.796
0.74
0.73
0.746
0.755
0.642
0.709
0.716
0.826
0.72
0.801
0.944
0.828
0.835
0.763
0.811
0.835
0.784
0.763
0.763
0.717
0.864
0.763
0.743
0.842
0.692
1
0.796
0.612
0.163
0.769
0.507
0.613
0.671
NA
NA
NA
NA
NA
NA
0.805
0.779
0.372
0.681
0.733
0.766
0.787
0.773
0.757
0.567
0.645
0.646
0.75
0.718
0.56
NA
1
0.642
0.78
1
0.791
0.754
0.739
0.739
0.421
0.512
0.509
0.562
0.666
0.554
0.842
0.764
0.455
0.531
0.675
0.72
0.561
0.677
0.759
NA
0.552
0.442
0.465
0.732
0.767
NA
0.462
0.56
NA
NA
NA
NA
0.496
0.536
0.512
0.453
0.453
0.469
0.589
0.446
NA
0.703
NA
NA
NA
0.618
0.677
0.422
NA
NA
NA
NA
NA
NA
NA
NA
NA
NA
0.793
1
0.754
0.666
NA
NA
NA
NA
NA
NA
NA
NA
NA
NA
NA
NA
NA
NA
NA
NA
NA
NA
NA
NA
NA
NA
NA
NA
NA
NA
NA
NA
NA
NA
NA
NA
NA
NA
0.8
NA
1
NA
NA
0.296
0.359
0.589
NA
0.437
0.685
0.739
0.599
0.812
0.654
NA
NA
NA
NA
0.52
NA
1
NA
NA
NA
NA
0.801
NA
NA
NA
NA
NA
NA
NA
NA
NA
NA
NA
NA
0.677
NA
NA
NA
NA
NA
NA
NA
NA
NA
NA
NA
NA
NA
NA
NA
NA
NA
NA
NA
NA
NA
NA
NA
NA
NA
NA
NA
NA
NA
NA
NA
NA
NA
NA
NA
NA
NA
NA
NA
NA
0.555
0.422
0.671
NA
NA
NA
NA
NA
NA
NA
0.737
NA
0.63
0.754
1
0.705
NA
NA
NA
NA
NA
NA
NA
NA
NA
NA
NA
NA
NA
NA
NA
NA
NA
0.574
0.734
NA
NA
NA
NA
NA
0.446
NA
NA
NA
NA
0.584
NA
NA
NA
NA
NA
0.628
0.628
NA
NA
NA
0.734
0.682
NA
NA
NA
0.63
0.588
0.827
0.695
0.639
0.883
0.714
0.619
NA
NA
NA
NA
NA
0.618
0.698
NA
0.637
NA
NA
0.572
0.632
NA
NA
0.04
NA
NA
0.814
NA
NA
NA
NA
0.705
0.705
NA
NA
NA
NA
NA
NA
NA
NA
NA
0.686
0.475
NA
NA
NA
NA
NA
0.658
NA
NA
0.92
NA
NA
NA
NA
NA
NA
NA
NA
0.79
0.379
NA
0.637
NA
NA
0.915
0.67
NA
0.942
NA
NA
NA
NA
0.842
NA
NA
NA
NA
NA
NA
NA
NA
NA
NA
NA
NA
NA
NA
NA
NA
NA
NA
NA
NA
NA
NA
NA
NA
NA
NA
NA
NA
NA
NA
NA
NA
NA
NA
NA
NA
0.783
NA
NA
0.631
NA
0.872
NA
0.658
0.714
NA
NA
NA
NA
NA
NA
NA
NA
NA
NA
NA
NA
NA
0.834
0.361
NA
0.628
NA
NA
NA
NA
NA
NA
NA
NA
NA
0.481
0.36
NA
NA
0.679
0.705
NA
0.731
0.811
NA
0.463
0.835
NA
0.742
0.835
NA
NA
NA
NA
NA
NA
NA
NA
NA
NA
NA
NA
NA
0.741
0.46
0.712
0.791
0.458
1
0.666
0.706
NA
NA
NA
NA
NA
0.809
NA
NA
0.841
1
0.589
NA
NA
NA
0.685
0.919
NA
NA
NA
NA
NA
NA
NA
0.63
0.631
0.834
0.73
0.823
NA
NA
0.549
0.769
NA
NA
0.752
0.513
0.374
NA
0.652
0.663
NA
NA
NA
NA
0.543
NA
0.627
NA
NA
0.502
0.578
0.723
NA
NA
NA
NA
NA
NA
NA
NA
NA
0.515
NA
NA
NA
NA
NA
NA
NA
NA
NA
0.647
1
NA
0.945
NA
NA
NA
NA
0.813
0.682
NA
NA
NA
NA
NA
NA
NA
NA
NA
NA
NA
NA
0.566
0.762
NA
NA
NA
NA
NA
NA
NA
NA
NA
NA
NA
NA
0.471
NA
0.235
NA
NA
NA
NA
0.687
NA
NA
0.792
NA
NA
NA
0.724
NA
NA
0.889
NA
NA
NA
NA
NA
NA
0.409
NA
NA
NA
NA
0
NA
NA
0.404
1
0.724
NA
NA
0.651
0.605
NA
NA
NA
NA
0.682
NA
NA
NA
0.509
NA
0.52
NA
NA
NA
0.511
0.649
NA
0.681
NA
0.619
0.37
NA
0.006
0.006
NA
NA
0.713
0.37
1
0.543
NA
NA
NA
0.604
0.849
NA
NA
0.697
0.703
NA
NA
0.808
NA
0.752
NA
0.677
NA
0.654
NA
0.514
NA
NA
NA
1
NA
NA
0.355
NA
0.505
0.659
NA
NA
NA
NA
NA
NA
NA
NA
0.426
0.63
NA
NA
NA
NA
0.835
0.64
0.611
NA
NA
0.493
NA
0.796
NA
0.616
NA
0.578
NA
NA
NA
0.564
0.855
NA
NA
NA
0.618
0.725
NA
0.667
NA
0.432
NA
NA
NA
NA
NA
NA
0.639
NA
NA
NA
0.627
0.657
NA
NA
0.945
NA
NA
0.57
0.643
0.626
NA
NA
NA
NA
NA
NA
NA
0.677
0.798
NA
NA
NA
NA
NA
NA
NA
0.604
NA
0.788
NA
NA
0.691
0.708
NA
0.754
NA
NA
0.091
NA
0.705
0.386
0.658
NA
NA
NA
0.899
NA
0.343
NA
0.835
0.852
0.612
0.675
0.715
0.819
NA
0.556
0.581
0.723
NA
NA
NA
NA
NA
NA
NA
NA
0.809
NA
0.847
0.554
0.606
0.875
NA
0.615
NA
NA
NA
0.755
0.535
0.639
0.754
0.638
NA
NA
NA
NA
NA
NA
NA
NA
NA
0.73
0.579
NA
0.622
NA
0.623
NA
0.237
0.276
0.326
NA
NA
NA
NA
NA
NA
NA
NA
NA
NA
NA
NA
0.772
NA
NA
NA
NA
NA
NA
0.723
0.761
NA
NA
NA
0.79
NA
NA
0.729
0.821
0.666
NA
NA
NA
0.739
0.72
0.615
NA
NA
NA
NA
0.634
NA
NA
NA
NA
NA
NA
NA
NA
NA
NA
NA
NA
NA
NA
NA
0.855
NA
NA
NA
NA
NA
NA
NA
NA
NA
NA
NA
NA
NA
0.666
NA
NA
NA
NA
NA
NA
NA
NA
NA
NA
NA
NA
NA
NA
0.609
0.685
0.741
0.543
0.497
NA
NA
NA
NA
NA
0.773
NA
NA
NA
0.818
NA
0.336
NA
NA
NA
0.506
NA
1
0.926
0.603
0.094
NA
NA
NA
NA
0.899
NA
NA
NA
NA
0.718
NA
0.597
NA
0.741
0.674
NA
NA
NA
NA
NA
0.655
0.768
NA
NA
NA
NA
NA
NA
NA
NA
NA
NA
NA
NA
NA
0.604
0.474
NA
NA
NA
NA
NA
NA
NA
0.707
NA
NA
NA
NA
NA
0.546
0.709
NA
NA
NA
NA
NA
0.574
NA
0.629
NA
NA
NA
NA
NA
NA
NA
NA
NA
0.91
NA
NA
0.685
0.539
0.601
NA
0.808
NA
0.757
0.776
0.828
0.603
NA
1
0.669
NA
0.814
NA
0.093
0.309
NA
NA
NA
NA
NA
0.622
0.664
NA
NA
NA
NA
NA
NA
NA
NA
NA
NA
0.685
1
NA
0.655
0.697
NA
NA
NA
NA
NA
NA
NA
NA
0.61
0.636
0.842
NA
NA
NA
0.728
NA
0.399
NA
NA
NA
0.731
NA
0.466
0.747
NA
NA
NA
NA
NA
NA
NA
NA
0.496
0.69
NA
1
NA
0.505
NA
NA
NA
NA
NA
NA
NA
NA
NA
NA
NA
0.534
NA
NA
NA
NA
NA
NA
NA
NA
NA
NA
NA
NA
NA
NA
0.509
NA
NA
NA
NA
NA
NA
0.661
NA
0.114
NA
0.774
0.904
NA
NA
NA
NA
NA
NA
NA
NA
NA
NA
NA
NA
NA
NA
NA
NA
NA
NA
0.748
0.763
NA
NA
NA
NA
0.553
0.744
0.756
NA
0.628
1
0.589
NA
0.646
NA
NA
NA
NA
0.449
NA
NA
NA
0.642
NA
NA
NA
NA
NA
NA
NA
NA
NA
NA
0.779
0.733
NA
NA
0.52
NA
NA
NA
0.525
NA
NA
NA
NA
NA
NA
NA
NA
0.806
NA
NA
NA
NA
NA
NA
0.65
0.754
NA
0.599
NA
NA
0.618
NA
0.576
0.514
NA
NA
NA
NA
NA
NA
NA
NA
0.611
NA
NA
NA
NA
NA
0.76
NA
NA
NA
NA
NA
0.574
NA
NA
NA
NA
NA
NA
NA
NA
0.558
NA
NA
NA
NA
NA
NA
NA
0.687
0.741
0.806
0.758
0.479
0.472
NA
NA
NA
NA
NA
NA
NA
NA
NA
NA
NA
NA
0.369
0.613
NA
NA
NA
NA
NA
NA
NA
1
1
NA
NA
NA
NA
NA
NA
NA
NA
NA
NA
NA
NA
NA
NA
NA
NA
NA
NA
0.715
NA
NA
NA
0.688
NA
0.67
NA
NA
NA
NA
NA
NA
NA
NA
NA
NA
NA
NA
0.543
NA
0.45
0.705
NA
NA
NA
NA
0.414
0.737
0.523
0.653
0.699
NA
NA
NA
NA
NA
NA
NA
NA
NA
NA
NA
NA
NA
NA
NA
NA
NA
NA
NA
0.662
NA
NA
NA
NA
NA
NA
NA
NA
NA
NA
0.547
0.811
0.624
0.537
NA
NA
NA
0.585
NA
NA
NA
NA
NA
NA
NA
NA
NA
NA
0.44
NA
NA
NA
NA
NA
NA
NA
0.851
0.623
0.529
NA
0.782
NA
0.562
NA
NA
NA
NA
NA
NA
NA
NA
0.529
1
0.415
NA
NA
NA
NA
0.704
0.646
NA
NA
NA
NA
NA
NA
0.467
NA
NA
0.423
0.605
0.399
NA
NA
NA
NA
NA
0.647
NA
0.739
NA
0.647
NA
NA
NA
NA
NA
NA
0.856
NA
NA
NA
NA
0.749
0.688
NA
0.709
NA
NA
NA
NA
NA
NA
0.451
NA
NA
NA
NA
NA
NA
NA
NA
NA
NA
0.411
0.377
NA
NA
NA
0.582
0.582
0.78
NA
NA
NA
0.519
0.54
0.703
NA
0.606
NA
NA
NA
0.672
0.736
0.478
1
0.549
NA
0.793
NA
NA
NA
NA
0.78
NA
0.661
0.608
0.626
NA
NA
NA
0.59
NA
NA
NA
NA
NA
NA
NA
NA
NA
NA
0.604
NA
NA
NA
NA
NA
NA
NA
NA
NA
NA
NA
NA
NA
0.575
NA
NA
NA
0.579
NA
0.65
NA
0.285
NA
NA
NA
NA
0.563
0.851
0.847
1
NA
NA
0.543
0.405
0.482
NA
NA
0.487
NA
0.571
NA
NA
0.395
NA
0.477
NA
NA
NA
NA
NA
0.558
0.539
NA
0.542
NA
NA
NA
0.477
NA
NA
NA
NA
NA
0.341
NA
NA
NA
NA
0.574
0.739
1
0.534
0.785
NA
0.351
NA
NA
NA
NA
NA
NA
NA
NA
NA
NA
NA
NA
0.655
NA
NA
0.554
0.632
0.825
NA
NA
NA
NA
NA
NA
NA
NA
NA
0.685
0.571
0.734
NA
NA
NA
NA
NA
NA
NA
NA
0.464
NA
NA
NA
NA
NA
NA
NA
NA
NA
NA
NA
NA
NA
NA
NA
NA
NA
NA
NA
NA
NA
NA
NA
0.428
0.699
NA
NA
NA
NA
NA
NA
NA
NA
NA
NA
NA
NA
NA
NA
NA
NA
NA
0.52
0.588
NA
0.506
NA
NA
NA
NA
NA
NA
NA
0.926
0.626
0.805
NA
NA
0.554
0.667
NA
0.731
NA
0.581
NA
NA
NA
NA
NA
NA
NA
NA
NA
0.604
1
NA
0.562
NA
NA
NA
NA
NA
0.635
0.946
0.791
0.787
0.57
NA
NA
NA
0.668
NA
NA
NA
NA
NA
NA
NA
NA
NA
NA
NA
NA
NA
NA
NA
NA
NA
0.646
NA
NA
NA
0.508
NA
NA
NA
NA
NA
NA
0.789
0.649
NA
NA
NA
0.539
0.732
NA
0.747
0.817
0.746
0.661
0.685
NA
NA
NA
NA
NA
NA
0.623
0.785
0.771
NA
NA
1
NA
0.751
0.69
NA
NA
NA
NA
NA
0.85
NA
NA
NA
0.721
0.726
1
NA
NA
NA
NA
0.669
NA
NA
0.551
NA
0.374
0.611
NA
NA
NA
0.846
NA
0.541
NA
NA
NA
0.835
NA
NA
NA
NA
NA
NA
NA
NA
NA
NA
NA
NA
NA
NA
0.486
0.747
NA
NA
0.843
0.426
NA
0.354
NA
0.475
NA
NA
0.788
0.926
NA
NA
0.765
0.613
NA
NA
NA
NA
NA
NA
1
NA
0.072
NA
NA
NA
0.615
NA
NA
NA
0.547
NA
NA
NA
NA
NA
NA
NA
NA
0.513
NA
NA
NA
NA
NA
0.667
NA
NA
NA
NA
NA
NA
NA
NA
NA
NA
NA
NA
NA
NA
NA
NA
NA
NA
NA
NA
NA
NA
0.81
NA
NA
NA
NA
NA
0.399
0.749
NA
NA
NA
NA
NA
NA
NA
NA
NA
NA
NA
NA
NA
NA
NA
NA
0.724
NA
0.857
0.723
NA
NA
NA
0.942
NA
NA
NA
NA
0.654
NA
NA
NA
NA
NA
NA
NA
NA
0.654
NA
NA
NA
NA
NA
0.764
NA
NA
NA
0.501
NA
NA
NA
NA
NA
0.738
0.603
NA
NA
NA
NA
NA
NA
NA
NA
NA
NA
NA
NA
NA
NA
0.62
1
NA
0.847
NA
NA
0.564
0.556
0.428
NA
0.734
NA
NA
NA
NA
0.841
NA
NA
NA
NA
NA
0.555
0.368
0.646
0.569
NA
NA
NA
NA
NA
NA
NA
NA
NA
NA
NA
NA
NA
1
NA
NA
NA
NA
NA
0.677
NA
NA
0.159
NA
NA
0.63
NA
NA
0.63
0.659
0.697
NA
NA
NA
0.741
0.574
NA
NA
0.666
0.432
0.576
NA
NA
NA
NA
NA
NA
NA
NA
NA
NA
NA
NA
NA
NA
0.459
0.558
1
NA
0.546
0.761
NA
NA
NA
NA
NA
NA
NA
NA
NA
NA
NA
NA
NA
NA
NA
NA
NA
NA
NA
NA
0.614
NA
NA
NA
0.747
NA
0.92
NA
0.56
0.747
NA
0.81
0.636
NA
0.754
0.596
NA
NA
0.633
0.603
NA
0.51
NA
NA
NA
NA
NA
0.705
NA
NA
NA
NA
NA
NA
NA
NA
NA
NA
NA
NA
NA
NA
NA
NA
NA
0.685
0.784
0.68
0.607
NA
NA
NA
NA
0.676
0.609
0.697
0.434
NA
0.705
NA
NA
0.428
0.692
NA
0.701
NA
NA
NA
NA
0.839
0.53
NA
0.636
1
0.479
0.804
NA
NA
NA
NA
NA
NA
0.63
0.581
0.498
0.436
0.582
NA
NA
NA
NA
0.681
NA
NA
NA
NA
NA
NA
NA
NA
NA
0.721
1
NA
NA
NA
NA
NA
NA
0.417
NA
0.662
0.381
NA
NA
0.682
0.446
0.835
0.677
NA
0.916
0.541
0.856
1
NA
0.583
0.537
0.868
1
0.535
0.38
NA
NA
NA
0.899
NA
0.302
NA
0.835
NA
0.808
NA
NA
NA
0.632
0.77
NA
NA
0.763
NA
0.876
0.741
NA
0.805
NA
0.53
NA
NA
NA
1
NA
NA
NA
NA
0.61
0.589
0.839
NA
NA
NA
NA
NA
NA
NA
0.754
NA
0.643
NA
NA
0.599
NA
NA
NA
NA
0.688
1
NA
0.685
NA
0.593
0.835
0.697
NA
0.466
0.847
0.389
NA
0.58
NA
NA
NA
0.84
NA
NA
0.883
NA
1
NA
0.837
NA
NA
NA
0.698
0.811
NA
NA
NA
NA
NA
NA
0.792
NA
NA
0.677
0.602
0.584
0.516
NA
0.741
NA
0.926
NA
NA
0.83
NA
NA
NA
0.573
NA
0.596
NA
NA
NA
NA
NA
0.98
NA
0.518
NA
NA
NA
NA
NA
NA
0.705
1
NA
NA
NA
NA
NA
NA
NA
NA
NA
1
NA
NA
NA
NA
NA
NA
NA
NA
NA
NA
NA
NA
NA
NA
NA
NA
NA
NA
0.802
0.528
NA
NA
0.713
0.899
NA
NA
0.434
NA
1
NA
0.78
NA
NA
NA
1
NA
NA
NA
NA
NA
NA
NA
NA
NA
NA
0.597
NA
0.686
0.725
NA
NA
0.684
0.655
NA
NA
NA
0.851
NA
NA
0.546
NA
NA
NA
NA
NA
NA
0.601
0.508
0.639
NA
NA
NA
NA
NA
0.684
NA
NA
NA
0.594
0.798
0.65
0.721
NA
NA
0.226
0.668
NA
NA
0.754
NA
0.833
0.794
0.587
NA
NA
0.754
0.779
1
0.653
0.66
0.752
NA
NA
NA
0.526
NA
0.625
NA
NA
NA
NA
0.576
NA
NA
NA
NA
NA
NA
0.679
NA
0.72
NA
NA
NA
NA
0.763
NA
0.594
NA
0.559
NA
0.693
0.702
0.493
NA
NA
NA
NA
NA
0.571
0.744
0.448
NA
NA
NA
NA
NA
NA
NA
NA
NA
NA
0.92
NA
NA
0.471
0.546
0.536
0.677
NA
NA
NA
NA
NA
NA
NA
0.39
NA
0.842
0.454
0.643
NA
NA
0.487
0.642
0.474
NA
NA
NA
NA
0.819
0.571
NA
NA
NA
NA
NA
NA
1
NA
NA
NA
NA
NA
NA
NA
1
0.674
0.618
NA
NA
NA
NA
0.489
NA
NA
NA
NA
0.681
NA
NA
NA
NA
NA
0.497
0.458
0.497
NA
NA
NA
NA
0.419
NA
NA
0.654
0.693
0.736
1
NA
0.527
NA
0.629
0.569
0.685
0.535
0.597
NA
NA
0.802
NA
NA
NA
NA
NA
NA
NA
0.63
NA
NA
NA
NA
NA
NA
1
NA
0.797
0.611
NA
NA
0.724
NA
0.283
0.688
NA
NA
NA
0.768
0.72
NA
NA
NA
NA
NA
0.793
NA
NA
NA
NA
0.926
NA
NA
NA
NA
NA
0.456
NA
NA
0.784
0.954
NA
NA
NA
NA
NA
NA
NA
NA
NA
NA
NA
NA
NA
NA
NA
NA
NA
NA
NA
NA
NA
NA
NA
NA
NA
NA
0.132
0.125
NA
0.379
NA
NA
NA
NA
NA
NA
NA
NA
NA
0.641
NA
NA
NA
0.388
NA
NA
NA
NA
NA
NA
NA
0.608
NA
NA
0.702
0.722
NA
NA
NA
0.628
NA
0.134
NA
NA
0.571
NA
0.719
0.443
0.58
NA
NA
NA
NA
0.612
NA
0.606
NA
0.55
NA
NA
0.389
NA
0.744
0.668
NA
NA
NA
NA
0.829
NA
NA
NA
0.697
1
NA
0.618
0.519
0.579
NA
0.608
NA
0.508
0.732
NA
NA
NA
NA
NA
0.618
NA
0.545
NA
NA
0.896
NA
0.731
NA
0.732
1
NA
NA
NA
NA
0.505
0.769
NA
NA
NA
NA
NA
NA
NA
NA
NA
NA
0.484
NA
1
NA
NA
NA
NA
NA
NA
NA
NA
NA
NA
NA
0.562
NA
NA
0.464
NA
NA
NA
NA
NA
NA
NA
NA
0.774
NA
NA
NA
NA
NA
NA
0.513
NA
NA
NA
NA
NA
NA
NA
NA
NA
NA
NA
NA
NA
0.855
NA
NA
NA
NA
1
NA
NA
0.699
NA
NA
NA
NA
NA
NA
NA
NA
NA
NA
NA
NA
1
0.585
NA
NA
NA
NA
NA
0.733
NA
NA
1
NA
NA
NA
NA
NA
NA
NA
NA
NA
NA
NA
0.671
NA
NA
0.754
NA
NA
NA
NA
NA
NA
NA
NA
NA
NA
NA
NA
NA
0.945
NA
NA
NA
NA
NA
NA
0.825
0.679
NA
1
0.835
NA
NA
NA
NA
NA
NA
NA
NA
NA
NA
0.636
0.636
NA
NA
0.639
NA
NA
NA
NA
NA
NA
NA
NA
NA
NA
NA
NA
NA
NA
NA
NA
NA
NA
NA
NA
0.589
NA
NA
NA
NA
NA
NA
NA
NA
NA
NA
NA
NA
NA
0.304
0.619
NA
NA
0.619
NA
NA
0.664
NA
0.735
0.835
0.725
0.717
NA
NA
NA
NA
NA
NA
NA
NA
NA
NA
NA
NA
NA
NA
NA
0.639
NA
NA
NA
NA
NA
NA
NA
NA
NA
NA
0.602
NA
NA
NA
NA
NA
NA
0.569
NA
NA
NA
NA
NA
NA
NA
0.697
0.77
0.92
0.634
NA
NA
NA
NA
0.712
NA
NA
0.687
0.705
NA
0.615
NA
0.805
NA
NA
0.835
NA
NA
NA
NA
NA
NA
NA
NA
NA
NA
NA
0.607
0.502
NA
NA
0.784
NA
0.709
NA
NA
NA
0.087
NA
NA
NA
NA
NA
NA
NA
NA
NA
NA
NA
NA
NA
NA
NA
NA
0.306
NA
NA
NA
NA
NA
NA
NA
NA
NA
NA
NA
NA
NA
NA
NA
NA
NA
NA
NA
0.835
NA
NA
NA
NA
NA
NA
NA
NA
NA
NA
0.503
NA
0.334
0.658
0.666
0.81
NA
NA
NA
NA
NA
NA
0.734
NA
0.712
0.62
NA
0.705
NA
NA
NA
NA
NA
0.741
0.33
0.798
0.835
NA
NA
0.695
NA
NA
NA
NA
NA
0.731
0.602
0.409
0.753
NA
NA
NA
NA
NA
0.842
0.842
1
NA
NA
NA
NA
NA
0.782
NA
NA
NA
NA
NA
NA
NA
0.492
NA
NA
NA
NA
0.298
NA
NA
NA
NA
NA
NA
NA
NA
NA
0.734
NA
0.461
0.573
0.448
NA
NA
NA
0.55
0.537
0.536
NA
NA
NA
NA
NA
NA
NA
0.63
NA
NA
NA
NA
NA
0.948
NA
NA
0.575
0.672
NA
0.735
NA
0.734
0.799
NA
0.682
0.799
NA
NA
NA
NA
NA
NA
0.669
NA
NA
NA
NA
NA
NA
NA
0.771
NA
NA
NA
NA
NA
NA
NA
0.576
NA
NA
0.779
NA
NA
NA
NA
NA
NA
NA
NA
NA
NA
NA
0.789
NA
NA
NA
NA
NA
0.744
NA
NA
NA
NA
NA
NA
NA
NA
NA
NA
NA
NA
NA
NA
NA
NA
NA
NA
NA
NA
NA
NA
NA
NA
NA
0.699
0.79
0.556
NA
NA
0.609
0.718
NA
NA
0.681
NA
0.71
NA
NA
0.795
NA
NA
0.639
NA
NA
NA
NA
NA
NA
NA
NA
0.566
0.674
NA
NA
NA
NA
NA
NA
NA
0.504
NA
NA
NA
NA
NA
0.605
0.894
0.624
NA
NA
NA
0.489
0.784
NA
NA
NA
NA
NA
NA
NA
0.658
NA
0.784
NA
NA
NA
NA
NA
NA
NA
0.472
0.394
0.636
NA
NA
0.611
NA
NA
NA
NA
NA
NA
0.748
NA
NA
NA
NA
NA
NA
NA
NA
NA
0.855
0.637
0.752
0.772
NA
NA
NA
NA
NA
NA
NA
NA
NA
NA
NA
NA
NA
0.47
0.698
0.656
0.716
NA
NA
NA
NA
NA
NA
NA
NA
NA
NA
0.92
NA
NA
NA
0.492
NA
0.688
0.595
NA
NA
NA
NA
0.835
NA
0.696
NA
NA
NA
0.617
NA
NA
NA
NA
NA
NA
0.754
NA
NA
NA
NA
NA
NA
NA
NA
NA
0.578
0.595
NA
NA
0.628
0.659
NA
NA
NA
NA
NA
NA
0.559
0.733
NA
NA
0.587
NA
NA
NA
NA
0.512
0.593
NA
0.589
0.462
0.514
0.608
0.525
NA
NA
NA
NA
NA
NA
NA
NA
NA
NA
NA
NA
0.814
0.886
0.878
0.685
0.73
NA
NA
0.899
NA
NA
0.593
NA
NA
NA
0.549
NA
NA
NA
NA
NA
0.666
0.44
NA
NA
0.389
NA
NA
NA
NA
NA
NA
NA
NA
0.531
NA
NA
NA
NA
NA
0.592
NA
NA
NA
0.696
NA
0.847
NA
NA
0.381
NA
NA
NA
NA
NA
NA
NA
NA
NA
NA
NA
0.379
NA
NA
NA
NA
0.699
0.709
NA
0.632
NA
0.514
0.617
0.533
0.767
0.919
0.855
NA
0.552
NA
0.556
NA
NA
NA
NA
NA
NA
NA
0.731
0.604
0.526
NA
NA
NA
NA
NA
NA
0.563
0.583
0.751
NA
0.556
0.556
0.253
NA
NA
NA
NA
NA
NA
NA
NA
NA
0.613
NA
NA
0.396
NA
NA
NA
NA
NA
NA
0.851
0.762
NA
NA
NA
NA
NA
NA
NA
NA
NA
NA
NA
NA
NA
NA
0.751
NA
NA
NA
NA
NA
NA
0.694
NA
0.839
0.741
NA
NA
NA
0.665
0.842
NA
NA
NA
NA
0.48
NA
NA
NA
NA
NA
0.784
NA
NA
NA
NA
0.667
NA
0.775
NA
0.86
NA
NA
NA
NA
NA
NA
0.748
0.784
NA
NA
NA
NA
0.249
NA
NA
0.597
0.79
NA
NA
NA
NA
NA
NA
NA
NA
NA
NA
NA
NA
NA
NA
0.538
NA
0.703
0.467
0.614
NA
NA
NA
NA
NA
NA
NA
NA
NA
0.631
NA
NA
NA
NA
0.528
NA
NA
NA
NA
NA
NA
NA
NA
NA
NA
0.446
NA
NA
NA
NA
NA
NA
NA
0.733
NA
NA
NA
NA
NA
NA
NA
NA
NA
NA
NA
0.875
NA
NA
0.614
0.792
0.784
NA
NA
NA
NA
NA
NA
NA
NA
NA
NA
NA
NA
NA
NA
NA
NA
NA
NA
NA
NA
NA
NA
NA
NA
NA
NA
NA
NA
NA
0.494
NA
NA
NA
0.754
NA
0.864
NA
NA
NA
NA
NA
NA
0.718
0.595
NA
NA
NA
NA
0.563
NA
0.776
0.899
0.899
0.734
NA
NA
NA
NA
NA
NA
NA
NA
NA
NA
NA
NA
NA
0.819
NA
NA
NA
NA
NA
NA
NA
NA
NA
NA
NA
1
0.842
1
NA
0.705
0.899
NA
NA
NA
NA
NA
NA
NA
0.675
0.632
NA
0.54
0.676
NA
NA
NA
NA
NA
NA
0.62
NA
NA
NA
NA
NA
0.612
NA
NA
NA
NA
NA
NA
NA
NA
NA
NA
NA
NA
NA
NA
NA
NA
NA
0.663
0.652
NA
NA
NA
0.293
0.563
NA
NA
NA
0.842
0.283
NA
NA
0.741
NA
NA
NA
NA
NA
NA
NA
0.784
0.763
NA
NA
NA
NA
NA
0.611
0.67
0.554
NA
NA
NA
NA
NA
NA
NA
NA
NA
NA
0.52
1
0.835
NA
NA
NA
NA
0.688
0.731
NA
NA
NA
NA
NA
0.699
0.801
0.86
NA
NA
NA
NA
NA
0.702
0.662
0.622
0.555
NA
NA
NA
0.401
NA
NA
NA
NA
NA
NA
NA
0.619
NA
NA
NA
NA
NA
NA
NA
NA
0.547
NA
NA
NA
NA
NA
NA
NA
NA
NA
NA
NA
NA
NA
NA
NA
NA
NA
NA
NA
0.859
NA
NA
NA
NA
NA
NA
NA
0.389
0.404
NA
0.368
NA
NA
0.554
0.554
NA
0.563
NA
NA
NA
NA
NA
NA
0.692
NA
NA
NA
NA
NA
NA
1
0.597
NA
NA
NA
NA
NA
0.586
NA
0.733
NA
0.611
NA
NA
NA
0.711
NA
0.756
0.072
NA
0.396
NA
NA
NA
0.571
0.73
NA
0.44
NA
0.604
0.604
NA
0.899
0.404
NA
0.754
NA
0.687
0.607
0.649
NA
NA
NA
NA
NA
NA
NA
0.677
0.589
NA
NA
0.717
0.727
NA
NA
NA
NA
0.771
NA
NA
NA
0.63
NA
NA
NA
NA
0.661
NA
NA
NA
NA
NA
NA
NA
NA
NA
NA
NA
0.505
0.472
NA
NA
NA
NA
NA
NA
NA
NA
NA
NA
NA
NA
NA
NA
NA
NA
NA
NA
NA
NA
NA
NA
NA
NA
NA
NA
0.546
NA
NA
NA
0.375
NA
NA
NA
0.436
0.57
0.747
NA
NA
NA
NA
NA
NA
NA
NA
NA
NA
0.588
NA
NA
0.54
NA
0.603
0.508
NA
0.814
NA
0.518
NA
NA
NA
NA
0.899
NA
NA
0.233
1
NA
0.741
NA
NA
NA
NA
NA
NA
NA
NA
NA
NA
NA
NA
NA
0.494
NA
NA
NA
0.744
0.561
NA
NA
NA
NA
NA
0.534
0.663
NA
NA
NA
NA
NA
0.835
NA
NA
NA
0.571
NA
NA
NA
NA
NA
NA
NA
NA
NA
NA
NA
NA
NA
NA
0.671
NA
NA
NA
NA
NA
NA
NA
NA
NA
NA
0.713
NA
NA
1
0.893
0.789
NA
0.523
0.645
NA
0.673
NA
0.622
NA
0.733
NA
NA
0.623
NA
NA
NA
NA
NA
0.589
NA
0.643
0.58
0.514
0.097
0.609
0.616
NA
NA
0.592
NA
NA
0.589
NA
NA
NA
NA
NA
0.723
0.556
NA
0.285
NA
NA
0.629
0.753
0.589
1
NA
NA
0.43
NA
NA
NA
NA
0.581
0.739
NA
0.618
0.502
NA
0.686
1
0.63
0.508
NA
NA
NA
NA
NA
NA
NA
NA
NA
NA
NA
0.682
NA
NA
0.598
NA
NA
NA
NA
NA
NA
NA
NA
0.751
NA
NA
NA
NA
NA
NA
NA
NA
NA
NA
NA
NA
0.704
NA
NA
0.637
NA
NA
NA
NA
NA
NA
NA
NA
NA
NA
NA
NA
0.568
0.294
NA
NA
NA
NA
NA
NA
NA
NA
NA
NA
NA
NA
NA
NA
NA
NA
NA
NA
NA
NA
NA
NA
NA
NA
NA
NA
NA
NA
NA
NA
0
NA
NA
NA
NA
NA
NA
NA
NA
NA
NA
NA
NA
NA
NA
NA
NA
0.63
NA
0.594
NA
NA
NA
NA
NA
NA
NA
NA
NA
NA
NA
NA
NA
NA
NA
NA
NA
1
0.501
0.347
0.434
NA
0.612
0.402
0.57
0.794
NA
0.311
0.55
1
NA
0.955
0.755
NA
NA
NA
NA
NA
NA
NA
NA
0.756
NA
0.532
NA
NA
NA
NA
NA
0.618
NA
NA
NA
NA
NA
NA
NA
NA
NA
NA
NA
NA
NA
NA
0.292
0.22
NA
NA
NA
0.559
NA
NA
0.589
0.754
NA
0.46
NA
0.501
0.533
NA
NA
0.602
0.532
0.841
NA
0.687
NA
NA
NA
NA
NA
NA
0.847
NA
NA
NA
NA
NA
NA
NA
NA
NA
NA
NA
NA
0.672
NA
NA
NA
NA
NA
NA
NA
NA
NA
NA
0.469
NA
NA
NA
0.685
NA
0.684
0.797
NA
NA
NA
NA
NA
NA
NA
NA
NA
NA
0.487
NA
NA
NA
NA
NA
NA
0.589
0.453
0.379
NA
0.636
NA
NA
0.649
0.649
NA
NA
0.672
NA
0.834
0.291
NA
0.601
NA
0.51
NA
NA
NA
NA
NA
NA
NA
NA
0.507
NA
0.63
0.324
NA
NA
0.607
0.468
NA
NA
NA
NA
0.605
NA
NA
NA
NA
NA
NA
0.733
0.709
NA
NA
NA
0.66
0.659
NA
NA
NA
NA
NA
NA
0.291
NA
NA
NA
0.051
NA
0.456
0.261
NA
NA
NA
0.483
NA
NA
NA
NA
0.705
0.597
0.705
0.705
0.705
NA
NA
0.374
NA
NA
NA
NA
0.774
NA
NA
NA
NA
NA
NA
0.41
NA
NA
NA
NA
0.835
NA
1
NA
1
NA
NA
NA
0.425
0.513
NA
NA
NA
0.84
NA
NA
0.571
NA
NA
NA
1
0.901
NA
NA
NA
0.625
NA
NA
NA
NA
NA
NA
0.734
NA
0.747
NA
NA
NA
0.875
NA
NA
NA
NA
NA
NA
1
NA
0.422
NA
NA
NA
NA
0.46
NA
0.433
NA
NA
NA
NA
NA
NA
NA
NA
NA
0.317
NA
NA
NA
0.615
NA
NA
NA
NA
NA
0.656
0.261
NA
NA
NA
0.762
NA
NA
NA
NA
0.617
0.642
NA
0.663
NA
NA
NA
NA
NA
NA
NA
NA
0.681
NA
NA
NA
NA
NA
NA
0.847
NA
NA
NA
NA
NA
0.812
NA
NA
0.435
0.52
NA
0.515
0.603
NA
NA
NA
NA
NA
0.493
0.171
NA
0.76
NA
0.798
0.836
0.754
0.636
0.589
0.799
NA
NA
NA
NA
NA
0.618
NA
NA
NA
NA
0.685
NA
0.618
NA
NA
NA
0.673
0.678
NA
NA
NA
0.538
NA
NA
NA
NA
NA
NA
NA
NA
NA
0.377
NA
0.442
0.864
NA
0.438
NA
NA
NA
NA
NA
NA
NA
NA
0.56
NA
NA
NA
NA
NA
NA
NA
NA
NA
NA
0.663
0.789
0.509
NA
NA
NA
NA
NA
NA
NA
NA
0.716
0.842
NA
NA
0.863
NA
0.692
NA
NA
0.677
NA
0.899
0.705
NA
NA
NA
NA
NA
NA
NA
NA
NA
0.83
1
NA
0.762
NA
NA
NA
NA
NA
0.604
NA
0.899
0.667
NA
NA
0.529
0.835
0.491
0.483
NA
NA
NA
0.77
NA
NA
NA
NA
NA
NA
0.525
NA
0.842
NA
NA
NA
NA
NA
NA
NA
NA
0.63
NA
NA
NA
0.556
1
NA
NA
NA
NA
NA
NA
NA
NA
0.611
NA
0.784
NA
NA
NA
NA
NA
NA
NA
0.329
0.212
NA
NA
0.635
0.516
0.757
0.573
NA
0.935
NA
NA
NA
NA
NA
NA
NA
NA
NA
0.607
0.618
NA
NA
0.614
0.525
NA
NA
NA
0.713
0.54
NA
NA
NA
NA
NA
NA
NA
0.667
0.668
0.685
NA
NA
NA
NA
0.926
0.527
NA
0.424
NA
0.552
1
0.666
NA
0.743
NA
0.56
0.635
NA
NA
NA
NA
NA
NA
NA
NA
0.723
NA
0.677
NA
NA
NA
NA
NA
NA
NA
NA
NA
NA
NA
NA
NA
NA
0.638
1
0.416
0.842
NA
0.676
1
NA
0.624
0.64
NA
0.865
NA
0.583
NA
NA
NA
NA
NA
NA
0.681
NA
NA
0.723
NA
0.453
NA
0.685
0.499
NA
0.448
0.689
NA
0.822
NA
NA
NA
0.466
0.847
0.554
NA
NA
NA
NA
NA
NA
NA
NA
NA
NA
NA
NA
NA
NA
NA
NA
0.617
NA
0.589
0.619
0.573
1
NA
0.572
0.855
NA
NA
1
0.56
NA
0.511
0.535
0.398
0.441
0.367
0.481
0.374
NA
NA
NA
NA
NA
NA
NA
NA
NA
NA
NA
NA
NA
NA
NA
NA
NA
NA
NA
NA
NA
NA
NA
NA
NA
0.506
NA
0.638
NA
NA
0.865
NA
0.724
NA
0.578
NA
NA
0.934
NA
NA
NA
NA
NA
NA
NA
NA
0.583
NA
0.8
NA
NA
NA
NA
NA
NA
NA
NA
NA
NA
NA
NA
NA
NA
NA
NA
0.722
NA
NA
NA
NA
0.654
0.642
NA
NA
0.589
NA
NA
NA
NA
NA
NA
NA
NA
NA
0.267
NA
NA
NA
NA
NA
NA
NA
0.604
NA
NA
NA
NA
NA
NA
NA
NA
NA
NA
NA
0.692
0.677
NA
0.677
NA
NA
NA
0.103
0.356
NA
NA
NA
NA
NA
NA
NA
NA
NA
NA
NA
NA
NA
NA
NA
NA
NA
NA
NA
NA
NA
NA
0.518
NA
0.415
0.742
0.603
0.621
0.519
NA
NA
NA
NA
NA
NA
NA
0.726
0.554
0.724
NA
NA
0.708
NA
0.588
NA
NA
NA
NA
NA
NA
NA
NA
NA
NA
0.701
0.735
NA
NA
NA
0.535
NA
NA
NA
NA
NA
NA
NA
NA
NA
NA
NA
NA
NA
NA
NA
NA
NA
NA
NA
NA
NA
0.554
NA
0.76
NA
NA
NA
NA
NA
NA
NA
NA
NA
NA
NA
NA
NA
NA
0.56
0.656
NA
NA
NA
NA
0.577
NA
NA
NA
NA
NA
0.714
0.899
0.783
0.922
NA
NA
NA
NA
NA
NA
NA
NA
NA
NA
NA
NA
NA
0.62
0.597
NA
NA
NA
NA
NA
NA
0.842
NA
NA
NA
NA
NA
NA
NA
NA
NA
0.801
0.603
NA
NA
NA
NA
NA
1
0.689
NA
NA
NA
0.642
0.629
NA
NA
NA
0.226
NA
NA
NA
NA
0.553
NA
NA
NA
NA
NA
NA
NA
NA
NA
NA
0.631
NA
NA
NA
NA
NA
NA
NA
NA
NA
0.835
NA
NA
NA
NA
NA
0.732
NA
NA
NA
NA
NA
NA
NA
NA
NA
0.898
0.874
0.853
0.582
NA
NA
NA
NA
NA
NA
NA
NA
NA
NA
NA
0.65
NA
NA
NA
NA
NA
NA
NA
NA
NA
NA
0.773
0.635
NA
NA
NA
NA
NA
NA
0.605
0.422
NA
NA
NA
NA
NA
NA
0.56
NA
0.789
NA
NA
0.741
NA
0.685
NA
NA
NA
0.527
0.608
NA
NA
NA
0.562
0.648
NA
NA
NA
NA
NA
NA
NA
NA
NA
NA
0.81
NA
NA
NA
NA
NA
NA
NA
0.759
0.573
0.432
0.815
NA
NA
0.715
NA
NA
0.522
NA
NA
NA
0.681
NA
NA
NA
NA
NA
NA
NA
NA
NA
NA
NA
NA
NA
NA
0.899
0.456
NA
0.534
0.798
NA
NA
NA
0.465
NA
0.46
NA
0.673
NA
0.843
NA
NA
NA
NA
0.733
0.493
NA
NA
0.628
NA
0.866
0.945
NA
0.741
NA
NA
NA
NA
NA
0.067
0.777
NA
NA
NA
0.818
NA
0.891
0.63
NA
NA
NA
NA
NA
NA
NA
NA
0.589
NA
NA
0.781
NA
NA
NA
NA
NA
NA
NA
NA
NA
0.63
NA
NA
0.697
NA
0.685
0.597
NA
NA
NA
NA
1
1
1
NA
0.584
0.51
0.402
NA
NA
0.707
NA
NA
NA
NA
NA
NA
NA
NA
NA
NA
NA
NA
NA
NA
1
NA
NA
0.762
0.673
0.618
0.666
NA
NA
NA
NA
NA
0.456
NA
NA
NA
NA
NA
0.611
NA
NA
NA
NA
NA
NA
0.556
0.401
NA
0.541
NA
NA
NA
NA
0.445
NA
0.678
NA
NA
NA
0.467
NA
NA
0.733
NA
NA
NA
NA
NA
0.802
NA
NA
NA
NA
NA
NA
NA
NA
NA
NA
0.506
0.733
NA
NA
NA
0.546
NA
NA
NA
NA
NA
NA
NA
NA
NA
NA
NA
NA
NA
NA
NA
NA
NA
1
NA
NA
NA
NA
NA
NA
0.617
NA
NA
NA
NA
0.665
NA
0.504
0.738
NA
NA
NA
NA
NA
NA
NA
NA
NA
NA
NA
0.702
NA
NA
0.603
NA
NA
NA
NA
0.532
NA
NA
NA
NA
NA
NA
0.722
NA
NA
NA
NA
NA
0.568
NA
0.531
0.676
NA
NA
NA
NA
NA
NA
NA
NA
NA
NA
NA
NA
NA
NA
NA
NA
NA
NA
NA
NA
NA
NA
NA
NA
NA
NA
NA
0.425
NA
NA
NA
NA
0.539
NA
NA
NA
NA
NA
NA
NA
NA
1
NA
NA
0.645
NA
NA
0.741
0.734
NA
NA
NA
NA
NA
NA
0.663
NA
NA
NA
0.82
0.72
NA
0.726
NA
NA
NA
NA
0.899
0.732
0.718
NA
NA
NA
NA
0.677
0.636
0.461
0.543
NA
NA
0.654
0
0.696
NA
NA
NA
0.697
0.724
NA
0.759
NA
NA
NA
0.584
NA
NA
NA
NA
NA
NA
NA
NA
NA
NA
0.321
0.835
NA
NA
NA
0.795
0.724
NA
NA
NA
NA
0.603
NA
NA
NA
NA
0.821
0.815
NA
NA
NA
NA
NA
NA
0.538
NA
0.697
NA
NA
0.553
NA
NA
NA
0.617
NA
NA
NA
NA
0.748
NA
NA
NA
NA
NA
NA
NA
NA
0.535
NA
0.639
0.705
NA
0.617
NA
0.773
NA
NA
NA
NA
NA
NA
NA
NA
0.511
NA
NA
NA
NA
NA
NA
0.926
0.656
NA
NA
NA
0.701
NA
NA
NA
NA
NA
NA
0.568
0.4
0.768
NA
NA
NA
0.619
0.926
NA
NA
NA
NA
0.715
0.865
0.814
NA
0.881
0.873
0.92
NA
NA
NA
NA
NA
NA
NA
NA
NA
NA
NA
NA
NA
NA
NA
NA
0.557
NA
NA
NA
NA
NA
0.798
NA
NA
NA
0.717
NA
NA
0.605
NA
NA
0.628
0.583
NA
NA
NA
0.373
NA
NA
NA
NA
NA
NA
0.552
0.559
NA
NA
NA
NA
NA
NA
NA
NA
NA
0.656
0.642
NA
NA
NA
0.638
NA
NA
NA
NA
NA
NA
0.586
NA
0.554
0.626
0.658
0.113
NA
NA
NA
NA
0.763
NA
NA
NA
NA
0.636
NA
NA
0.517
NA
NA
NA
NA
NA
NA
NA
NA
0.86
0.668
NA
NA
NA
NA
NA
0.597
NA
0.945
NA
0.622
0.514
1
NA
NA
0.678
NA
NA
NA
0.609
0.493
NA
0.614
NA
NA
NA
NA
NA
NA
NA
NA
0.73
NA
NA
0.514
NA
0.468
NA
NA
NA
NA
0.774
0.628
NA
0.621
0.725
NA
0.824
NA
NA
NA
NA
0.899
NA
NA
NA
NA
0.469
NA
NA
0.781
NA
NA
NA
0.788
0.677
NA
NA
1
0.835
NA
0.736
NA
0.644
0.81
NA
0.725
NA
0.551
0.926
0.601
0.74
NA
NA
NA
NA
NA
0.597
0.525
NA
NA
0.013
NA
NA
NA
NA
0.619
NA
0.831
NA
NA
NA
NA
NA
NA
NA
NA
0.705
NA
1
0.705
NA
NA
NA
NA
NA
NA
NA
NA
NA
0.699
NA
NA
0.628
NA
NA
NA
NA
NA
0.772
0.726
NA
NA
NA
NA
0.622
0.356
NA
NA
0.618
0.734
NA
NA
NA
0.606
0.484
0.59
0.761
NA
0.61
NA
NA
NA
NA
NA
NA
NA
NA
NA
NA
NA
NA
NA
0.646
NA
NA
NA
NA
NA
0.742
NA
NA
NA
0.679
NA
NA
NA
NA
NA
NA
0.485
1
0.63
NA
NA
0.535
NA
NA
NA
0.563
0.859
NA
NA
NA
NA
NA
NA
NA
NA
NA
0.776
NA
0.817
0.881
NA
NA
0.708
NA
0.677
NA
NA
NA
NA
NA
0.817
NA
0.777
NA
0.611
NA
NA
0.661
NA
0.597
NA
NA
NA
NA
0.687
NA
0.835
1
1
NA
0.705
NA
NA
NA
NA
NA
0.664
0.676
NA
NA
NA
NA
0.819
NA
0.719
NA
NA
NA
0.63
NA
NA
NA
NA
NA
NA
NA
NA
NA
NA
NA
NA
NA
0.722
NA
NA
NA
NA
NA
NA
NA
NA
NA
NA
NA
NA
0.631
NA
NA
NA
NA
NA
NA
NA
0.786
NA
NA
0.605
0.614
NA
0.634
NA
NA
NA
NA
0.631
NA
NA
0.61
NA
NA
NA
NA
NA
NA
NA
NA
NA
NA
NA
NA
NA
NA
NA
NA
NA
NA
NA
0.753
NA
0.668
NA
NA
1
NA
NA
NA
NA
NA
NA
NA
NA
NA
0.71
NA
NA
NA
NA
NA
NA
0.709
NA
NA
NA
NA
NA
NA
NA
NA
NA
NA
NA
0.705
0.535
NA
0.695
NA
0.688
NA
0.808
0.834
NA
0.696
NA
NA
NA
NA
NA
0.589
0.554
NA
NA
NA
NA
0.789
0.868
0.641
NA
NA
0.926
0.462
NA
0.5
NA
NA
0.789
0.942
0.734
1
NA
1
0.601
NA
0.945
NA
NA
0.727
0.783
0.742
0.554
0.691
NA
NA
0.775
0.628
NA
NA
NA
NA
NA
0.789
NA
NA
NA
NA
NA
NA
NA
NA
NA
0.912
0.614
NA
0.046
NA
NA
0.536
NA
0.694
0.597
0.666
NA
NA
NA
0.516
NA
0.783
NA
0.666
0.935
NA
0.635
NA
NA
NA
NA
NA
0.685
NA
NA
NA
NA
NA
NA
0.594
NA
NA
1
NA
NA
NA
NA
NA
NA
NA
0.835
0.498
0.683
1
0.926
0.636
NA
0.401
NA
NA
NA
NA
NA
NA
0.608
NA
0.539
0.71
0.585
NA
NA
NA
NA
NA
NA
NA
NA
NA
NA
NA
NA
NA
NA
NA
0.612
NA
NA
0.741
NA
NA
NA
NA
NA
NA
NA
NA
0.557
0.825
NA
NA
NA
NA
NA
NA
NA
NA
NA
NA
NA
0.617
0.741
0.626
0.814
NA
0.805
NA
NA
NA
NA
NA
NA
NA
NA
0.409
NA
NA
NA
NA
NA
0.509
1
1
0.654
0.795
0.808
NA
NA
NA
NA
NA
NA
NA
NA
NA
NA
NA
NA
NA
NA
NA
NA
NA
NA
NA
NA
NA
NA
NA
0.603
NA
NA
0.478
NA
NA
NA
NA
NA
NA
NA
NA
NA
NA
NA
NA
NA
0.701
NA
NA
0.537
NA
NA
NA
NA
NA
NA
NA
0.754
NA
0.731
NA
NA
NA
NA
NA
NA
NA
NA
NA
NA
NA
NA
NA
NA
0.731
NA
NA
NA
0.278
NA
NA
NA
NA
NA
NA
NA
NA
NA
NA
NA
NA
0.641
0.57
0.463
NA
NA
NA
0.472
NA
NA
NA
NA
NA
NA
NA
0.812
0.639
0.744
0.677
NA
NA
NA
NA
NA
NA
NA
NA
0.705
NA
NA
NA
NA
0.509
1
NA
NA
NA
NA
NA
0.926
NA
NA
NA
0.575
NA
NA
NA
NA
NA
NA
NA
NA
NA
NA
NA
NA
0.552
NA
NA
NA
NA
0.661
NA
0.956
0.572
NA
0.401
0.422
0.646
NA
NA
0.854
0.681
0.854
NA
NA
0.444
0.541
0.835
NA
NA
NA
0.63
0.731
NA
NA
NA
NA
NA
NA
NA
NA
NA
NA
NA
NA
NA
NA
NA
0.284
NA
NA
0.798
0.66
NA
0.625
0.616
NA
NA
NA
NA
NA
NA
NA
NA
NA
0.545
NA
NA
NA
NA
NA
NA
NA
NA
NA
NA
0.792
0.576
NA
NA
NA
NA
NA
NA
NA
NA
NA
NA
0.611
NA
NA
0.74
NA
NA
0.699
NA
NA
NA
0.86
NA
NA
NA
NA
NA
NA
NA
NA
NA
NA
NA
NA
NA
NA
NA
0.554
NA
NA
NA
0.471
NA
NA
NA
NA
NA
NA
NA
NA
NA
NA
NA
NA
NA
NA
NA
0.909
NA
NA
NA
NA
0.509
NA
NA
NA
NA
0.527
0.428
NA
0.445
0.501
NA
NA
NA
0.611
NA
NA
NA
0.471
NA
NA
0.698
0.698
0.546
0.913
0.611
NA
0.777
NA
0.722
NA
NA
NA
NA
NA
NA
NA
NA
NA
NA
NA
NA
0.548
0.716
NA
NA
NA
0.453
NA
NA
0.604
NA
NA
0.568
NA
NA
0.725
0.861
NA
NA
NA
NA
NA
NA
NA
NA
NA
0.595
0.679
0.664
0.499
0.647
NA
NA
NA
NA
NA
0.537
NA
NA
NA
NA
NA
NA
1
NA
NA
NA
NA
NA
1
0.431
0.68
0.589
NA
NA
NA
NA
NA
NA
NA
NA
0.921
0.546
NA
NA
0.59
NA
NA
0.521
NA
0.719
NA
0.796
0.413
0.349
NA
NA
NA
NA
NA
NA
NA
0.784
NA
0.284
NA
0.727
NA
NA
NA
NA
NA
NA
NA
NA
0.611
NA
0.677
NA
0.689
NA
NA
NA
0.554
0.505
NA
NA
NA
NA
NA
0.584
NA
NA
NA
NA
0.497
NA
NA
NA
NA
NA
NA
NA
NA
NA
NA
NA
0.637
0.612
NA
NA
0.527
NA
0.526
0.764
0.562
NA
NA
NA
NA
NA
NA
NA
NA
NA
0.683
NA
NA
NA
NA
0.705
NA
NA
NA
NA
NA
0.746
NA
0.384
0.387
NA
NA
0.38
0.394
NA
NA
NA
NA
0.63
NA
0.457
NA
NA
NA
0.653
NA
NA
NA
0.597
NA
NA
NA
NA
NA
NA
0.563
NA
0.835
0.842
NA
NA
NA
NA
0.677
NA
0.68
NA
0.844
NA
NA
NA
0.449
NA
NA
NA
NA
NA
0.918
NA
0.708
NA
NA
NA
NA
0.705
NA
0.723
0.552
NA
0.395
0.83
0.802
NA
NA
0.954
0.694
0.57
NA
NA
NA
NA
0.776
0.395
NA
0.073
NA
NA
NA
NA
NA
0.677
0.563
NA
NA
NA
0.753
0.774
NA
1
NA
NA
NA
NA
NA
0.574
0.818
0.718
0.596
NA
NA
NA
NA
NA
NA
NA
NA
0.842
1
NA
0.413
NA
1
0.473
NA
NA
0.554
NA
NA
NA
NA
0.499
0.607
0.926
0.721
NA
0.52
NA
0.899
NA
NA
0.657
NA
NA
NA
0.494
NA
NA
NA
0.699
0.836
0.851
0.855
1
1
0.899
NA
0.535
NA
NA
0.754
0.625
0.798
NA
NA
NA
0.625
NA
NA
NA
NA
NA
0.806
0.589
0.628
0.786
NA
NA
0.546
NA
NA
NA
0.403
0.598
1
NA
NA
0.835
1
0.896
NA
NA
NA
NA
NA
NA
NA
NA
NA
NA
NA
NA
0.289
NA
NA
NA
NA
0.658
NA
0.394
NA
0.658
NA
NA
NA
NA
NA
NA
NA
NA
NA
NA
NA
NA
NA
NA
NA
0.392
NA
0.712
0.678
0.398
NA
0.61
0.563
0.299
0.546
0.756
0.694
0.482
0.63
NA
NA
0.697
NA
NA
NA
0.632
NA
NA
NA
NA
NA
NA
NA
NA
0.34
NA
NA
0.537
NA
0.374
NA
NA
NA
NA
NA
NA
NA
NA
0.523
NA
NA
0.883
0.487
0.808
0.585
0.722
0.732
NA
0.528
0.386
0.458
NA
0.816
NA
NA
NA
0.635
0.677
1
1
0.705
NA
NA
NA
NA
NA
NA
NA
NA
NA
NA
0.323
NA
NA
NA
NA
0.361
NA
1
0.494
NA
NA
0.885
0.894
NA
NA
NA
NA
NA
NA
NA
NA
NA
NA
NA
0.784
0.534
0.676
0.741
0.332
0.589
0.519
NA
0.479
NA
NA
NA
NA
NA
NA
1
0.899
0.535
1
0.604
0.63
NA
NA
NA
NA
0.828
NA
NA
NA
0.694
NA
NA
0.729
NA
NA
0.556
0.322
NA
0.605
0.619
0.716
NA
NA
0.52
0.703
0.445
NA
0.757
0.621
0.583
0.619
1
NA
NA
NA
NA
NA
NA
0.748
0.584
NA
0.926
0.662
0.432
NA
0.603
1
0.503
0.926
0.763
0.635
NA
NA
NA
NA
NA
NA
NA
NA
NA
0.885
0.964
0.716
NA
0.52
0.614
0.618
0.362
0.662
NA
NA
NA
NA
NA
NA
0.608
0.935
NA
0.561
0.435
0.552
0.378
0.502
NA
NA
NA
0.754
NA
NA
NA
NA
NA
NA
NA
NA
NA
1
NA
NA
NA
NA
NA
0.363
0.663
NA
0.524
0.42
0.41
0.451
0.625
0.646
1
0.573
NA
0.569
0.452
1
NA
0.726
0.589
NA
0.44
0.506
NA
NA
NA
0.719
NA
NA
NA
0
NA
0.515
0.388
0.664
0.831
0.496
NA
0.784
NA
0.54
NA
NA
0.518
0.566
0.741
NA
0.646
0.618
NA
NA
NA
1
1
0.58
0.458
NA
0.701
NA
0.383
0.63
NA
0.926
NA
NA
NA
0.549
0.707
NA
NA
NA
0.461
0.573
NA
NA
NA
NA
1
0.356
NA
0.685
0.268
0.634
NA
NA
NA
NA
0.683
NA
NA
NA
NA
0.754
0.792
0.971
NA
NA
NA
NA
1
NA
NA
NA
NA
NA
NA
NA
NA
NA
NA
NA
NA
NA
0.476
0.731
NA
0.699
NA
0.374
NA
0.894
0.69
NA
NA
NA
NA
NA
NA
0.633
0.835
NA
NA
0.462
0.537
NA
NA
NA
NA
NA
NA
0.637
NA
NA
0.591
NA
0.694
1
NA
NA
0.754
NA
NA
0.899
0.76
1
0.555
NA
0.504
NA
0.602
NA
0.835
0.555
NA
NA
NA
NA
0.899
0.611
NA
0.531
0.639
0.704
NA
NA
0.721
NA
NA
NA
NA
NA
0.681
NA
0.464
0.814
NA
NA
NA
0.535
0.549
NA
0.862
NA
NA
NA
0.762
0.445
NA
NA
NA
0.566
NA
NA
NA
NA
0.688
0.892
NA
NA
NA
NA
0.665
NA
0.841
0.802
NA
NA
0.616
NA
0.523
0.731
NA
NA
NA
0.685
0.653
NA
NA
0.731
NA
NA
NA
NA
NA
NA
NA
NA
0.627
NA
0.687
NA
NA
NA
NA
0.781
NA
NA
NA
0.724
0.587
NA
0.602
NA
NA
NA
NA
NA
NA
NA
NA
NA
NA
NA
NA
NA
NA
NA
0
NA
NA
NA
0.818
NA
NA
NA
0.604
0.611
0.542
NA
0.671
NA
0.691
0.551
NA
0.842
0.7
0.616
NA
NA
NA
NA
NA
0.731
NA
0.795
NA
NA
NA
NA
NA
NA
NA
NA
NA
NA
NA
NA
NA
0.69
NA
NA
NA
NA
NA
NA
NA
NA
NA
NA
NA
NA
0.734
NA
NA
NA
0.652
NA
NA
0.504
1
0.869
NA
0.899
NA
NA
NA
NA
NA
NA
NA
NA
1
1
NA
NA
NA
NA
NA
NA
NA
NA
NA
NA
NA
NA
NA
NA
NA
NA
0.835
NA
0.072
0.742
NA
NA
NA
NA
NA
NA
NA
NA
NA
NA
0.835
NA
NA
NA
NA
0.835
NA
NA
NA
NA
NA
NA
NA
NA
NA
NA
NA
NA
NA
NA
NA
NA
NA
NA
NA
NA
NA
NA
0.779
NA
NA
NA
NA
0.743
0.609
0.348
NA
NA
0.849
NA
NA
NA
NA
0.356
NA
NA
0.555
0.685
NA
NA
0.647
NA
NA
0.73
NA
NA
0.464
NA
NA
NA
0.505
0.317
NA
NA
NA
NA
NA
NA
0.914
0.523
1
NA
NA
NA
0.699
NA
NA
NA
NA
0.683
0.683
NA
NA
NA
0.757
NA
NA
NA
NA
NA
NA
NA
NA
NA
NA
NA
NA
NA
NA
NA
NA
0.296
NA
0.691
NA
NA
NA
NA
NA
NA
NA
NA
NA
NA
NA
NA
NA
NA
NA
NA
NA
NA
NA
NA
NA
NA
NA
0.452
0.625
NA
0.677
0.835
0.835
NA
NA
NA
NA
NA
NA
NA
NA
NA
NA
NA
0.628
NA
NA
0.688
NA
0.667
NA
NA
NA
NA
NA
NA
NA
NA
NA
NA
NA
NA
NA
NA
0.798
NA
NA
NA
NA
NA
NA
NA
NA
NA
NA
NA
NA
NA
NA
0.623
NA
NA
NA
NA
NA
0.784
NA
NA
NA
NA
NA
NA
NA
NA
NA
NA
NA
NA
NA
NA
NA
NA
NA
NA
NA
NA
0.893
NA
NA
NA
NA
NA
NA
NA
NA
NA
NA
NA
NA
NA
NA
NA
NA
NA
NA
NA
NA
NA
NA
0.506
NA
NA
NA
NA
NA
NA
NA
NA
NA
NA
0.768
0.828
0.129
NA
0.402
NA
NA
NA
NA
NA
NA
0.534
NA
NA
NA
NA
NA
NA
NA
NA
NA
NA
NA
NA
NA
NA
NA
NA
NA
0.603
0.167
NA
0.935
NA
NA
0.715
NA
NA
0.614
0.605
NA
NA
NA
NA
NA
NA
NA
NA
NA
NA
NA
NA
NA
NA
0.553
NA
0.222
NA
NA
NA
NA
NA
NA
NA
NA
NA
NA
NA
NA
NA
0.675
0.699
NA
NA
NA
NA
NA
NA
NA
NA
NA
NA
NA
0.842
0.604
NA
NA
NA
NA
NA
NA
NA
0.813
NA
NA
NA
0.763
NA
NA
NA
NA
NA
NA
NA
NA
NA
NA
NA
NA
NA
NA
NA
NA
NA
NA
NA
NA
NA
NA
NA
NA
NA
0.605
NA
NA
0.701
0.528
NA
0.893
NA
NA
NA
NA
NA
NA
NA
NA
NA
NA
NA
NA
NA
0.509
NA
NA
NA
NA
NA
0.33
NA
NA
NA
NA
NA
NA
NA
NA
NA
NA
NA
NA
NA
NA
NA
NA
NA
NA
NA
NA
NA
NA
NA
NA
NA
NA
NA
NA
NA
NA
NA
NA
NA
NA
NA
NA
NA
NA
NA
NA
NA
NA
NA
NA
NA
NA
NA
NA
NA
NA
NA
NA
0.927
NA
NA
NA
NA
NA
NA
NA
NA
NA
NA
NA
NA
NA
NA
NA
0.741
0.667
0.546
0.663
NA
0.771
NA
NA
NA
0.389
NA
NA
NA
0.734
NA
NA
NA
NA
NA
0.709
0.869
NA
NA
NA
NA
NA
NA
0.671
NA
NA
NA
NA
NA
NA
NA
NA
NA
NA
NA
NA
0.678
NA
NA
NA
NA
NA
NA
NA
NA
NA
NA
NA
NA
NA
NA
NA
NA
NA
NA
NA
NA
NA
NA
NA
NA
NA
NA
NA
NA
NA
NA
NA
NA
NA
NA
NA
NA
NA
NA
NA
NA
NA
NA
NA
NA
NA
NA
NA
NA
NA
1
0.661
0.741
NA
NA
NA
NA
NA
NA
NA
NA
NA
NA
NA
NA
NA
NA
NA
1
NA
NA
NA
NA
NA
NA
NA
NA
NA
NA
NA
NA
NA
NA
NA
NA
0.704
0.817
0.541
0.533
NA
NA
NA
NA
NA
NA
NA
NA
NA
NA
NA
NA
NA
NA
NA
NA
NA
NA
NA
NA
NA
NA
NA
NA
NA
NA
NA
NA
NA
NA
NA
NA
NA
NA
NA
NA
NA
NA
NA
NA
NA
NA
NA
NA
NA
NA
NA
NA
NA
NA
NA
NA
NA
NA
NA
NA
NA
NA
NA
NA
NA
NA
NA
0.826
0.768
NA
NA
NA
0.499
0.389
NA
NA
NA
NA
0.486
NA
0.791
NA
NA
NA
0.699
NA
NA
NA
NA
NA
NA
NA
NA
NA
NA
NA
NA
NA
NA
NA
NA
1
NA
NA
NA
NA
NA
NA
NA
NA
NA
NA
NA
0.793
NA
NA
NA
0.694
NA
NA
NA
NA
NA
NA
NA
0.293
NA
NA
NA
NA
0.809
NA
NA
NA
NA
NA
NA
NA
NA
0.835
NA
NA
NA
NA
NA
NA
NA
NA
NA
NA
NA
NA
NA
NA
NA
NA
NA
NA
NA
NA
NA
NA
NA
NA
NA
0.489
0.711
0.768
0.857
0.732
NA
NA
NA
NA
NA
0.731
0.625
NA
NA
NA
NA
NA
0.754
NA
NA
NA
NA
NA
NA
NA
NA
NA
0.538
0.77
0.685
0.195
NA
NA
NA
NA
NA
NA
NA
NA
NA
NA
NA
NA
NA
NA
NA
0.335
NA
NA
NA
NA
NA
NA
0.815
NA
NA
NA
NA
NA
NA
NA
NA
NA
0.256
0.808
NA
0.731
0.296
0.385
NA
NA
NA
NA
0.575
NA
NA
NA
NA
NA
NA
NA
NA
NA
NA
NA
NA
NA
0.655
0.498
0.731
NA
NA
NA
NA
NA
NA
NA
NA
NA
NA
NA
NA
NA
NA
0.815
0.463
NA
NA
1
NA
NA
NA
NA
NA
NA
NA
NA
0.576
0.678
NA
NA
0.593
0.78
0.628
NA
0.662
0.521
NA
NA
NA
0.683
NA
NA
NA
NA
NA
NA
NA
NA
NA
NA
0.754
NA
NA
NA
NA
NA
NA
0.741
NA
NA
NA
NA
NA
NA
NA
0.842
0.835
NA
NA
0.847
0.667
0.584
NA
NA
NA
NA
NA
0.548
0.653
NA
0.637
0.659
NA
0.607
NA
NA
0.583
NA
1
NA
0.499
NA
0.439
0.771
0.661
NA
NA
NA
NA
NA
NA
NA
NA
NA
NA
NA
0.498
NA
NA
NA
NA
NA
NA
0.846
0.737
0.638
1
NA
NA
NA
NA
NA
NA
NA
NA
NA
NA
NA
NA
NA
NA
NA
NA
NA
NA
NA
0.662
NA
NA
NA
NA
NA
NA
NA
NA
NA
NA
NA
NA
NA
NA
NA
NA
0.546
NA
NA
NA
NA
NA
0.74
NA
0.531
NA
NA
NA
NA
NA
NA
0.619
NA
NA
NA
NA
NA
0.424
NA
0.602
0.473
NA
NA
NA
0.703
0.627
0.508
0.473
NA
0.745
NA
NA
NA
NA
NA
NA
NA
NA
NA
NA
0.798
0.496
0.397
NA
NA
NA
NA
NA
NA
NA
NA
NA
NA
NA
0.731
0.744
0.92
NA
NA
0.689
NA
NA
NA
NA
NA
NA
NA
NA
NA
NA
NA
NA
0.649
0.755
NA
NA
NA
NA
0.691
NA
NA
NA
0.587
NA
NA
NA
0.643
NA
NA
NA
0.611
NA
NA
NA
0.96
NA
NA
0.554
0.89
0.676
NA
0.75
1
0.145
NA
0.406
NA
NA
NA
NA
0.747
1
0.685
NA
NA
0.784
NA
NA
NA
NA
NA
NA
NA
NA
0.731
NA
NA
NA
NA
NA
0.435
NA
0.694
0.69
0.386
0.662
0.804
NA
NA
NA
NA
0.713
NA
0.271
1
NA
NA
0.238
NA
NA
NA
0.708
NA
NA
NA
NA
0.842
NA
NA
NA
NA
NA
NA
NA
NA
0.825
NA
NA
NA
NA
NA
NA
NA
NA
NA
NA
0.6
0.589
NA
NA
NA
1
0.52
0.677
NA
0.634
NA
NA
0.606
NA
0.552
0.818
0.596
0.486
NA
NA
NA
NA
NA
NA
NA
NA
0.618
NA
NA
NA
NA
NA
NA
NA
NA
0.515
NA
NA
NA
NA
NA
0.725
0.749
0.694
NA
0.62
NA
NA
NA
NA
NA
0.42
0.441
NA
NA
NA
NA
NA
NA
NA
NA
NA
NA
NA
0.765
0.808
0.5
0.497
NA
NA
0.663
0.645
NA
0.507
NA
NA
NA
0.415
0.935
0.734
NA
NA
NA
1
0.589
NA
NA
NA
0.597
NA
0.467
0.761
NA
NA
NA
NA
NA
NA
NA
0.621
0.878
0.55
NA
NA
0.395
0.662
NA
NA
NA
0.842
NA
0.812
0.537
NA
NA
0.564
0.38
0.652
NA
0.842
NA
NA
NA
NA
0.67
NA
0.885
NA
0.798
NA
NA
NA
0.669
NA
0.799
NA
0.741
NA
NA
NA
NA
NA
NA
NA
NA
0.539
0.739
0.497
0.677
0.441
NA
NA
NA
NA
1
NA
NA
NA
NA
NA
NA
NA
NA
NA
NA
NA
NA
NA
NA
NA
NA
NA
NA
NA
NA
0.836
0.926
NA
0.442
0.866
NA
NA
0.835
0.609
NA
0.393
0.78
NA
NA
NA
NA
NA
NA
NA
0.628
0.8
NA
0.803
NA
NA
0.605
NA
NA
0.675
1
0.835
NA
NA
0.732
0.641
0.716
NA
NA
NA
0.766
NA
0.743
NA
0.847
NA
NA
NA
NA
NA
NA
0.774
NA
0.561
NA
0.555
NA
NA
NA
NA
NA
NA
NA
NA
NA
0.606
NA
1
0.626
NA
0.647
NA
0.764
0.839
NA
NA
NA
0.51
0.648
NA
NA
NA
0.63
NA
0.892
0.493
NA
NA
NA
NA
0.589
0.754
0.448
NA
0.448
NA
NA
NA
NA
NA
NA
NA
NA
0.657
0.568
0.026
0.842
NA
NA
0.792
0.597
NA
0.613
NA
NA
NA
0.278
NA
NA
NA
NA
NA
0.556
NA
NA
NA
NA
NA
0.647
NA
0.658
NA
0.72
NA
1
NA
NA
NA
NA
NA
NA
0.851
0.448
NA
NA
0.754
0.754
0.81
0.025
NA
0
NA
NA
0.677
NA
0.409
NA
0.457
NA
NA
NA
NA
NA
NA
0.506
NA
0.409
0.543
0.63
NA
NA
0.826
0.778
NA
NA
1
0.553
NA
0.691
0.705
NA
0.784
0.893
0.697
0.297
NA
0.712
NA
NA
NA
0.62
0.636
NA
NA
NA
NA
0.98
NA
NA
NA
NA
NA
NA
NA
NA
NA
NA
NA
NA
NA
NA
0.612
NA
NA
NA
0.434
0.748
NA
NA
NA
NA
0.594
NA
NA
NA
1
NA
0.702
0.822
0.821
NA
NA
NA
NA
NA
NA
NA
0.736
0.535
NA
NA
NA
0.644
NA
0.851
NA
NA
NA
NA
NA
NA
NA
NA
1
0.807
0.648
NA
NA
NA
NA
NA
0.936
NA
NA
0.582
NA
NA
0.196
0.444
NA
NA
NA
0.734
NA
NA
NA
NA
0.632
0.714
NA
1
NA
NA
NA
NA
NA
0.534
NA
NA
NA
NA
NA
NA
NA
NA
NA
NA
NA
0.709
NA
0.741
NA
NA
0.835
0.52
NA
NA
NA
NA
NA
NA
NA
NA
NA
NA
NA
NA
NA
0.527
0.835
NA
NA
NA
0.611
NA
NA
NA
NA
NA
NA
0.377
NA
0.118
NA
NA
NA
0.694
NA
NA
NA
NA
NA
NA
NA
NA
NA
NA
NA
NA
0.787
0.624
NA
NA
NA
0.681
NA
NA
NA
NA
NA
NA
NA
NA
NA
NA
NA
NA
0.616
NA
NA
NA
NA
NA
NA
NA
NA
NA
0.712
NA
NA
NA
NA
NA
NA
0.433
NA
0.755
0.747
NA
0.714
NA
0.597
NA
NA
NA
0.877
0.618
NA
0.578
0.557
0.747
NA
NA
0.698
NA
NA
NA
0.842
NA
NA
NA
NA
0.463
0.463
NA
NA
NA
NA
NA
NA
NA
NA
NA
0.723
NA
0.68
NA
NA
0.672
NA
0.536
NA
NA
NA
NA
NA
0.223
NA
0.793
0.938
NA
NA
NA
NA
NA
NA
NA
NA
0.736
0.502
0.405
NA
0.599
NA
NA
NA
NA
0.56
NA
NA
NA
0.417
0.604
NA
NA
NA
NA
NA
NA
NA
NA
NA
NA
0.697
0.814
0.556
NA
NA
NA
NA
NA
NA
NA
0.406
NA
0.523
0.258
0.629
0.474
NA
NA
0.651
0.453
0.794
NA
NA
NA
NA
NA
NA
0.651
NA
NA
NA
NA
NA
NA
NA
0.546
NA
NA
0.505
0.064
NA
NA
NA
NA
NA
NA
NA
NA
0.193
0.374
NA
0.504
NA
0.842
NA
NA
NA
0.784
NA
NA
NA
NA
0.55
NA
NA
NA
NA
NA
NA
0.556
NA
NA
NA
NA
NA
NA
NA
0.34
0.371
0.31
NA
0.667
NA
0.685
0.514
0.703
NA
NA
NA
NA
NA
NA
NA
NA
0.475
0.697
0.78
NA
0.842
NA
NA
NA
NA
NA
NA
NA
NA
NA
NA
0.812
NA
NA
NA
NA
0.427
NA
NA
NA
NA
NA
NA
NA
NA
NA
NA
NA
0.774
NA
NA
NA
NA
NA
NA
0.818
0.628
NA
NA
NA
NA
NA
NA
NA
NA
NA
0.525
0.378
0.6
NA
NA
NA
NA
NA
NA
NA
NA
NA
0.63
NA
NA
NA
NA
NA
NA
NA
NA
NA
NA
0.705
NA
0.598
0.681
0.631
NA
NA
NA
NA
NA
NA
NA
NA
NA
NA
NA
NA
NA
NA
NA
NA
NA
NA
NA
NA
NA
NA
NA
NA
0.716
NA
NA
NA
0.727
NA
NA
NA
0.731
1
NA
NA
0.556
NA
0.529
NA
0.63
NA
NA
NA
NA
NA
NA
NA
0.722
0.655
NA
NA
0.789
NA
NA
0.774
NA
NA
0.523
NA
NA
NA
NA
0.585
NA
NA
NA
NA
NA
0.831
NA
NA
NA
NA
NA
0.577
NA
NA
NA
NA
NA
0.472
NA
NA
0.44
NA
NA
0.759
NA
NA
NA
0.575
0.597
0.563
0.597
NA
NA
NA
0.605
NA
NA
NA
NA
NA
0.502
NA
0.734
0.649
NA
0.618
NA
NA
NA
0.496
NA
0.685
NA
0.654
NA
NA
0.838
0.654
0.702
NA
0.685
NA
NA
NA
NA
0.729
NA
0.775
NA
NA
NA
NA
0.653
0.589
NA
NA
0.39
0.378
NA
0.519
NA
0.378
NA
NA
NA
NA
NA
NA
NA
NA
NA
0.731
NA
0.598
NA
0.693
NA
NA
0.355
0.476
0.745
NA
NA
NA
NA
NA
NA
NA
NA
NA
NA
NA
0.874
0.731
NA
1
NA
0.682
NA
NA
NA
NA
NA
NA
NA
NA
NA
NA
NA
NA
NA
0.765
NA
0.751
0.536
0.561
NA
NA
0.894
NA
0.71
0.614
0.626
NA
0.732
0.518
0.436
NA
0.679
NA
0.784
NA
NA
NA
NA
0.605
NA
0.775
NA
NA
NA
NA
0.565
NA
NA
NA
NA
NA
NA
0.683
0.773
NA
0.552
NA
NA
NA
0.866
NA
NA
NA
0.471
NA
NA
NA
NA
NA
NA
NA
NA
NA
NA
NA
NA
