0.618
0.558
NA
0.416
0.762
0.691
0.552
0.564
0.494
0.679
NA
0.263
0.62
1
0.615
0.587
0.562
0.779
0.655
0.64
NA
0
1
0.682
0.495
0.541
0.581
0.62
1
0.771
0.584
0.728
0.754
1
NA
0.451
1
NA
0.44
NA
NA
NA
NA
NA
0.712
0.439
0.614
1
NA
0.646
NA
1
0.246
0.602
0.464
0.77
0.582
0.438
0.603
0.681
0.55
0.474
1
NA
0.809
0.787
0.588
NA
NA
0.644
0.728
0.721
0.723
1
1
NA
0.353
0.358
0.114
0.658
0.403
0.951
0.644
0.785
0.845
0.779
0.619
0.576
0.356
0.756
0.817
0.332
0.403
0.624
NA
0.441
0.522
0.286
0.563
0.583
1
1
0.543
0.357
NA
NA
NA
NA
0.479
0.314
0.672
0
NA
0.551
0.531
0.501
0.558
0
0.377
0.828
NA
1
0.29
0.114
0.598
0.493
0.465
0.202
0.799
0.681
0.67
0.55
0.708
0.334
0.461
0.416
0.546
0.352
0.337
1
0.486
0.265
1
0.541
0.499
0.513
0.513
1
0.49
0.548
0.4
1
1
1
0.597
0.474
1
0.316
0.135
0.601
0.471
0.469
0.485
0.521
0.385
0.614
1
0.464
0.488
0.594
1
0.564
0.876
0.597
1
0.547
0.598
0.462
0.666
0.702
0.472
0.528
0.703
0.567
0.792
0.634
0.721
0.069
1
0.084
1
0.721
0.721
0.114
0.721
0.299
0.378
1
0.253
0.478
0.589
0.466
1
0.267
0.502
0.491
0.398
0.68
0.681
0.623
0.717
0.523
0.658
0.769
1
0.508
0.673
0.841
NA
NA
0.472
0.633
1
0.724
0.456
0.481
0.628
0.641
0.555
0.519
0.629
1
0.478
0.536
0.61
0.251
0.567
1
0.685
0.683
0.437
0.436
NA
0.791
0.916
0.781
0.784
0.751
0.701
0.755
0.745
0.537
1
0.735
0.651
0.062
0.067
1
0.762
0.527
0.714
0.724
0.714
0.485
0.669
0.504
0.46
1
0.6
0.442
0.689
0.625
0.592
0.518
0.624
0.564
0.571
0.577
0.844
0.611
0.461
1
0.55
0.381
0.58
0.716
0.342
0.724
0.567
0.634
0.632
1
0.649
0.568
NA
1
0.568
0.547
0.6
0.863
0.692
0.615
0.577
0.724
0.647
0.591
0.274
0.545
0.568
0.585
1
0.705
NA
0.311
0.587
0.547
1
0.653
0.494
0.612
0.739
0.612
0.452
0.719
0.692
0.418
0.754
1
0.601
0.576
0.677
0.654
0.795
0.639
0.584
0.928
0.812
1
0.711
0.57
NA
0.719
0.731
0.748
0.459
0.53
0.813
0.731
1
0.883
0.544
0.302
0.597
1
1
0.566
0.609
0.539
0.63
0.69
0.622
0.812
0.498
0.437
0.374
0.516
0.557
1
0.693
0.468
0.302
NA
0.684
0.769
0.148
1
0.448
0.69
0.867
0.716
1
0.867
0.823
0.581
0.554
0.494
0.656
0.702
0.502
0.944
0.678
1
0.434
0.214
0.718
0.325
0.705
1
0.757
0.476
0.701
1
1
0.369
0.274
1
1
0.886
0.819
0.859
0.61
0.591
0.752
0.477
0.632
1
NA
0.432
0.337
0.471
0.235
1
0.312
0.407
0.519
0.544
0.601
0.541
0.36
0.575
0.338
0.555
0.609
0.469
0.507
0.573
0.378
0.241
0.443
0.455
0.384
0.482
0.68
0.485
0.713
0.633
0.55
0.787
1
0.624
0.848
0.319
0.163
0.117
0.957
0.121
0.395
0.905
1
0.693
0.634
1
NA
0
0.276
0.374
NA
NA
NA
NA
0.721
1
0.368
0.5
1
0.449
0.337
0.464
1
1
1
0.585
0.688
0.513
0.695
1
0.777
0.644
1
0.187
0.644
0.576
0.611
0.587
0.553
0.66
0.555
NA
0.51
0.567
1
0.443
0
0
0.763
1
0.738
0.921
0.395
1
0
NA
NA
NA
1
0.106
0.623
0.162
0.268
0.085
0.354
1
1
NA
0.452
1
0.629
0.468
0.38
0.092
NA
NA
0.084
0.376
0.395
0.529
0.195
0.479
0.314
0
NA
0.488
0.436
0
0.193
0
0.657
0.596
0.377
0
0
0
0
NA
0.19
1
0.519
0.72
0.229
0
1
1
0.627
NA
0
0
1
0
0
1
0.824
0.929
1
0.951
0.876
0.474
1
0.599
0.633
0.815
0.51
NA
NA
NA
NA
NA
NA
1
0.779
0.599
0.571
NA
NA
1
0.314
0
0.507
0.445
0.429
0.263
0.753
0.391
NA
NA
0.364
0.67
0.493
0.376
0.258
0.366
0.642
1
0.612
0.426
0.641
0.464
0.751
0.633
0.416
0.461
0.695
0.706
0.665
0.57
0.673
NA
NA
NA
NA
NA
NA
NA
0.746
1
0.599
0.623
0.672
0.484
0.636
0.588
0.59
0.672
0.464
NA
0.561
0.565
0.906
1
0.529
0.425
0.802
1
0.703
0.528
0.676
0.616
0.451
0.579
1
NA
0.628
1
1
0.558
0.596
1
0.69
0.69
0.512
0.657
0.677
0.631
0.651
0.772
0.648
0.264
0.721
0.59
0.535
0.604
0.382
0.261
NA
1
0.688
0.749
1
0.697
1
0.558
0.659
0
0.517
0.502
0.069
0.148
NA
NA
NA
0.559
0.932
0.823
0.823
0.722
0.53
0.512
1
0
0.491
NA
0.267
0.558
0.536
1
0.48
NA
0.918
0.766
1
0.498
0.43
NA
NA
NA
NA
NA
NA
0.823
1
0.773
0.788
0.848
0.608
0.668
1
0.675
0.19
0.619
0.626
0.758
0.789
1
0.842
0.797
0.489
1
NA
0.583
0.575
0.576
0.536
0.473
0.928
1
0.22
NA
NA
0.793
1
1
1
1
0.371
0.341
0.356
0.479
0.445
0.335
NA
0.649
0.068
0.628
1
0.359
0.545
0.407
0.499
0.768
0.495
0.644
1
1
0.831
1
1
0.366
0.436
NA
NA
0.172
1
1
1
0.325
0
0.188
0.139
0.366
1
0.384
0.385
0.332
0.478
0.565
0.445
1
0.718
0.899
NA
NA
1
0.758
1
0.75
1
0.356
0.569
0.438
0.736
NA
NA
0.291
0.569
1
0.335
NA
0.599
0.639
0.657
1
0.346
0.776
1
0.505
0.624
0.582
0.671
0.708
0.522
1
0.368
0.509
0.314
0.121
0.309
NA
1
0.604
0.416
0.517
0.593
0.733
NA
NA
NA
NA
NA
NA
NA
NA
1
0.762
0.814
1
0.843
0.59
0.567
0.236
0.381
0.182
0.729
NA
0.803
1
0.536
0.793
0.725
0.63
0.646
0.708
0.48
1
1
0.527
0.56
0.56
0.705
0.376
1
1
0.71
1
0.34
0.721
0.405
0.498
NA
1
0.676
0.695
0.716
0.658
0.645
0.749
0.734
0.766
0.725
0.756
0.616
0.84
0.614
0.617
0.26
0.182
0.269
0.637
0.865
0.516
1
0.599
0.114
1
0.19
0.294
1
0.402
0.093
0.25
0.804
0.341
0.581
NA
0.52
NA
1
0.572
0.358
0.275
0.338
0.469
0.426
0.145
0.384
0.89
NA
0.688
0.693
NA
0.633
0.418
0.466
0.856
0.599
0.687
0.785
0.746
0.645
0.757
NA
1
0.627
0.459
NA
NA
0.678
0.075
0.59
0.541
0.477
NA
0.654
NA
0.63
0.555
0.675
0.637
0.86
0.71
0.746
NA
1
0.963
NA
NA
NA
NA
NA
NA
NA
NA
NA
NA
0.424
0.322
0.512
0.632
0.77
0.761
1
0.679
0.679
0.767
0.419
0.206
1
0.654
0.5
0.369
NA
0.421
1
0.802
1
0.713
0.576
0.69
0.588
0.731
1
0.649
0.594
0.502
0.644
0.731
0.899
0.769
0.416
0.571
0.546
0.752
0.649
0.182
0.933
0.598
0.402
0.541
1
NA
0.536
0.197
1
1
0.393
0.558
1
0.504
0.574
0.643
0.398
0.558
0.591
0.59
0.515
0.349
1
NA
NA
NA
NA
NA
0.693
0.288
1
1
0.736
0.671
0.773
0.702
0.496
0.856
0.696
NA
NA
NA
0.358
1
0.685
0.485
0.576
0.404
0.507
0.697
1
0.431
0.343
1
0.18
0.67
0.406
1
0.608
0.789
0.086
0.808
0.881
0.761
0.782
NA
0.488
0.535
0.648
0.352
0.237
0.255
0.251
0.311
NA
NA
0.561
1
0.721
0.216
0.553
0.654
0.508
0.117
1
NA
1
1
NA
0.651
0.376
1
0.561
0.813
1
1
0.543
0.602
1
0.641
0.346
0.635
0.691
1
1
0.562
0.076
NA
0.338
0.369
0.078
NA
0.399
0.74
1
0.778
0.506
1
0.526
0.575
0.625
NA
NA
0.436
0.288
0.712
0.752
0.673
1
1
1
0.558
0.607
0.838
0.491
0.42
1
0.646
0.568
1
0.372
0.546
0.501
NA
1
0.58
0.718
0.68
NA
0.425
0.632
0.435
0.293
1
0.606
0.505
0.633
0.415
0.276
0.52
0.37
0.545
0.374
0.365
0.405
1
1
1
1
1
1
1
0.11
0.824
0.92
0.692
0.499
0.519
0.566
0.747
1
1
0.592
0.394
1
0.592
0.341
0.817
0.485
0.381
0
0.37
NA
NA
NA
NA
NA
NA
0.71
0.697
0.462
0.513
0.424
0.381
1
0.515
0.637
1
0.32
1
0.494
1
0.785
0.697
0.819
NA
1
0.481
0.137
NA
0.628
1
0.077
1
0.867
0.715
0.751
0.755
0.721
1
NA
0.656
0.569
NA
0.228
NA
NA
NA
NA
0.331
0.574
1
1
1
1
NA
0.084
0.341
0.753
0.587
1
0.534
0.502
0.547
NA
NA
NA
NA
0.484
0.367
0.726
NA
NA
0.806
0.532
0.198
1
0.535
0.468
0.75
0.586
0.519
1
NA
0.477
NA
0.546
0.621
0.563
0.584
1
0.753
1
1
1
0.556
0.531
0.412
0.379
0.387
0.515
0.278
0.666
1
0.705
0.455
0.491
0.403
0.14
1
NA
1
NA
0.728
1
1
NA
0.565
0.526
0.577
0.434
0.585
1
0.609
0.387
0.709
0.35
1
1
0.651
0.598
0.567
0.539
0.665
0.753
0.753
1
1
1
0.883
NA
0
0.943
0.899
0.899
0.899
0.713
0.718
0.813
0.671
0.596
0
0.628
0.75
0.528
1
0.46
0.877
1
0.558
0.558
0.558
0.558
1
1
0.558
NA
0.772
1
0.69
0.769
0.631
NA
0.254
1
0.425
1
NA
NA
NA
NA
NA
1
0.537
0.245
0.624
0.505
0.538
0.184
0.667
NA
1
0.562
0.625
0.476
0.662
0.53
0.547
0.604
0.51
1
0
NA
0
0
0
0.756
0
0
1
0
0.756
0
1
NA
1
0
NA
NA
NA
0.501
0.533
0.488
0.555
1
0.385
0.104
0.507
0.239
NA
0.184
1
0.629
NA
NA
1
0.769
NA
0.415
0.534
0.543
0.402
NA
1
0.2
0.241
0.398
NA
0.301
0.037
0.071
1
1
1
1
0.457
1
0.363
0.413
0.565
0.744
0.432
0.345
0.276
0.393
0.65
0.324
1
0.183
0.349
0.379
0.275
0.438
NA
0.469
0.282
0.374
NA
0.362
0.352
0.503
0.721
0.588
0.417
0.192
0.345
0.564
0.272
0.955
0.955
0.654
1
1
0.676
NA
0.523
0.11
0.486
0.471
0.547
NA
0.11
NA
0.593
0.639
0.216
0.515
0.194
0.314
1
0.649
0.698
1
NA
0.494
0.627
0.648
0.646
0.82
0.725
0.645
0.763
0.709
0.793
NA
0.248
NA
0.531
0.521
0.548
1
1
0.711
0.476
0.11
0.526
0.53
1
NA
1
0.667
0.244
0.276
0.325
0.793
0.643
1
0.558
0.697
1
NA
0.499
0.303
NA
0.371
0.823
1
0.503
0.469
0.599
0.723
0.65
0.157
0.693
0.486
0.825
0.918
0.661
NA
0.574
0.479
0.396
NA
0.049
0.499
0.209
0.275
1
0.772
0.287
0.573
NA
NA
0.425
0.248
0.228
0.231
0.618
0.814
NA
0.225
0.658
0.644
1
1
0.302
0.116
0.315
0.452
1
NA
NA
1
0.468
0.598
0.662
0.59
0.743
0.484
0.63
1
0.311
0.28
0.123
0.3
0.288
0.63
0.477
0.43
0.595
0.63
0.649
0.811
0.545
0.433
0.565
0.433
0.721
1
1
0.598
0.367
0.723
0.402
0.402
0.531
0.402
0.51
0.59
0.466
0.519
0.753
0.56
0.388
0.463
0.575
1
0.463
0.647
0.605
0.811
0.62
0.586
0.517
1
0.713
NA
0.654
0.553
0.468
0.598
0.645
1
1
0.535
0.55
0.659
0.609
0.535
0.702
0.63
0.465
0.458
0.522
1
0.436
0.49
0.49
1
0.399
0.416
NA
1
NA
1
0.721
0.233
0.11
1
0.167
1
0.429
NA
0.694
0.731
0.43
0.554
1
0.383
0.431
0.388
0.423
0.561
0.452
0.698
0.429
0.528
0.546
0.578
0.603
0.636
0.359
NA
NA
NA
0.627
0.663
0.656
1
0.828
0.907
0.721
0.729
0.38
1
1
0.729
0.601
0.113
0.659
0.621
1
1
0
NA
0.473
0.576
NA
1
0
1
0.328
0.533
0.817
0.826
0.258
0.239
0.574
0.923
0.374
NA
0.606
1
0
NA
0.454
0.505
0.811
0.535
0.453
1
0.494
0.332
0.59
0.609
0.501
0.633
0.615
1
0.531
0.414
0.828
0.713
0.698
0.38
1
0.569
NA
0.468
0.629
0.42
1
0.825
0.813
0.757
0.32
0.975
0.634
0.438
0.551
0.468
0.527
1
0.413
0.122
0.948
0.92
0.307
NA
NA
NA
NA
NA
NA
NA
NA
1
0.556
0.593
0.554
NA
0.694
1
0.7
0.418
0.501
0.371
0.669
0.534
0.339
0.495
0.634
0.481
0.527
0.465
0.465
0.436
1
0.357
0.33
1
NA
NA
NA
0.86
0.775
1
0.672
0.759
0.739
0.427
0.658
0.385
0.841
0.751
0.722
0.491
0.686
0.596
1
0.975
0.914
0.113
0.373
1
0.544
0.425
0.194
0.178
NA
0.385
0.707
1
0.584
NA
0.363
0.404
0.432
0.275
0.167
NA
NA
NA
1
0.65
0.491
0.586
NA
0.876
0.842
1
0.618
0.53
0.534
0.91
0.743
0.526
0.458
NA
0.575
0.687
1
0.571
1
0.457
0.661
0.64
0.394
0.135
0.107
0.106
1
0
0
0.205
0
0.307
0.318
0.3
0.491
0.745
0.559
NA
0.291
0.658
1
0.599
0.457
0.369
0.384
0.599
0.556
1
1
NA
1
1
1
1
0.479
0.581
1
0.688
1
0.788
0.638
0.534
0.487
0.743
0.699
0.814
0.807
0.655
0.706
0.866
0.692
0.866
0.822
0.786
1
0.729
0.804
NA
0.835
0.728
0.951
0.599
0.784
0.489
0.678
0.706
1
0.404
0.222
0.464
0.951
0.678
0.444
0.67
0.77
0.625
0.731
0.567
0.235
0.898
0.898
0.753
0.775
0.632
0.718
1
1
NA
0.169
NA
NA
0.779
0.721
1
1
0.937
0.936
0.762
0.121
0.47
0.298
1
1
0.172
1
1
1
1
0.269
1
NA
NA
NA
1
0.943
0.951
0.754
1
0.594
0.435
0.753
0.638
0.31
0.586
0.044
0.047
0.326
0.334
0.339
0.438
0.536
NA
0.24
1
0.51
NA
0.345
0.64
0.732
0.398
1
0.579
0.623
0.695
0.644
0.51
0.799
NA
0.802
0.701
0.663
0.388
0.744
0.446
1
0.12
0.365
0.53
0.502
0.618
0.608
0.633
0.701
0.409
0.447
1
1
1
0.43
0.313
1
0.6
NA
0.414
0.335
1
0.049
0.049
0.76
0.608
0.774
NA
0.794
1
0.891
0.796
0.747
0.693
0.715
0.6
0.759
0.6
0.691
0.74
0.6
0.716
0.793
0.744
0.663
1
0.726
0.816
0.701
0.553
0.705
0.63
0.943
NA
NA
0.658
0.65
0.856
0.828
0.65
0.675
0.681
0.741
0.641
0.74
0.745
0.85
0.65
0.8
1
0.801
0.966
0.595
0.575
NA
0.323
0.358
0.275
1
0.565
1
0.69
0.445
0.721
1
1
0.713
0.604
0.806
0.686
0.648
0.547
0.647
0.539
0.296
0.389
0.426
0.651
0.078
0.645
0.487
1
0.609
0.561
0.842
0.599
0.616
0.675
NA
0.82
1
0.817
0.788
0.76
0.64
0.792
0.768
0.806
0.783
0.833
0.403
0.662
0.842
0.72
0.606
0.723
0.702
1
NA
0.767
0.579
0.623
0.572
0.751
0.764
0.411
0.572
NA
NA
0.678
0.35
0.665
0.773
0.558
0.552
NA
NA
0.591
NA
NA
1
1
1
0.753
0.381
1
0.584
0.617
0.246
0.517
0.403
NA
0.602
0.515
0.766
1
0.826
0.661
0.889
0.889
0.617
0.936
0.621
1
0.148
NA
0.815
NA
0.78
0.913
0.754
1
0.877
0.857
0.673
0.709
0.726
0.705
NA
1
1
1
1
NA
NA
0.697
1
0.687
0.731
0.658
0.237
0.624
1
1
1
0.736
NA
NA
NA
NA
NA
NA
NA
NA
0.069
0.83
0.315
1
0.817
1
0.308
NA
NA
0.817
0.432
NA
NA
1
0.344
0.494
0.568
0.47
0.384
1
0.48
0.53
0.56
0.546
0.452
0.604
1
NA
0.813
1
0.549
0.367
0.387
1
1
0.666
0.824
0.832
0.464
0.682
0.551
0.927
0.748
0.783
0.674
0.727
0.757
0.618
0.832
0.69
0.573
0.554
1
1
1
0.693
0.776
0.67
0.755
1
1
0.729
0.672
0.61
0.798
0.899
0.812
0.614
1
0.523
0.812
1
0.675
0.493
0.639
NA
1
1
0.737
1
0.827
1
0.828
NA
0.55
0.495
0.595
0.619
0.281
0.536
0.241
0.381
0.452
0.334
0.473
0.422
NA
0.639
1
0.594
0.885
0.165
0.562
0.551
0.491
1
0.395
0.628
0.514
0.54
0.76
0.347
0.533
0.503
0.498
1
0.417
0.301
0.478
0.873
0.888
0.771
0.805
0.625
1
0.727
0.745
1
0.702
0.799
0.689
0.178
0.25
0.084
0.127
NA
0.347
NA
0.084
0.172
0.371
0.127
0.254
1
0.337
0.85
1
1
1
1
1
1
0.363
1
1
0.494
0.069
0
1
0.177
0.172
NA
0.685
0.685
1
0.415
1
0.592
1
0.535
0.465
1
0.495
0.631
0.398
0.141
0.804
NA
NA
0.211
0.844
0.76
0.598
0.455
1
1
0.523
NA
NA
0.966
NA
0.331
0.839
0.906
1
0
0
0.09
0
0.682
0.477
0.561
0
1
1
0
0.47
0
0.658
NA
NA
0.445
0.461
0.65
0.741
0.65
0.75
0.741
1
NA
NA
NA
NA
NA
0.337
0.574
0.546
0.603
1
0.743
0.465
0.619
0.3
0.603
0.614
0.393
0.572
0.526
0.61
0.616
0.669
0.658
0.665
0.808
NA
1
1
0.332
0.071
NA
NA
NA
NA
NA
NA
NA
NA
0.437
0.656
0.704
0.478
1
0.656
1
0.051
0.831
1
0.051
0.524
0.051
0.051
1
0.661
0.525
0.512
0.406
0.5
1
1
1
0
0
1
1
1
NA
0.385
NA
0.431
0.505
0.109
0
1
0
0.64
0
1
0.32
0.484
0
0
1
0
0
0
0
0
0.42
0.254
0.237
0.084
1
0.609
0.691
0.203
0.239
0.44
0.086
NA
0.806
1
0.346
NA
0.558
1
0.786
0.768
0.904
1
0.264
0.75
NA
0.614
0.396
NA
0.494
0
0.494
0.494
1
1
0.114
0.172
0.795
0.444
0
1
0
0.636
0.544
0.605
0.473
0
0.634
1
0.539
0.438
0
0.513
0.272
1
1
0.455
NA
0.763
1
0.756
0
0.731
0
1
0
1
0.907
1
0.188
0.043
0
0.534
1
0.573
0.086
0.129
0.679
0
1
1
0.114
0.607
0.607
NA
0.634
1
0.697
0.44
0.447
0.627
1
0.502
0.707
0.387
0.678
0.692
1
1
0.141
0.634
1
0.034
0.776
0.808
0
1
0.46
NA
NA
NA
NA
1
0.721
0.763
0.735
NA
NA
NA
NA
0.572
0.469
0.571
0.874
0.735
1
0.102
0.937
0.428
0.255
0.855
0.641
0.525
0.598
0.682
0.612
0.579
0.426
0.873
1
0.437
0.751
0.557
0.563
0.572
0.72
0.369
0.472
0.728
0.661
0.244
0.664
0.532
0.688
0.654
0.578
0.625
0.251
1
0.834
0.791
0.776
NA
0.591
0.712
0.756
0.723
0.407
0.733
0.694
0.746
0.47
0.654
0.723
0.797
0.711
0.714
0.705
0.669
0.697
0.542
0.357
0.36
1
0.749
0.85
0.118
0.096
1
0.679
0
0.112
0.482
0.343
0.73
1
0.691
0.552
0.531
0.873
0.406
1
0.683
0.883
0.382
0.288
0.453
0.433
0.056
0.707
1
1
0.547
0.336
1
0.148
0.65
NA
0.81
0.877
0.807
0.136
0.199
0.601
0.595
0.54
0.591
NA
0.283
NA
0.586
0.604
1
NA
NA
NA
NA
NA
NA
NA
0.374
0.707
1
0.241
0.69
0.57
0.361
0.613
0.614
0.526
0.389
0.399
0.511
0.515
0.361
0.573
0.142
0.6
1
0.422
1
0.747
0.613
1
1
0.33
1
1
0.548
0.511
NA
0.724
1
0.359
0.108
0.672
0.301
0.836
0.427
0.32
0.494
0.207
0.264
0.713
1
0.645
0.723
0.62
0.54
0.715
0.722
0.774
0.436
0.647
0.339
0.321
0.627
0.573
0.605
1
0.48
0.494
0.801
1
0.32
0.264
0.631
0.517
NA
0.552
0.785
0.59
0.719
0.512
0.426
0.426
0.307
0.539
0.685
0.599
1
0.566
0.32
0.567
0.066
0.345
0.675
0.502
0.746
0.752
0.667
0.71
1
0.611
0.629
0.752
0.752
0.651
1
0.808
0.483
0.597
0.605
0.523
0.688
0.738
0.605
0.803
0.751
0.752
NA
1
0.624
0.649
0.172
0.568
0.148
1
0.47
0.435
0.351
0.882
NA
0.416
0.23
0.665
0.487
0.515
0.573
0.259
1
0.835
0.712
1
1
0.692
0.55
1
0.742
1
0.304
0.41
0.192
0.298
0.376
0.48
0.691
0.607
0.863
NA
0.88
1
1
0.596
1
0.316
0.967
0.945
0.945
1
0.203
0.326
0.328
0.184
0.285
0.42
0.141
0.698
1
0.698
0.382
0.429
0.863
1
0.326
1
1
0.684
0.788
0.693
NA
0.422
0.522
0.366
0.466
0.639
0.485
0.444
0.53
0.467
0.485
0.478
0.478
0.509
0.448
0.522
1
NA
0.405
0.401
0.67
0
1
0.213
NA
1
0.32
0.501
1
0.801
1
0.928
0.832
0.852
0.627
0.863
0.556
1
0.729
0.641
0.89
0.709
0.517
0.448
0.773
1
0.235
1
NA
0.806
NA
0.407
0.695
0.8
0.624
0.439
0.528
0.262
1
0.784
0.761
0.684
0.497
0.79
0.702
0.63
0.601
0.758
NA
0.546
0.76
1
NA
0.753
0.768
0.762
0.518
0.646
0.786
NA
0.505
0.562
0.612
NA
NA
0.63
1
0.514
0.492
0.303
0.428
0.69
0.751
0.662
0.651
0.543
0.713
0.531
0.394
0.645
0.923
0.179
NA
0.23
0.738
1
0.8
1
0.756
0.235
0.294
0.524
0.304
0.447
0.56
0.235
0.693
0.694
NA
0.158
0.512
1
0.477
NA
NA
0.388
0.767
0.582
0.665
0.635
0.331
NA
0.85
0
0.069
0.756
1
0.443
0.353
0.486
1
0.55
0.136
0.678
0.702
0.214
1
1
1
0.929
0.197
0.099
1
1
1
0.345
1
0.593
0.676
0.435
0.619
0.799
0.791
NA
1
0.387
0.627
0.605
0.387
0.091
0.63
0.711
1
0.896
0.599
0.733
1
0.97
1
1
1
1
1
0.11
1
1
1
0.317
0.084
0.154
0.812
NA
0.614
0.483
NA
1
0.502
0.97
0.625
0.308
0.25
NA
NA
NA
0.78
0.603
0.847
0.133
0.751
1
0.878
1
0.649
0.464
NA
0.612
0.609
NA
NA
0.595
0.401
0.348
NA
0.544
0.793
0.684
0.695
0.433
0.045
1
1
0.099
0.582
0.526
0.695
0.153
0.708
0.535
0.451
0.883
0.325
1
0.716
0.639
0.663
0.638
1
NA
1
0.471
1
0.471
1
1
0.892
0.417
0.542
0.457
0.598
0.525
0.654
0.419
0.651
0.554
0.599
NA
NA
0.451
0.326
1
0.584
0.85
0.521
0.307
0.451
1
NA
1
0.532
0.643
0.154
0.22
NA
NA
0.756
0.592
0.813
NA
1
0.644
1
1
NA
NA
1
0.721
0.579
0.603
0.563
0.34
0.387
0.721
0.392
0.392
0.321
0.532
0.634
0.526
1
0.812
1
0.662
0.557
0.714
0.756
0.831
0.336
0.586
0.881
0.596
0.648
1
1
0.653
0.639
0.284
0.263
0.232
0.538
0.103
1
1
0.203
0
0.389
0.437
0.084
1
0.464
0.656
NA
NA
NA
NA
0.261
0.515
0.173
NA
NA
0.633
1
0.682
0.433
NA
1
0.788
1
0.789
0.714
0.74
0.725
NA
0.628
0.587
NA
0.503
NA
0.503
0.581
1
0.591
0.76
0.567
0.494
0.539
0.657
0.639
0.524
0.371
0.392
0.395
0.462
0.355
1
0.622
0.525
0
0.746
1
0.661
0.633
0.803
0.657
NA
0.788
0.61
1
0.967
0.876
0.778
0.55
NA
0.607
0.239
0.261
0.578
0.482
0.387
0.475
0.598
0.649
0.609
0
0.659
0.539
0.539
0.365
0.54
0.764
0.729
0.575
0.539
0.522
0.657
0.363
0.54
NA
NA
NA
0.618
0.428
0.596
0.572
0.563
0.685
0.265
NA
0.628
0.452
0.556
0.306
NA
0.62
0.53
0.343
0.455
1
0.757
0.644
0.67
0.67
0.711
0.614
0.651
0.532
0.614
0.385
0.781
0.75
0.72
0.681
0.927
1
0.895
0.674
0.502
0.673
0.645
NA
0.119
1
0.313
0.624
0.621
0.502
0.746
0.728
0.57
0.507
0.666
0.673
0.614
0.614
0.406
0.492
0.35
0.398
0.502
NA
0.546
0.436
0.502
NA
NA
0.509
0.589
0.564
0.665
0.619
0.674
0.664
0.534
0.478
0.159
1
0
0.658
0.62
0.652
0.551
0.547
0.668
0.374
0.681
0.556
0.589
0.792
0.775
0.745
1
0.699
0.861
0.74
1
NA
0.614
0.565
NA
0.812
0.729
0.584
0.566
0.681
0.269
0.36
0.493
NA
0.479
0.272
0.152
0.373
0.798
0.495
0.901
0.315
0.675
0.632
0.344
NA
0.964
0.73
NA
0.744
1
0.481
0.609
0
0.599
0.678
NA
NA
0.317
0.383
0.814
0.663
1
NA
0.779
1
0.547
NA
0.549
0.576
0.561
0.452
0.482
0.386
0.386
0.817
1
0.071
0.071
0.071
0.071
0.065
1
NA
1
0.218
0.041
NA
0.569
0.062
1
0.68
0.744
1
0.69
0.601
NA
0.377
0.394
NA
NA
0.652
1
0.663
0.644
0.353
0.792
0.397
0.558
0.724
NA
NA
0.403
0.427
0.403
1
1
0.674
1
0.571
0.65
0.628
0.285
0
1
1
1
1
0.544
0.311
NA
0.317
0.722
0.472
1
0.485
0.38
NA
NA
NA
NA
NA
NA
NA
NA
0
0.082
0.388
1
0
0.082
0.622
1
0.252
0.746
0.714
0.532
1
0.516
0.733
0.658
0.839
NA
0.531
0.625
0.703
0.643
0.566
0.667
0.811
1
0.857
0.474
0.583
0.811
1
0.577
1
0.057
0.148
0.416
NA
1
0.753
1
0.387
0.252
0.414
1
0.753
NA
NA
1
NA
1
NA
NA
1
0.192
NA
NA
NA
NA
NA
0.274
0.604
0.529
0.465
0.563
0.786
1
0.114
0.89
0.903
1
0.681
0.85
0
0
1
0.722
0.78
0.537
0.594
0.792
0.832
0.778
0.699
0.695
0.624
0.271
0.382
0.873
0.31
0.592
0.721
0.588
0.289
0.49
0.739
1
1
0.751
NA
1
0.671
0.319
0.754
0.741
1
0.954
NA
NA
NA
NA
NA
NA
NA
NA
NA
NA
1
0.466
1
0.505
0.37
NA
0.242
NA
0.406
0.473
0.443
1
0.521
0.685
0.485
0.437
0.428
0.404
0.324
0.492
0.341
NA
NA
0
NA
0.801
0.634
0.736
0.573
0.74
0.842
1
0.589
0.74
0.85
0.518
0.465
0.763
0.702
0.553
0.913
1
0.496
0.763
0.349
0.768
0.295
0.11
0.38
1
0.434
0.366
0.352
0.435
NA
0.093
0.463
0.708
0.817
0.518
0.763
1
0.721
1
0.66
0.62
0.735
0.373
1
0
0
0.115
1
0.691
0.666
NA
0.46
1
0.611
NA
0
0.31
1
NA
0.858
1
0.711
0.859
0.561
1
0.807
0.7
0.368
0.701
0.446
0.255
0.588
1
1
1
NA
1
1
0.85
0.586
0.622
0.691
0.571
0.625
0.345
0.395
0.8
1
0.874
0.566
0.691
0.571
1
NA
NA
0.722
0.654
0.596
0.71
NA
1
0.788
0.662
0.662
0.353
0.691
0.718
0.236
1
1
0.85
0.519
0.808
1
0.566
0.364
0.599
0
0
0
0.688
0.819
0.043
0.587
0
0.387
0.387
0.387
1
0.387
1
0.819
1
NA
0
0
1
1
NA
0.833
1
0.307
NA
0.131
NA
0.086
1
0.692
0.622
0.735
1
0.558
1
0.631
1
0.741
0.542
0.887
NA
0.366
0.56
0.559
0.358
1
NA
0.084
0.126
1
0.27
0.221
0.281
0.266
0.097
NA
NA
1
0.102
0.516
0.428
0.4
0.456
0.298
1
0.8
0.256
0.391
0.294
0.224
0.566
0.417
0.276
0.128
0.326
0.321
0.433
0.402
0.463
0.249
1
0.128
0.708
1
NA
NA
1
0.046
1
1
1
0.215
0.184
0.215
0.234
0.213
0.215
1
0.705
0.838
0.533
NA
0.259
NA
1
0.533
0.13
1
1
1
1
1
0.561
1
1
1
1
NA
0.661
1
0.58
1
0.26
0.638
0.312
0.574
0.785
0.785
0.536
1
0.787
1
0.293
1
0.486
0.424
0.305
0.657
0.636
0.518
0.548
0.648
0.456
0.127
1
0.63
0.491
0.914
0.52
0.154
0.662
0.492
0.308
0.433
0.622
1
0.609
0.554
0.42
0.514
0.74
0.3
0.643
0.562
0.298
0.543
0.645
0.576
0.3
0.787
0.85
1
0.517
0.508
NA
NA
NA
NA
NA
NA
NA
NA
NA
NA
NA
1
0.308
0.373
0.602
1
0.508
0.411
0.559
0.656
0.685
0.555
0.501
0.765
0.733
1
0.388
0.256
0.765
0.619
0.179
0.356
0.585
0.838
NA
0.558
0.532
0.678
0.416
0.441
0.239
0.611
0.575
1
0.525
0.521
0.521
0.541
NA
NA
NA
NA
NA
NA
NA
NA
NA
NA
NA
0.563
0.385
0.28
0.416
0.455
0.433
0.401
1
0.53
NA
0.586
0.501
0.452
0.4
NA
NA
0.693
0.362
0.526
0.811
1
0.586
0
0.575
0.542
0.738
0.561
0.445
0.735
0.795
1
NA
0.627
0.206
0.235
NA
0
0.752
NA
1
1
0.548
0.328
0.575
0.433
1
0.643
0.605
0.6
NA
0.68
0.68
0.519
0.549
1
0.776
0.76
0.433
0.77
0.633
0.527
0.741
1
0.496
0.789
NA
0.865
0.912
NA
NA
NA
1
0.647
0.172
0.857
0.739
0.73
1
0.944
0.662
0.902
0.957
0.801
NA
0.694
0.624
0.706
0.791
0.647
0.309
1
0.935
0.899
0.702
0.772
0.77
0.512
0.68
0.555
0.641
NA
1
0.572
0.728
0.769
0.489
1
NA
1
0.671
0.693
1
0.553
0.549
0.525
0.307
1
0.628
0.637
0.431
0.874
0.279
1
NA
0.85
0
NA
NA
NA
NA
NA
0.525
NA
0.493
0.65
0.421
0.643
0.21
0.318
0.318
0.306
0.391
0.462
0.515
0.283
0.332
0.492
0.52
0.461
0.613
0.582
0.666
0.598
1
0.417
0.346
0.468
0.556
0.234
0.505
0.499
0.522
1
0.491
0.65
0.752
0.56
0.272
0.414
0.38
1
0.645
0.434
0.655
0.518
0.632
0.575
0.272
0.449
0.71
NA
1
0.518
1
0.517
0.632
0.163
0.256
0.491
0.473
1
NA
1
0.084
1
NA
NA
0.234
1
0.118
0.305
0.52
0.455
NA
0.372
0.628
0.701
1
0.449
0.725
0.328
0.721
0.337
0.037
1
0.247
0.462
0
0
0.383
0
0
0.728
0.568
0.163
0.39
0.49
0
0
0.85
0
0.672
0.657
0.255
0.63
0.631
0.365
NA
1
0.723
0.679
1
1
NA
NA
1
1
0.81
1
0.447
0.786
0.62
0.363
0.401
0.584
0.678
0.43
0.404
0.678
0.472
0.391
0.416
NA
0.648
0.971
0
0.541
0.506
0.479
0.482
0.506
0.799
0.286
NA
NA
0.81
NA
NA
NA
NA
NA
0.573
1
0.415
1
0.692
0.546
0.534
0.457
0.379
0.438
0.397
0.389
1
0.401
0.201
0.258
0.396
0.699
0.615
NA
0.584
0.546
0.636
1
0.709
0.474
NA
0.162
1
0.424
NA
0.781
0.473
0.461
0.583
0.818
1
0.226
0.353
NA
0.639
0.959
1
0.793
1
1
0.344
0.428
0.314
0.028
0.387
0.687
0.476
0.516
0.785
0.732
0.503
1
0.602
NA
0.663
0.32
0.694
0.412
0.556
0.27
NA
1
0.32
0.705
1
0.401
0.575
0.525
0.756
0.194
NA
NA
NA
NA
NA
NA
0.677
0.448
1
0.62
0.534
0.385
NA
NA
NA
NA
NA
NA
NA
NA
NA
NA
0.821
NA
0.664
0.641
0.657
0.377
0.965
0.889
1
NA
0.681
0.756
1
0.19
0.651
0.157
0.603
0.623
0.586
0.666
0.661
0.78
0.484
0.595
NA
0.584
0.717
0.598
0.815
NA
0.691
0
NA
1
0.951
NA
NA
1
NA
NA
0.49
NA
0.753
0.387
NA
1
1
NA
1
0.566
0.474
0.511
0.629
NA
0.45
0.431
0.878
0.443
NA
0.394
NA
0.736
0.313
NA
NA
0.841
0.421
NA
0.265
0.5
0.242
1
0.742
NA
0.12
1
0.5
NA
1
0.547
0.449
0.301
0.4
0.411
0.347
0.643
0.401
1
0.238
0.192
1
0.46
NA
1
0.503
1
0.498
0.528
0.431
0.431
0.686
0.561
0.574
0.692
0.543
0.594
0.518
1
0.642
0.574
0.715
0.784
0.284
0.691
0.588
0.494
0.86
0.738
0.774
0.521
1
0.559
NA
0.204
0.709
0.464
0.698
0.688
0.642
0.409
0.752
0.816
1
0.598
1
0.415
0.646
0.683
0.885
0.885
0.385
1
0.393
0.715
0.763
0.504
NA
0.059
0.443
0.459
0.763
0.737
NA
NA
NA
0.403
0.295
0.525
0.67
0.51
0.651
NA
NA
NA
NA
NA
1
0.682
0.67
0.829
0.58
NA
0.681
0.387
0.387
NA
NA
NA
NA
NA
0.661
0.654
0.745
1
1
1
0.615
0.815
1
NA
NA
0.513
0.502
0.744
0.493
0.556
0.745
0.737
0.914
0.57
NA
NA
1
0
1
0.538
0.853
0.616
1
0.841
1
1
0.857
0.728
1
0.753
0.753
0.245
0.366
0.535
0.46
0.649
0.775
NA
0.494
0.373
0.528
0.324
0.803
1
0.28
0.606
0.401
NA
1
0.418
0.582
1
NA
0.57
0.284
0.387
NA
0.424
0.228
0.219
0.588
0.645
0.534
1
0.452
0.591
0.81
0.535
0.585
1
0.858
0.599
0.363
0.571
0.332
0.435
0.489
0.147
0.234
1
0.753
0.951
0.38
NA
0.702
0.707
0.825
0.632
0.696
0.657
0.614
0.681
0.617
0.471
0.662
0.355
0.76
0.826
0.673
0.951
0.868
0.578
0.754
0.558
NA
1
0.186
0.485
0.712
0.52
0.477
0.679
0.32
0.506
0.483
0.186
0.84
1
0.914
1
0.44
1
1
0.627
1
0.725
0.317
0.776
0.685
1
0.665
0.776
0.776
1
1
0.098
0.797
0.608
0.386
0.771
0.831
0.625
0.726
0.691
0.477
1
0.561
0.809
0.738
0.685
0.495
0.579
0.625
0.784
0.784
0.758
0.788
0.656
0.584
0.632
0.6
0.593
NA
0.589
0.755
0.447
0.631
0.618
0.59
0.497
0.565
0.518
0.882
0.891
0.665
1
0.937
0.644
0.731
0.562
0.631
0.686
0.388
0.622
0.292
0.574
1
0.413
0.301
0.347
0.595
0.601
NA
1
0.721
0.55
NA
0.872
0.244
0.165
0.364
NA
NA
1
1
NA
NA
1
0.847
0.441
0.593
0.685
0.553
0.605
1
0.714
0.745
0.42
0.582
0.454
1
0.851
0.809
0.504
NA
NA
NA
NA
NA
NA
0.751
0.606
0.563
0.506
1
0.415
0.365
0.65
0.588
0.56
NA
0.558
0.541
NA
0.767
0.542
0.867
NA
0.091
NA
1
0.584
1
1
1
0.753
1
1
NA
0.393
0.753
1
1
1
1
0.444
0.653
1
1
1
1
0.866
1
0.712
0.674
1
0.619
0.66
0.582
0.64
0.535
0.522
0.596
0.667
0.447
0.401
0.542
0.41
0.558
0.782
0.675
NA
0.723
0.613
0.711
0.688
0.668
0.6
0.622
0.243
0.214
0.452
0.558
0.78
0.658
0.416
0.511
0.549
0.481
0.84
0.597
0.734
0.354
1
1
0.558
1
1
0.558
NA
0.724
0
0
0.37
1
0.787
0.803
1
0.794
0.422
0.65
0.542
0.451
0.336
0.458
0.559
0.433
0.591
0.721
0.776
0.433
0.593
0.467
0.673
0.525
0.513
0.527
0
0.819
0.692
0.679
0.804
0.866
1
0.644
0.427
0.559
0.65
0.612
NA
0.668
0.443
0.505
0.387
NA
0.627
0.75
0.643
0.52
0.587
0.28
0.301
0.356
0.23
0.667
1
0.259
0.45
0.641
0.559
0.558
0.186
0.409
0.398
0.713
0.718
0.272
0.601
0.718
0.561
0.628
0.196
1
0
0.756
0
0.176
0.648
0.863
0.776
0.648
1
0.534
NA
NA
NA
0.678
0.866
0.723
1
0
0.753
0.556
0.514
0.597
0.497
0.558
1
0.43
0.618
0.632
0.637
0.51
0.32
0.403
0.278
0.289
0.363
0.597
0.419
0.531
0.63
0.176
1
0
0
0.439
0.543
0.469
1
0.756
0.494
0.578
0.482
1
0.413
0.29
0.523
NA
0.56
1
0.723
0.371
0.805
0.509
0.864
0.736
0.561
0.845
0.647
0.558
1
0.56
0.752
NA
0.489
0.816
0.889
1
0.598
0.661
0.576
0.59
0.59
0.607
0.607
0.565
0.701
0.602
0.712
0.713
0.506
0.565
NA
0.506
0.677
0.562
0.59
0.529
0.359
0.606
0.654
0.683
1
1
0.286
0.528
0.479
1
1
0.609
0.85
1
0.792
0.908
0.1
0
1
0.635
0.574
0.678
0.676
1
0.549
1
NA
0.156
0.378
0.526
0.215
0.21
0.747
0.584
1
0.23
0.518
NA
1
0.354
0.493
1
1
0.657
0.639
1
1
0.521
NA
0.412
0.327
0.703
0.464
0.734
0.727
0.852
0.613
1
NA
0.709
0.613
NA
0.722
0.801
0.414
0.823
0.575
0.588
1
0.769
0.736
0.708
0.764
0.751
0.234
0.654
0.821
0.791
0.807
0.8
0.693
0.58
0.589
0.284
0.45
0.786
0.771
1
0.967
0.808
0.808
0.74
0.927
0.861
0.85
1
0.735
0.735
NA
0.8
0.771
0.808
0.798
1
1
1
1
0.553
0.552
0.172
0.684
0.557
0.816
NA
NA
NA
NA
NA
NA
0.514
0.558
1
NA
0.614
0.613
1
0.431
0.172
0.461
0.558
0.866
0.792
1
0.631
0.665
0.633
0.063
0.394
0.602
0.204
1
0.704
0.714
0.494
NA
NA
0.46
0.566
0.89
0.682
0.653
1
0
0.544
0.066
1
1
1
1
1
0.292
NA
NA
NA
NA
NA
NA
NA
NA
NA
1
NA
0.785
0.501
1
0.493
0.619
1
NA
1
0.785
1
1
0.302
0.877
0.597
0.796
0.631
0.663
0.794
0.728
0.704
0.672
0.737
0.75
1
0.642
0.384
0.967
0.957
0.61
1
0.437
1
0.748
1
0.62
0.735
0.624
NA
NA
NA
NA
NA
0.462
0.63
NA
1
NA
0
0.741
0.744
0.585
0.597
0.582
0.526
0.65
0.621
0.123
1
0.347
0.446
0.682
0.404
0.55
0.85
1
0.387
0.441
0.377
0.605
0.589
0.4
0.821
0.806
0.682
0.374
0.365
0.22
0.397
NA
0.187
1
0.753
NA
NA
NA
1
1
0.497
0.725
NA
NA
NA
NA
0.654
1
NA
NA
0.537
0.533
0.52
0.764
0.627
0.455
0.63
0.149
1
NA
NA
NA
0.447
0.324
0.397
NA
NA
NA
NA
NA
NA
NA
NA
NA
NA
NA
NA
NA
NA
NA
NA
NA
1
0.076
0.225
0.182
0.577
1
1
0.53
0.425
0.477
0.472
NA
0.631
0.61
0.729
0.592
0.675
0.454
0.632
0.667
0.651
0.57
NA
0.46
0.57
0.337
0.614
0.749
0.589
0.588
0.663
0.656
0.968
0.628
0.538
0.532
0.333
0.545
0.504
0.43
0.801
0.425
0.647
0.661
0.425
0.16
0.335
0.183
0.167
0.39
0.446
0.266
0.449
0.404
0.189
0
0.119
0.4
0.448
0.323
0.655
0.126
0.216
NA
NA
1
0.123
0.115
1
0.48
NA
NA
0.558
1
1
0.674
0.676
0.758
1
0.201
NA
0.737
0.588
0.484
0.671
1
0.884
NA
0.467
NA
0.613
0.439
0.063
NA
0.584
0.636
0.298
1
0.733
0.583
NA
1
0.173
0.643
0.567
0.241
NA
0.548
NA
0.694
0.675
0.721
0.815
0
0.253
0
NA
0.456
0.276
0.722
0.26
0.459
0.473
NA
0.742
0.495
1
0
NA
0.767
0.411
0.655
0.159
0.67
1
NA
1
0.673
0.774
0.629
0
1
0.442
1
1
0.047
0.848
0.459
0.575
0.411
0.551
0.373
0.457
0.315
0.379
0.513
0.253
0.566
0.545
0.387
0.508
1
0.373
0.247
0.289
0.192
0.464
0.558
NA
0.431
0.543
0.305
0.523
1
0.608
0.569
0.286
0.429
1
1
0.402
0.441
0.362
0.587
NA
0.736
0.294
0.345
0.522
0.292
0.257
0.411
0.513
0.468
0.579
0.48
0.496
0.575
1
1
0.404
0.466
0.734
0.379
0.314
0.756
0.467
0.414
0.466
0.597
0.464
NA
0.44
0.573
0.478
0.325
0.553
0.496
0.571
0.632
0.589
0.236
NA
1
0.529
0.321
0.655
0.532
0.354
0.415
0.317
0.429
0.645
0.844
0.459
0.574
NA
0.755
1
0.577
0.57
0.731
0.698
0.8
0.746
NA
1
1
0.548
NA
0.611
0.357
0.443
1
0.21
0.455
0.595
0.648
1
0.661
0.298
NA
0.487
0.965
0.688
0.761
NA
0.39
0.452
1
0.706
0.681
0.354
0.877
0.868
0.452
0.439
0.744
0.586
0.358
0.737
0.583
0.725
0.637
1
0.349
0.413
0.421
0.54
0.449
0.461
0.515
1
NA
0.383
0.311
0.4
1
NA
0.613
0.716
0.753
0.576
0.676
0.526
0.707
0.598
NA
0.742
0.739
0.318
0.341
0.588
0.565
0.905
NA
0.314
0.434
0.374
0.487
0.524
0.324
0.31
0.498
0.438
0.753
0.493
0.597
0.466
1
1
0.441
0.279
0.717
0.539
0.464
NA
0.568
0.718
0.609
0.662
0.639
0.354
0.78
0.407
1
0.591
1
0.701
0.548
0.613
NA
0.626
0.533
0.741
0.626
NA
0.449
0.566
0.56
0.613
0.778
0.459
0.447
0.662
0.341
NA
0.341
0.471
0.672
0.683
0.675
0.341
0.581
0.523
0.595
NA
0.814
0.434
0.744
0.582
0.512
0.69
0.626
0.642
0.539
0.824
0.821
0.337
0.306
0.684
0.76
0.545
0.421
0.577
0.275
0.807
0.42
0.494
0.348
0.611
NA
0.488
0.806
0.382
0.583
1
0.541
0.678
0.575
0.597
0.714
0.908
0.823
0.804
0.423
0.31
1
0.736
0.538
0.608
0.518
0.448
0.444
0.3
0.415
0.465
0.462
1
0.561
0.342
0.502
0.459
0.136
0.423
0.164
NA
0.766
0.341
0.462
NA
0.397
0.428
0.36
0.587
0.621
0.374
0.466
0.58
0.307
0.365
0.345
0.413
0.163
0.499
0.56
0.499
NA
0.516
0.781
NA
0.759
0.657
0.761
0.715
0.605
0.754
NA
0.561
1
0.429
0.451
0.199
0.377
0.406
1
0.449
0.581
0.346
0.323
0.551
0.754
0.135
NA
0.543
0.795
0.597
0.596
0.621
0.448
0.272
0.618
0.701
0.886
1
0.483
0.57
0.724
NA
NA
NA
NA
0.436
0.381
0.472
0.566
0.655
0.583
0.315
1
0.563
0.159
0.417
0.583
1
0.532
0.522
0.324
0.682
0.635
0.699
0.71
1
NA
0.427
0.75
0.893
0.753
0.579
0.619
0.62
0.683
0.529
0.468
0.631
1
0.505
0.475
0.636
0.48
0.511
0
0.601
0.439
0.243
0.358
0.328
0.856
0.552
0.601
0.687
0.292
1
0.605
0.626
0.636
0.28
1
NA
0.116
0.441
0.461
0.473
0.477
0.437
NA
NA
0.517
0.571
0.556
0.563
0.575
0.574
0.662
0.468
0.468
1
0.172
0.425
0.649
0.468
0.587
0.698
0.186
0.643
0.567
0.331
0.459
0.693
0.593
0.563
0.55
0.631
0.625
NA
0.598
0.533
0.403
0.589
0.468
0.702
0.707
0.61
1
0.851
0.503
0.598
0.62
0.358
0.666
0.372
0.468
0.694
0.634
0.545
0.645
0.622
0.587
0.55
0.629
0.67
0.428
0.388
0.558
1
NA
1
0.796
0.27
0.793
0.869
0.768
0.639
0.92
0.639
0.441
0.779
0.44
0.639
0.703
0.621
0.912
0.536
0.605
0.556
0.859
0.594
0.824
0.633
0.367
0.436
0.501
0.389
0.608
0.635
0.805
0.699
0.558
NA
1
0.559
NA
0.696
0.616
0.725
0.769
1
0.689
0.578
NA
NA
NA
1
0.639
0.639
0.804
0.492
1
1
0.912
1
0.455
0.607
0.577
0.574
1
0.688
0.488
NA
NA
NA
NA
NA
0.231
0.367
0.85
0
0.454
NA
1
0.45
0.616
1
0.755
0.817
0.951
0.785
0.951
0.554
1
0.522
0.415
NA
NA
NA
NA
0.721
1
0.617
NA
0.543
0.8
NA
1
0.204
0.623
0.614
0.752
0.816
0
0.256
0.74
0
0.344
0.217
0.632
0.639
0.684
0.533
0.427
0.726
0.523
0.535
NA
NA
NA
NA
NA
NA
NA
NA
NA
1
NA
NA
0.91
0.759
0.921
0.899
0.62
0.548
0.551
0.312
0.518
0.532
0.685
0.601
1
0.899
0.377
0.858
0.953
0.966
NA
0.67
0.273
0.678
0.684
0.674
0.613
0.678
0.565
1
1
NA
0.554
0.916
0.925
0.867
0.925
0.284
0.562
0.966
NA
0.619
0.718
0.658
0.572
0.667
0.607
0.899
1
0.716
1
0.494
0.457
0.906
0.699
0.487
0.219
0.488
0.709
0.666
0.672
0.956
0.447
NA
1
0.802
0.866
1
0.849
0.477
0.461
0.352
0.104
0.937
1
NA
0.704
0.479
0.547
0.647
0.809
0.249
0.278
0.058
0.575
0.351
0.517
0.614
0.433
0.477
0.489
1
NA
0.461
0.476
NA
0.806
0.713
0.753
0.621
0.78
0.621
0.728
0.662
1
1
1
0.607
0.65
0.222
0.548
0.674
0.47
1
0.662
0.524
0.558
0.307
0.655
1
0.611
0.662
0.6
0.204
0.52
0.429
0.663
0.654
1
1
0.577
1
0.646
1
0.493
NA
NA
NA
NA
NA
NA
NA
0.495
0.274
1
1
0.148
1
1
1
1
0.898
NA
0.189
0.695
0.528
0.6
0.587
0.587
0.634
0.449
0.569
0.736
0.599
0.809
0.247
1
0
0.586
1
1
0.539
0.523
0.561
0.334
0.537
0.307
0.565
0
0.706
0.558
0.597
0.501
0.341
0.453
0.716
0.49
0.465
0.52
0.685
0.715
0.389
0.757
0.719
0.533
1
NA
0.839
0.63
0.443
0.551
0.574
1
0.647
NA
0.472
0.507
0.509
0.191
1
1
0.538
0.643
0.357
0.639
0.521
0.464
0.262
1
0.736
0.218
0.619
0.315
0.377
NA
1
1
0.709
NA
NA
NA
NA
0.542
0.76
NA
0.39
0.509
0.646
0.503
0.281
NA
0.756
0.756
0.4
0.431
0.251
0.241
0.34
0.375
1
NA
0.292
0.761
0.357
NA
NA
NA
0.183
0.413
0.87
NA
0.364
NA
0.279
0.39
0.505
0.423
0.497
0.598
0.556
0.525
0.536
0.621
0.461
0.479
0.582
0.335
0.535
0.292
0.433
0.55
0.372
0.615
0.652
0.509
0.776
0.58
0.659
NA
NA
0.23
NA
0.402
0.556
NA
0.343
0.555
0.902
0.545
0.596
0.619
0.363
0.526
0.599
1
0.397
0.608
NA
0.373
0.361
0.157
0.438
NA
0.379
0.528
1
0.77
0.635
0.471
NA
0.489
1
0.545
0.575
NA
NA
NA
NA
NA
NA
NA
NA
NA
NA
NA
NA
NA
NA
NA
NA
NA
NA
NA
NA
NA
NA
NA
NA
NA
NA
NA
NA
NA
NA
NA
NA
NA
NA
NA
NA
NA
NA
NA
NA
0.754
0.445
0.612
NA
NA
0.722
0.323
0.721
0.525
0.551
0.583
0.283
1
0.473
0.375
0.324
0.583
0.513
0.5
0.356
0.325
0.534
1
0.34
NA
0.55
1
0.466
1
1
0.516
0.574
0.544
1
0.616
0.633
0.306
0.447
0.321
1
0.216
0.556
0.721
0.721
0.641
0.577
0.594
0.609
0.7
0.766
0.335
0.413
1
0.687
0.084
0.576
0.212
1
NA
NA
NA
NA
NA
1
0.696
0.799
0.583
0.511
0.297
1
0.73
0.172
0.756
0
0.075
0.721
0
0.079
1
0.935
0.829
0.818
0.663
0.642
0.736
NA
NA
NA
NA
NA
NA
1
0.644
0.645
1
0.548
0.387
0.616
1
NA
0.693
0.777
1
0.63
0.541
0.376
0.647
0.789
0.427
0.471
0.546
0.673
0.604
0.771
0.354
0.688
NA
NA
0.52
1
0.495
0.407
0.393
0.552
NA
NA
0.326
0.291
1
0.371
1
1
0.275
0.8
0.369
NA
1
0.274
0.669
0.848
NA
NA
NA
NA
0.529
0.491
1
0.288
0.838
0.771
0.376
0.503
0.525
0.544
1
0.396
0.336
0.374
0.376
0.435
0.257
1
0.48
0.387
0.619
0.324
NA
NA
0.328
0.552
1
0.434
1
0.558
0.185
1
NA
NA
1
0.215
0.207
0.225
1
NA
NA
NA
NA
0.585
0.505
0.444
0.513
0.636
0.65
0.657
0.689
0.636
0.599
1
0.56
0.592
0.49
0.498
1
0.534
0.55
0.731
0.61
0.312
0.309
0.6
0.575
0.487
0.842
0.668
0.757
1
1
0.694
0.842
0.752
1
0.652
0.9
0.693
0.573
0.642
1
0.842
0.668
0.608
NA
NA
1
NA
NA
0.498
1
1
0.673
0.722
0.649
NA
1
0.341
0.664
1
NA
0.56
0.404
0.757
1
0.536
0.335
0.461
0.502
0.439
0.721
0
0
0.528
1
0.478
0.601
0.482
0.595
0.342
0.386
1
0.371
NA
1
1
0.838
NA
NA
0.672
0.693
0.651
NA
NA
0.65
0.302
0.562
1
NA
0.396
0.47
NA
0.276
0
0.419
0.57
1
NA
0.672
0.539
0.823
0.721
0.802
0.567
0.642
0.073
0.594
0.492
0.663
1
0.601
0.537
1
0.933
0.742
0.661
0.674
0.73
0.75
0.593
0.682
0.653
0.794
0.626
0.676
1
0.706
1
0.753
0.604
0.7
0.314
1
1
0.736
0.736
0.741
0.714
0.751
0.605
1
1
0.494
0.715
0.64
0.508
0.886
0.121
0.775
0.811
0.433
0.811
1
0.339
0.496
0.248
0.731
1
1
0.558
0.371
0.235
0.19
0.402
0.421
0.576
0.604
0.692
NA
0.582
0.586
0.754
0.626
0.604
0.678
0.693
0.516
0.534
1
0.588
0.731
NA
0.811
0.355
NA
1
0.722
0.609
1
0.833
0.872
1
1
0
0.986
1
0.738
0.425
0.607
0.607
0.575
0.681
0.555
0.732
1
0.57
0.699
0.654
0.313
0.819
0.912
0.646
0.715
0.859
0.912
0.561
0.621
0.719
0.465
1
0.486
0.772
1
0.606
0.597
0.651
0.766
NA
0.7
0.715
1
0.332
1
1
NA
NA
NA
NA
0.154
0.477
0.75
0.628
0.486
0.753
0.638
0.627
0.656
0.454
0.832
0.58
0.67
0.605
1
0.601
0.636
0.447
0.591
0.647
0.553
0.696
0.755
0.552
0.562
0.579
0.654
0.685
0.521
0.591
0.604
0.611
0.629
0.593
0.661
0.604
0.659
0.541
NA
1
NA
1
0.685
1
0.593
0.42
NA
1
0.638
1
NA
NA
NA
NA
NA
0.558
0.753
0.442
0.436
0.451
0.274
0.56
0.512
1
0.564
1
1
0.764
0.437
1
0.558
0.174
0.884
1
0.934
NA
NA
NA
1
0.431
0.586
0.637
0.74
1
1
0.495
0.29
0.721
0.29
0.303
0.412
0.232
0.436
0.594
0.45
0.583
0.311
0.505
0.404
0.372
1
NA
0.405
NA
NA
0.789
NA
0.542
0.608
0.838
0.675
0.695
0.743
1
NA
0.692
0.502
0.56
0.221
0.231
0.881
0.565
NA
0.893
0.783
1
1
NA
0.767
0.682
0.778
NA
1
1
1
0.288
NA
0.711
0.874
0.7
1
0.77
0.642
NA
0.117
NA
0.6
1
0.77
NA
NA
NA
NA
NA
0.7
1
0.62
1
0.767
0.643
0.526
0.91
0.86
0.679
0.665
0.457
NA
0.831
0.69
0.737
0.834
NA
1
NA
NA
NA
NA
NA
NA
NA
0.601
0.357
0.741
1
0.722
0.496
0.392
0.727
0.324
1
0.823
1
0.332
1
1
1
1
0.499
0.55
0.538
0.817
0.607
0.266
0.274
0.252
0.502
0.405
0.278
1
0.512
0.574
NA
NA
1
1
1
1
0.346
1
1
0.558
0.521
0.797
1
1
0.498
1
0.32
0.669
1
0.865
0.407
1
0.763
0.712
0.339
NA
0.487
0.489
0.42
0.835
1
0.121
NA
1
NA
NA
0.11
0.235
0.842
0.28
0.355
0.882
1
0.29
0.039
1
0.786
1
0.534
0.726
0.782
0.11
0.316
0.363
0.292
0.334
0.449
0.528
0.85
0.587
0.587
0.549
1
0.85
1
0
0.49
0.438
1
0
1
0.85
1
0.85
NA
NA
NA
0.85
NA
NA
NA
0
0
0
1
NA
0
0
1
NA
0
1
0
NA
0.781
0.696
0.721
1
1
0
0
0
0
0
1
0.606
1
NA
NA
NA
0.566
0.605
0.472
0.85
0.352
1
0.566
0.566
0.566
0
0.128
0.362
0.296
0.487
0.477
NA
0.85
0.41
0.85
1
0.107
0.647
0.903
1
0.423
0.105
NA
0.666
0.576
0.742
0.847
NA
0.513
1
1
1
0.542
0.305
0.314
NA
0.494
0.321
0.494
0.339
0.496
0
0.29
0.423
0.511
0.919
NA
0.628
0.438
1
NA
0.331
0.546
0.576
1
0.756
0.575
0.464
0.729
0.511
0.855
0.75
0.791
0.643
0.823
0.817
0.828
NA
NA
0.05
0.725
0.686
1
0.828
0.17
0.483
0.512
0.408
0.83
1
1
0.483
1
1
0.769
NA
1
0.63
1
0.066
1
NA
NA
NA
0.736
1
0.338
0.624
0.711
0.823
0.457
0.753
NA
0.729
0.734
0.524
1
1
NA
1
1
NA
NA
NA
NA
NA
0.308
0.464
1
0.638
0.426
NA
NA
NA
0.612
1
0.421
0.258
0.837
0.804
0.773
0.887
0.575
0.071
0.788
0.128
0.857
0.558
0.114
0.855
NA
NA
NA
NA
NA
NA
NA
NA
0.478
0.582
0.324
0.779
0.649
0.324
0.097
0.856
0.132
0.406
NA
NA
1
1
0
1
0.715
0.756
1
0.284
0.279
0.387
1
0.756
NA
1
1
NA
1
1
0.329
0.11
0.11
1
1
0.447
0.558
1
1
1
1
1
1
0.768
1
1
0.639
0.533
NA
NA
0.266
0.481
1
1
NA
NA
1
1
1
0
0
0.322
NA
0.667
0.396
1
1
NA
NA
NA
NA
0.675
1
0.738
NA
0.629
0.43
0.314
0.738
0.128
0.142
0.684
NA
0.826
NA
0.286
0
0.789
0.142
NA
0.387
0.481
0.712
0.672
0.887
1
0.719
0.583
0.854
0.403
1
0.507
NA
NA
0.183
0.627
0.717
NA
0.648
0.754
0.723
0.486
1
1
0.035
0.051
0.425
0.515
0.399
0.515
1
0.55
NA
NA
NA
NA
NA
0
NA
1
0.522
0.586
0.435
0.879
NA
0.363
0.719
0.47
0.502
0.249
0.236
0.44
0.449
0.5
0.547
0.336
0.483
0.401
0.512
0.283
0.479
0.36
0.312
0.249
1
0.424
0.546
NA
0.333
1
0.437
0.36
0.441
0.753
1
0.403
1
0.403
0.736
1
0
0.531
1
0.223
0.469
1
0.234
0.266
0.172
0
0.355
0.282
0.398
0.489
NA
NA
NA
NA
NA
NA
NA
NA
0.286
0.357
NA
0.28
0
NA
0.566
0.285
0.455
0.308
NA
0.099
0.523
NA
0.205
0.317
0.061
NA
0.496
0.056
0.276
0.436
NA
0.04
0
0
NA
1
0.633
0.71
0
NA
0.327
0.092
NA
0.629
0
0.606
0.522
0.095
0.279
0.194
0.509
NA
0.386
1
0.395
1
0.746
0.622
0.603
0.602
0.562
0.508
0.555
0.68
0.454
0.745
0.533
0.889
0.841
0.851
0.527
0.585
0.403
0.682
0.52
0.664
0.624
0.851
0.615
1
0.273
0.744
0.596
0.536
0.53
NA
0.556
0.316
0.307
0.517
NA
0.316
0.397
0.371
NA
0.678
0.783
0.69
0.726
0.783
0.891
0.689
0.694
0.655
0.569
0.531
0.589
0.258
0.557
0.712
0.879
0.48
1
1
0.639
0.734
0.598
0.782
0.745
0.605
1
0.555
0.48
0.387
0.209
1
0.236
1
0.842
1
NA
NA
NA
NA
0.956
NA
NA
NA
NA
0.624
0.717
0.844
0.755
1
0.791
0.469
0.289
0.328
0.145
0.394
0.45
0.441
0.43
0.313
0.67
0.565
1
0.688
0.628
0.642
0.957
1
0.534
0.574
0.529
1
0.669
0.529
1
0.834
0.614
1
1
0.588
0.576
0.731
1
0.696
0.494
0.422
0.284
0.483
0.517
0.545
0.346
0.422
1
0.487
0.692
1
0.558
1
1
0.682
0.692
NA
NA
1
1
1
1
1
1
NA
1
1
1
1
1
NA
0.753
1
0.712
0.752
0.502
0.565
0.728
0.728
0.658
0.804
0.453
0.721
1
0.604
0.723
0.764
1
0.646
0.614
0.7
0.666
0.114
0.597
0.873
NA
0.655
0.663
0.663
0.653
0.609
0.705
0.547
0.578
0.788
1
0.522
1
0.406
0.435
0.64
0.771
0.408
1
0.479
0.471
1
0.471
0.598
0.598
0.471
0.94
0.598
1
0.598
0.471
0.819
0.686
0.759
0.597
0.558
0.471
1
0.465
1
0.345
0.345
0.268
0.052
NA
0.588
0.609
0.378
0.663
0.394
0.251
0.429
0.436
0.657
0.637
0.57
0.508
0.334
NA
0.491
0.608
0.511
0.626
0.366
NA
0.531
0.653
0.469
0.587
0.526
0.619
0.399
0.504
0.579
0.664
0.368
0.353
0.667
0.684
0.526
0.62
0.505
0.479
0.369
0.602
0.409
0.515
0.667
0.631
0.564
0.659
0.549
0.676
0.695
0.678
0.67
0.638
NA
0.557
0.386
0.572
NA
0.578
0.608
1
0.656
0.518
0.415
0.281
0.436
1
0.482
0.613
0.238
0.718
0.628
0.486
0.62
0.644
0.7
0.547
0.06
1
0.557
0.546
0.537
0.707
1
0.755
0.614
0.788
1
0.728
0.736
0.716
0.617
1
0.365
NA
0.72
1
1
1
0.854
0.906
1
0.474
0.754
0.627
0.638
0.622
0.715
0.684
0.594
0.692
0
0
0
0
0
0.124
0.677
0.4
0.41
0.556
0.43
0.258
1
1
0.604
0.699
NA
0.796
0.558
0.292
0.866
0.754
0.678
0.524
0.746
0.53
0.674
0.513
0.327
0.549
1
0.783
0.681
0.631
0.863
0.748
0.782
1
1
0.775
0.908
0.525
1
1
0.669
0.263
0.086
0.544
0.532
0.05
0.082
0.082
0.597
0.577
0.363
0.517
0.507
0.473
0.426
0.52
1
0.12
0.312
0.82
0.77
0.078
0.172
0.114
0.607
0.62
0.885
1
0.14
0.432
0.885
0.493
1
1
0
NA
1
0.716
0.841
0.607
0.595
0.71
NA
0.455
1
0.577
1
0.684
0.646
1
0.616
0.767
0.333
0.275
0.351
0.07
0.348
1
0.677
0.619
0.712
0.543
0.458
NA
0.458
0.651
0.687
0.423
NA
0.423
0.848
1
1
1
0.506
0.565
0.401
0.244
0.587
0.566
0.336
0.518
0.467
0.481
0.635
0.647
0.356
0.306
0.559
0.533
0.51
0.4
0.521
0.476
0.756
0.466
0.465
0.558
1
0.134
0.508
0.448
0.499
0.38
0.417
0.584
0.453
0.247
0.583
0.567
0.374
0.738
0.572
0.173
0.589
0.32
0.32
0.32
0.273
0.609
0.589
1
0.925
1
0.543
0.215
0.198
0.442
1
0.285
0
0
0
0.11
0.088
NA
0.612
1
0.537
0.548
0.664
0.462
0.436
0.41
0.618
0.761
0.587
0.75
0.573
0.691
0.761
0.637
0.588
1
0.669
0.681
0.892
0.808
0.765
0.837
0.756
0.767
0.729
0.641
0.603
0.848
0.823
1
0.626
0.75
0.775
0.606
0.672
0.631
0.685
0.691
0.804
0.814
0.773
1
0.759
0.686
0.736
0.816
0.853
0.753
0.874
0.72
0.837
0.791
0.691
1
0.832
0.801
0.756
1
0.812
0.651
0.918
0.698
0.074
NA
0.341
NA
1
1
0.533
0.7
0.634
0.639
0.659
0.646
0.559
0.871
0.558
0.709
1
0.753
0.47
0.584
0.824
1
0.682
0.708
1
0.633
0.535
1
NA
1
0.609
NA
NA
0.73
0.338
0.598
0.753
0.912
1
1
0.443
0.545
0.748
1
0.869
0.731
0.847
0.517
NA
1
0.563
0.61
0.86
0.928
1
1
0.6
0.752
1
1
0.157
0.628
1
0.479
0.335
0.798
0.642
0.468
1
0.665
0.716
0.722
0.654
0.637
0.636
0.538
1
0.436
0.445
0.372
0.538
0.803
NA
0.704
0.653
0.506
0.201
0.108
1
0.064
0.558
0.66
0.825
0.699
0.579
1
0.753
1
0.661
0.599
1
0.285
0.771
0.658
1
0.656
0.475
1
0.75
0.43
0.544
0.706
0.398
0.452
1
0.502
0.543
0.587
0.67
1
0.217
0.475
0.545
0.403
0.416
0.487
1
0.558
1
0.28
0.5
0.28
0.293
0.5
0.647
0.438
0.548
0.753
1
1
1
1
NA
1
1
0.693
0.667
1
0.633
0.754
0.857
1
0.386
0.701
0.175
1
0.663
0.572
0.554
0.556
0.296
1
0.39
0.517
0.666
0.63
0.275
0.415
0.559
0.477
0.742
1
0.751
0.142
0.297
0.208
0.283
0.443
0.298
0.211
0.105
0.529
0.414
0.498
0.469
0.638
1
0.042
0.072
0.653
0.748
0.31
0.374
0.732
0.752
0.756
0.711
0.69
0.622
0.765
0.298
0.128
0.528
0.352
0.302
0.449
0.282
0.309
0.543
0.213
0.35
0.266
1
0.445
0.231
0.322
0.28
0.153
0.554
0.353
0.199
0.351
0.397
0.681
1
0.179
0.621
0.406
0.401
0.614
0.351
0.554
0.633
0.397
0.85
0.579
0.467
0.714
0.681
0.521
0.603
0.487
0.248
0.744
0.449
1
0.294
0.054
0.657
0.7
0.719
0.699
0.763
0.592
0.257
0.734
0.701
0.766
0.674
0.374
0.579
1
0.363
0.785
0.744
0.548
0.701
0.674
0.691
1
0.624
1
NA
0.537
0.803
0.724
0.847
0.658
0.734
0.765
0.685
0.733
0.847
0.472
0.646
1
0.478
0.564
0.815
0.719
0.71
0.746
0.626
0.704
0.58
0.877
1
1
0.576
0.178
0.617
0.912
0.367
1
0.795
0.77
0.795
0.484
0.578
0.219
0.498
0.498
NA
0.418
0.402
0.481
0.429
0.502
1
0.455
0.624
1
0.783
0.783
0.281
0.17
0.914
0.914
0.849
0
0.766
0.608
0.459
0.611
0.721
0.825
0.227
1
0.653
NA
0.19
0.325
1
NA
1
0.558
NA
NA
NA
NA
NA
NA
NA
NA
NA
NA
NA
NA
NA
NA
NA
NA
NA
NA
NA
NA
NA
NA
NA
NA
NA
NA
NA
NA
1
0.357
1
0.338
0.477
0.777
0.396
0.39
0.567
0.711
1
0.836
0.665
0.774
0.78
0.801
0.457
0.577
0.489
0.489
0.403
0.633
0.877
0.635
0.503
1
0.542
0.694
0.432
1
0.847
0.097
1
0.937
NA
1
1
0.832
0.235
1
NA
0.28
0.662
0.784
1
0.847
0.584
0
1
1
1
1
0.709
1
0.661
0.616
0.664
0.591
0.632
0.216
0.642
0.68
0.076
0.675
0.658
0.692
0.589
0.856
0.812
0.666
0.639
0.156
0.482
0.81
0.792
0.815
0.636
0.636
0.339
0.547
0.718
0.797
0.094
0.638
0.434
0.829
0.614
0.744
0.716
0.516
NA
0.32
0.588
0.637
0.194
0.552
0.441
0.672
1
0.729
0.777
1
0.571
0.588
0.703
0.448
0.673
0.25
0.662
0.089
0.68
0.669
0.723
0.75
0.715
0.561
0.713
0.618
0.359
0.535
0.344
0.566
0.554
0.455
NA
1
NA
1
0.581
0.334
0.462
NA
0.427
0.252
NA
NA
0.654
1
0.356
0.97
NA
0.953
0.447
0.866
NA
1
0.471
0.493
NA
NA
1
1
NA
NA
0
1
0.385
0
0.172
0.446
0.328
NA
0.385
NA
0.471
0.288
1
NA
0.512
0.385
0.337
0.235
0.77
0.492
NA
0.433
NA
NA
NA
0.262
0.456
1
0.657
0.266
0.269
NA
1
NA
0.438
0.666
0.518
0.512
0.382
0.243
0.143
0.445
0.417
NA
NA
0.346
0.365
0.555
NA
0.551
NA
0.438
0.433
NA
0.301
1
0.837
0.383
1
0.307
0
0.475
NA
NA
1
0.303
0.291
0.188
0.437
NA
0.567
0.524
0.578
NA
0.405
0.608
0.355
0.648
0.531
0.608
0.482
0.549
0.434
0.649
0.611
1
0.633
0.624
NA
0.47
0.494
0.506
NA
0
0.386
0
1
0.306
0.54
0.57
0.561
0.084
1
0.501
0.385
NA
0.683
0.644
0.145
0.54
0.657
NA
0.245
0.47
0.184
0.128
0.117
0.689
0.41
0.148
0.357
0.633
0.602
0.809
0.412
0.316
0.108
0.535
0.381
0.11
0.367
0.637
0.336
0.306
0.8
1
0.396
0.379
0.54
0.717
0.446
1
0.397
1
0.62
0.877
0.562
0.482
0.64
0.694
NA
0.576
0.401
0.74
0.696
0.656
NA
0.604
0.613
0.474
0.604
0.736
0.615
0.511
0.649
0.331
0.45
0.536
0.355
1
0
0.736
0.085
0.516
0.428
0.4
0.456
0.726
0.516
0.458
0.298
0.259
0.291
0.493
0.408
1
0.224
0.912
NA
0.603
NA
NA
0.227
0.37
0.516
0.451
0.604
0.85
0.633
0.846
0.587
1
NA
1
0
0.344
0.537
0.882
0.841
0.739
0.557
0.682
1
1
1
1
1
1
0.187
0
0.143
1
0.11
0.088
NA
0.199
NA
0.325
0.398
0.377
0.395
1
NA
0
0.636
1
1
1
1
0
0.099
1
0.114
0.108
0.558
1
0.748
0.704
0.555
0.875
1
0.457
0.585
1
0.681
1
0.509
0.592
0.529
1
0.58
0.514
0.435
0.641
1
0.215
0.516
NA
0.479
0.453
0.523
0.457
NA
0.458
0.819
0.503
0.604
0.661
NA
NA
1
0.452
NA
NA
NA
0.63
NA
0.394
0.672
1
0.464
0.667
NA
0.688
0.644
0.402
0.621
NA
0.77
0.775
0.827
0.709
0.669
0.694
0.533
0.579
NA
0.772
0.582
0.712
0.255
0.669
0.185
0.219
0.646
0.765
0.64
0.662
0.78
1
1
0.786
1
NA
0.649
0.688
0.612
0.433
NA
NA
0.466
0.484
0.84
NA
0.446
0.874
0.144
0.564
0.693
1
NA
0.253
NA
NA
NA
NA
NA
NA
NA
NA
NA
NA
NA
NA
NA
NA
NA
NA
NA
NA
NA
NA
NA
NA
NA
NA
NA
NA
0.72
0.565
0.565
0.42
0.342
1
1
0.593
NA
0.273
0.565
0.419
0.73
0.856
NA
1
0.463
0.505
0.402
1
0.533
0.736
0.623
0.376
0.615
0.798
0.722
1
0.741
0.605
0.246
1
1
1
0.558
0.563
0.668
1
NA
NA
NA
NA
NA
NA
NA
NA
0.03
0.224
1
NA
0.229
0.696
0.656
0.666
0.514
NA
NA
NA
NA
NA
0
0
NA
NA
NA
0.894
0.739
NA
NA
0.536
1
0.563
NA
0.372
0.344
0.382
0.47
0.343
0.507
0.644
0.074
1
0.351
0.453
0.838
0.32
0.739
0.605
0.627
0.576
0.52
1
0.73
0.621
0.499
0.535
0.289
0.314
0.513
0.08
0.402
0.381
NA
NA
NA
NA
NA
NA
NA
NA
NA
NA
0.692
0.67
1
0.542
0.549
1
0.549
0.661
0.65
0.771
0.539
0.739
0.698
0.648
0.557
0.708
1
0.508
0.686
0.705
0.63
0.626
0.646
0.612
0.818
0.466
0.701
0.765
0.595
0.56
0.588
0.705
1
0.644
0.682
0.575
0.812
0.818
0.702
1
0.499
0.512
0.786
0.553
0.665
0.503
0.343
0.619
0.803
0.569
1
0.756
0.482
0.254
0.923
0.433
0.547
0.142
0.34
0.321
0.141
0.384
0.67
0.658
0.639
0.222
0.504
NA
0.423
0.469
1
0.341
0.48
0.569
0.405
0.675
NA
1
NA
0.738
0.746
0.208
NA
1
0.607
0.141
0.594
1
0.582
0.49
1
0.744
0.681
0.547
0.611
1
0.439
0.629
0.32
0.671
1
0.591
0.68
0.483
0.619
0.342
1
0.8
0.555
0.683
0.671
0.53
0.797
0.506
0.565
0.56
0.705
1
0.659
0.596
0.718
NA
0.521
0.717
0.203
0.321
0.676
0.757
0
1
0.326
0.753
0.779
0.373
0.477
0.602
0.586
1
0.448
0.577
0.579
0.704
NA
1
1
0.667
0.556
0.168
0.078
0.552
0.083
0.707
0.781
0.753
0.676
0.431
0.682
0.281
0.385
0.571
0.528
0.544
0.676
1
0.526
0.675
0.544
0.48
0.251
0.697
0.68
0.78
0.507
1
0.148
0.148
1
NA
NA
NA
NA
NA
NA
1
0.776
1
0.491
0.464
0.487
0.457
0.591
0.581
NA
NA
NA
NA
NA
NA
0.381
0.507
0.56
0.587
0.082
0.36
NA
0.591
0.062
NA
NA
NA
0.454
0.768
0.35
0.361
0.158
0.511
0.496
0.11
0.11
1
0.67
0.707
0.513
0.648
0.484
0.471
NA
0.606
0.716
1
0.614
0.759
0.527
0.894
0.698
1
0.519
1
1
1
NA
0.624
0.666
0.558
0.363
0.415
0.457
0.487
1
NA
0.723
1
0.275
0.658
NA
NA
1
0.912
0.258
0.387
0.435
1
1
0.577
1
NA
NA
NA
NA
1
1
0.729
0.864
0.314
0.767
0.14
0.724
NA
NA
NA
NA
1
NA
0.951
0.309
0.531
0.558
0.453
0.328
0.685
NA
NA
NA
1
0.102
0.701
0.695
0.491
0.742
0.742
0.652
0.323
0.769
NA
NA
1
0.558
1
0.528
0.785
1
NA
NA
NA
1
0.866
0.64
0.603
0.63
0.881
0.776
0.363
0.506
0.389
1
0.627
NA
0.65
NA
NA
NA
NA
0.323
0.323
0.224
0.149
0.323
0.224
0.505
0.584
0.392
1
0.235
NA
NA
0.384
0.688
NA
NA
NA
0.323
NA
0.543
0.767
1
NA
0.848
0.849
NA
NA
1
NA
NA
0.652
1
1
1
0.596
0.944
0.609
0.51
0.727
0.901
0.755
0.882
0.584
0.639
0.272
NA
NA
1
0.821
NA
0.419
0.59
0.701
0.728
0.708
1
1
0.596
NA
NA
0.524
0.282
0
0.622
0.508
0.241
1
1
0.863
0.406
0.216
0.761
NA
0
NA
1
1
0.445
0
0.354
0.448
1
0.672
0.651
0.786
NA
0.504
NA
0.561
0.467
0.447
0.499
0.452
0.157
0.517
NA
NA
0.637
0.385
0.42
0.356
0.334
0.717
NA
0.681
0.561
1
NA
NA
0.381
0.491
0.514
NA
NA
NA
NA
NA
1
0.574
0.421
0.77
0.442
1
0.698
0.681
0.638
0.753
0.611
0.518
0.57
0.615
0.53
0.385
0.705
1
0.593
0.47
0.443
1
0.386
0.513
0.217
0.547
0.435
1
1
0.448
0.547
0.483
0.367
0.717
0.575
0.437
0.641
0.527
0.477
NA
0.554
0.657
0.624
0.424
1
0.353
NA
NA
NA
1
1
1
1
1
NA
0.6
0.788
0.453
1
0.625
0.318
0.737
0.395
0
0.651
0.682
0.855
0.734
0.683
0.844
0.713
0.867
0.776
0.672
0.693
0.795
0.618
0.634
0.795
0.756
0.409
0.599
NA
0.619
1
0.613
0.752
NA
0.651
1
0.925
0.774
0.813
0.361
0.413
0.42
0.583
0.625
0.638
0.594
0.609
0.551
0.616
0.688
0.817
0.393
0.596
0.857
0.48
0.64
0.591
0.686
0.64
0.739
0.585
0.585
0.705
0.822
0.671
0.583
0.385
0.616
1
0.693
0.433
0
0.693
0.357
0.353
0.522
NA
NA
NA
NA
NA
NA
0.58
0.58
0.237
0.493
0.563
0.667
0.722
0.658
0.659
0.345
0.53
0.534
0.645
0.528
0.349
NA
1
0.519
0.582
1
0.675
0.599
0.524
0.524
0.376
0.318
0.336
0.276
0.509
0.414
0.385
0.526
0.121
0.152
0.563
0.568
0.392
0.235
0.651
NA
0.212
0
0.279
0.416
0.536
NA
0.284
0.268
NA
NA
NA
NA
0.275
0.378
0.324
0.323
0.323
0.291
NA
0.314
NA
NA
NA
NA
NA
NA
1
NA
0.562
0.637
NA
NA
0.529
NA
0
0.59
NA
NA
NA
0.493
0.476
NA
NA
NA
NA
NA
0.585
NA
NA
NA
NA
0.85
NA
NA
NA
NA
NA
0.194
NA
NA
0.575
0.868
NA
NA
NA
NA
NA
NA
NA
NA
NA
NA
NA
NA
NA
NA
NA
NA
NA
NA
NA
NA
NA
NA
NA
NA
NA
NA
0.056
0
NA
0.181
NA
NA
NA
NA
NA
NA
NA
NA
NA
0.498
NA
NA
NA
0.267
NA
NA
NA
NA
NA
NA
NA
0.223
NA
NA
0.33
0.409
NA
NA
NA
0.511
NA
0.055
NA
NA
0.159
NA
0.507
0.342
0.364
NA
NA
NA
NA
0.289
NA
0.318
NA
0.311
NA
NA
0.28
NA
0.557
0.501
NA
NA
NA
NA
0.644
NA
NA
NA
0.46
1
NA
0.101
0.167
0.236
NA
0.451
NA
0.256
0.416
NA
NA
NA
NA
NA
0.268
NA
0.22
NA
NA
0.484
NA
0.387
NA
0.416
1
NA
NA
NA
NA
0
0.322
NA
NA
NA
NA
NA
NA
NA
NA
NA
NA
0.373
NA
1
NA
NA
NA
NA
NA
NA
NA
NA
NA
NA
NA
0.497
NA
NA
0.216
NA
NA
NA
NA
NA
NA
NA
NA
0.515
NA
NA
NA
NA
NA
NA
0
NA
NA
NA
NA
NA
NA
NA
NA
NA
NA
NA
NA
NA
0.652
NA
NA
NA
NA
1
NA
NA
0.304
NA
NA
NA
NA
NA
NA
NA
NA
NA
NA
NA
NA
1
0.307
NA
NA
NA
NA
NA
0.439
NA
NA
1
NA
NA
NA
NA
NA
NA
NA
NA
NA
NA
NA
0.368
NA
NA
0.172
NA
NA
NA
NA
NA
NA
NA
NA
NA
NA
NA
NA
NA
0.639
NA
NA
NA
NA
NA
NA
0.733
0.546
NA
1
0.558
NA
NA
NA
NA
NA
NA
NA
NA
NA
NA
0
0
NA
NA
0.282
NA
NA
NA
NA
NA
NA
NA
NA
NA
NA
NA
NA
NA
NA
NA
NA
NA
NA
NA
NA
0.11
NA
NA
NA
NA
NA
NA
NA
NA
NA
NA
NA
NA
NA
0
0.354
NA
NA
0.354
NA
NA
0.409
NA
0.353
0.558
0.614
0.565
NA
NA
NA
NA
NA
NA
NA
NA
NA
NA
NA
NA
NA
NA
NA
0.407
NA
NA
NA
NA
NA
NA
NA
NA
NA
NA
0
NA
NA
NA
NA
NA
NA
0.395
NA
NA
NA
NA
NA
NA
NA
0.46
0.643
0.736
0
NA
NA
NA
NA
0.495
NA
NA
0.373
0.538
NA
0.2
NA
0.731
NA
NA
0.558
NA
NA
NA
NA
NA
NA
NA
NA
NA
NA
NA
0.416
0.392
NA
NA
0
NA
0.293
NA
NA
NA
0.159
NA
NA
NA
NA
NA
NA
NA
NA
NA
NA
NA
NA
NA
NA
NA
NA
0.196
NA
NA
NA
NA
NA
NA
NA
NA
NA
NA
NA
NA
NA
NA
NA
NA
NA
NA
NA
0.558
NA
NA
NA
NA
NA
NA
NA
NA
NA
NA
0.274
NA
0.071
0.431
0
0.211
NA
NA
NA
NA
NA
NA
0
NA
0.632
0.38
NA
0.472
NA
NA
NA
NA
NA
0.402
0.141
0.508
0.558
NA
NA
0.468
NA
NA
NA
NA
NA
0.387
0.417
0.306
0.507
NA
NA
NA
NA
NA
0.528
0.558
1
NA
NA
NA
NA
NA
0.489
NA
NA
NA
NA
NA
NA
NA
0.393
NA
NA
NA
NA
0.243
NA
NA
NA
NA
NA
NA
NA
NA
NA
0.235
NA
0.152
0
0.181
NA
NA
NA
0.256
0.254
0.295
NA
NA
NA
NA
NA
NA
NA
0.314
NA
NA
NA
NA
NA
0.838
NA
NA
0.42
0.237
NA
0.456
NA
0.686
0.743
NA
0.143
0.569
NA
NA
NA
NA
NA
NA
0.57
NA
NA
NA
NA
NA
NA
NA
0.496
NA
NA
NA
NA
NA
NA
NA
0.19
NA
NA
0.722
NA
NA
NA
NA
NA
NA
NA
NA
NA
NA
NA
0.368
NA
NA
NA
NA
NA
0.569
NA
NA
NA
NA
NA
NA
NA
NA
NA
NA
NA
NA
NA
NA
NA
NA
NA
NA
NA
NA
NA
NA
NA
NA
NA
0.517
0.517
0.274
NA
NA
0.524
0.634
NA
NA
0.447
NA
0.443
NA
NA
0.434
NA
NA
0.336
NA
NA
NA
NA
NA
NA
NA
NA
0.402
0.538
NA
NA
NA
NA
NA
NA
NA
0.215
NA
NA
NA
NA
NA
0.246
0.843
0.427
NA
NA
NA
0.146
0.691
NA
NA
NA
NA
NA
NA
NA
0.403
NA
0
NA
NA
NA
NA
NA
NA
NA
0.243
0.192
0
NA
NA
0
NA
NA
NA
NA
NA
NA
0.38
NA
NA
NA
NA
NA
NA
NA
NA
NA
0.731
0.349
0.542
0.617
NA
NA
NA
NA
NA
NA
NA
NA
NA
NA
NA
NA
NA
0.444
0.598
0.471
0.474
NA
NA
NA
NA
NA
NA
NA
NA
NA
NA
0.736
NA
NA
NA
0.116
NA
0.409
0.21
NA
NA
NA
NA
0.558
NA
0.588
NA
NA
NA
0.333
NA
NA
NA
NA
NA
NA
0.172
NA
NA
NA
NA
NA
NA
NA
NA
NA
0.387
0.322
NA
NA
0.096
0.315
NA
NA
NA
NA
NA
NA
0.294
0.517
NA
NA
0.296
NA
NA
NA
NA
0.278
0.261
NA
0.273
0.261
0.25
0.375
0.279
NA
NA
NA
NA
NA
NA
NA
NA
NA
NA
NA
NA
0.679
0.623
0.79
0
0.426
NA
NA
0.753
NA
NA
0.396
NA
NA
NA
0.343
NA
NA
NA
NA
NA
0.435
0.315
NA
NA
0
NA
NA
NA
NA
NA
NA
NA
NA
0.278
NA
NA
NA
NA
NA
0.248
NA
NA
NA
0.204
NA
0.756
NA
NA
0.076
NA
NA
NA
NA
NA
NA
NA
NA
NA
NA
NA
0.119
NA
NA
NA
NA
0.56
0.375
NA
0.4
NA
0.291
0.308
0.22
0.569
0.736
0.511
NA
0.181
NA
0.103
NA
NA
NA
NA
NA
NA
NA
0.387
0.217
0
NA
NA
NA
NA
NA
NA
0.433
0.122
0.604
NA
0.103
0.103
0.064
NA
NA
NA
NA
NA
NA
NA
NA
NA
0.374
NA
NA
0.27
NA
NA
NA
NA
NA
NA
0.721
0.394
NA
NA
NA
NA
NA
NA
NA
NA
NA
NA
NA
NA
NA
NA
0.603
NA
NA
NA
NA
NA
NA
0
NA
0.694
0.314
NA
NA
NA
0.451
0.385
NA
NA
NA
NA
0.295
NA
NA
NA
NA
NA
0
NA
NA
NA
NA
0.602
NA
0.321
NA
0.811
NA
NA
NA
NA
NA
NA
0.567
0
NA
NA
NA
NA
0
NA
NA
0.185
0.679
NA
NA
NA
NA
NA
NA
NA
NA
NA
NA
NA
NA
NA
NA
0.12
NA
0.484
0.329
0.368
NA
NA
NA
NA
NA
NA
NA
NA
NA
0.424
NA
NA
NA
NA
0.449
NA
NA
NA
NA
NA
NA
NA
NA
NA
NA
0
NA
NA
NA
NA
NA
NA
NA
0.439
NA
NA
NA
NA
NA
NA
NA
NA
NA
NA
NA
0.801
NA
NA
0.117
0.464
0
NA
NA
NA
NA
NA
NA
NA
NA
NA
NA
NA
NA
NA
NA
NA
NA
NA
NA
NA
NA
NA
NA
NA
NA
NA
NA
NA
NA
NA
0.249
NA
NA
NA
0.172
NA
0.687
NA
NA
NA
NA
NA
NA
0.357
0.361
NA
NA
NA
NA
0
NA
0.476
0.753
0.753
0
NA
NA
NA
NA
NA
NA
NA
NA
NA
NA
NA
NA
NA
0.562
NA
NA
NA
NA
NA
NA
NA
NA
NA
NA
NA
1
0.385
1
NA
0.148
0.753
NA
NA
NA
NA
NA
NA
NA
0.589
0.385
NA
0.063
0.451
NA
NA
NA
NA
NA
NA
0.33
NA
NA
NA
NA
NA
0.403
NA
NA
NA
NA
NA
NA
NA
NA
NA
NA
NA
NA
NA
NA
NA
NA
NA
0.119
0.395
NA
NA
NA
0.351
0.371
NA
NA
NA
0.547
0
NA
NA
0.425
NA
NA
NA
NA
NA
NA
NA
0.593
0.508
NA
NA
NA
NA
NA
0
0.495
0
NA
NA
NA
NA
NA
NA
NA
NA
NA
NA
0
1
0.558
NA
NA
NA
NA
0.317
0.387
NA
NA
NA
NA
NA
0.502
0.678
0.704
NA
NA
NA
NA
NA
0.626
0.416
0.431
0.262
NA
NA
NA
0.12
NA
NA
NA
NA
NA
NA
NA
0.475
NA
NA
NA
NA
NA
NA
NA
NA
0.21
NA
NA
NA
NA
NA
NA
NA
NA
NA
NA
NA
NA
NA
NA
NA
NA
NA
NA
NA
0.622
NA
NA
NA
NA
NA
NA
NA
0
0
NA
0
NA
NA
0
0
NA
0
NA
NA
NA
NA
NA
NA
0.353
NA
NA
NA
NA
NA
NA
1
0
NA
NA
NA
NA
NA
0.137
NA
0.439
NA
0.294
NA
NA
NA
0.481
NA
0.489
0
NA
0.183
NA
NA
NA
0.071
0.608
NA
0.317
NA
0.13
0.114
NA
0.753
0
NA
0.172
NA
0.474
0.433
0.452
NA
NA
NA
NA
NA
NA
NA
0.235
0.377
NA
NA
0.442
0.366
NA
NA
NA
NA
0.495
NA
NA
NA
0.3
NA
NA
NA
NA
0.402
NA
NA
NA
NA
NA
NA
NA
NA
NA
NA
NA
0.062
0.243
NA
NA
NA
NA
NA
NA
NA
NA
NA
NA
NA
NA
NA
NA
NA
NA
NA
NA
NA
NA
NA
NA
NA
NA
NA
NA
0
NA
NA
NA
0.249
NA
NA
NA
0.127
0.342
0.431
NA
NA
NA
NA
NA
NA
NA
NA
NA
NA
0.373
NA
NA
0.205
NA
0.424
0.346
NA
0.528
NA
0.347
NA
NA
NA
NA
0.558
NA
NA
0.205
1
NA
0.277
NA
NA
NA
NA
NA
NA
NA
NA
NA
NA
NA
NA
NA
0.216
NA
NA
NA
0.579
0.184
NA
NA
NA
NA
NA
0.321
0.401
NA
NA
NA
NA
NA
0.558
NA
NA
NA
0.479
NA
NA
NA
NA
NA
NA
NA
NA
NA
NA
NA
NA
NA
NA
0.463
NA
NA
NA
NA
NA
NA
NA
NA
NA
NA
0.378
NA
NA
1
0.693
0.368
NA
0
0.408
NA
0.4
NA
0.326
NA
0.58
NA
NA
0.638
NA
NA
NA
NA
NA
0.325
NA
0.515
0.319
0.09
0.306
0.339
0.435
NA
NA
0.351
NA
NA
0.11
NA
NA
NA
NA
NA
0.603
0.389
NA
0.173
NA
NA
0.387
0.51
0.242
1
NA
NA
0.225
NA
NA
NA
NA
0.334
0.6
NA
0.466
0.265
NA
0.188
1
0.314
0.324
NA
NA
NA
NA
NA
NA
NA
NA
NA
NA
NA
0.143
NA
NA
0.396
NA
NA
NA
NA
NA
NA
NA
NA
0.63
NA
NA
NA
NA
NA
NA
NA
NA
NA
NA
NA
NA
0.371
NA
NA
0.395
NA
NA
NA
NA
NA
NA
NA
NA
NA
NA
NA
NA
0.299
0
NA
NA
NA
NA
NA
NA
NA
NA
NA
NA
NA
NA
NA
NA
NA
NA
NA
NA
NA
NA
NA
NA
NA
NA
NA
NA
NA
NA
NA
NA
0
NA
NA
NA
NA
NA
NA
NA
NA
NA
NA
NA
NA
NA
NA
NA
NA
0.253
NA
0.437
NA
NA
NA
NA
NA
NA
NA
NA
NA
NA
NA
NA
NA
NA
NA
NA
NA
1
0.213
0.244
0.184
NA
0.388
0.224
0.432
0.722
NA
0.223
0.267
1
NA
0.8
0.465
NA
NA
NA
NA
NA
NA
NA
NA
0.622
NA
0.309
NA
NA
NA
NA
NA
0.35
NA
NA
NA
NA
NA
NA
NA
NA
NA
NA
NA
NA
NA
NA
0.11
0.279
NA
NA
NA
0.465
NA
NA
0.11
0.172
NA
0.091
NA
0.102
0.079
NA
NA
0.311
0.109
0.771
NA
0.445
NA
NA
NA
NA
NA
NA
0.756
NA
NA
NA
NA
NA
NA
NA
NA
NA
NA
NA
NA
0.437
NA
NA
NA
NA
NA
NA
NA
NA
NA
NA
0.044
NA
NA
NA
0
NA
0.337
0.63
NA
NA
NA
NA
NA
NA
NA
NA
NA
NA
0.108
NA
NA
NA
NA
NA
NA
0.11
0
0.084
NA
0.254
NA
NA
0.221
0.462
NA
NA
0.571
NA
0.771
0.284
NA
0.411
NA
0.311
NA
NA
NA
NA
NA
NA
NA
NA
0.3
NA
0.285
0.311
NA
NA
0.435
0.064
NA
NA
NA
NA
0.404
NA
NA
NA
NA
NA
NA
0.548
0.491
NA
NA
NA
0.381
0.309
NA
NA
NA
NA
NA
NA
0.182
NA
NA
NA
0.213
NA
0.075
0.256
NA
NA
NA
0
NA
NA
NA
NA
0.148
0
0.148
0.148
0.148
NA
NA
0.169
NA
NA
NA
NA
0.568
NA
NA
NA
NA
NA
NA
0.552
NA
NA
NA
NA
0.558
NA
1
NA
1
NA
NA
NA
0.232
0.423
NA
NA
NA
0.553
NA
NA
0.269
NA
NA
NA
1
0.782
NA
NA
NA
0.398
NA
NA
NA
NA
NA
NA
0.387
NA
0.431
NA
NA
NA
0.776
NA
NA
NA
NA
NA
NA
1
NA
0.048
NA
NA
NA
NA
0.164
NA
0
NA
NA
NA
NA
NA
NA
NA
NA
NA
0
NA
NA
NA
0.354
NA
NA
NA
NA
NA
0.386
0.046
NA
NA
NA
0.788
NA
NA
NA
NA
0.417
0.342
NA
0.114
NA
NA
NA
NA
NA
NA
NA
NA
0.447
NA
NA
NA
NA
NA
NA
0.756
NA
NA
NA
NA
NA
0.56
NA
NA
0.112
0.315
NA
0.04
0.41
NA
NA
NA
NA
NA
0.332
0.319
NA
0.56
NA
0.468
0.607
0.295
0.427
0.11
0.686
NA
NA
NA
NA
NA
0.28
NA
NA
NA
NA
0
NA
0.3
NA
NA
NA
0.44
0.478
NA
NA
NA
0.35
NA
NA
NA
NA
NA
NA
NA
NA
NA
0.166
NA
0.17
0.712
NA
0.278
NA
NA
NA
NA
NA
NA
NA
NA
0.289
NA
NA
NA
NA
NA
NA
NA
NA
NA
NA
0.574
0.686
0.251
NA
NA
NA
NA
NA
NA
NA
NA
0.403
0.431
NA
NA
0.711
NA
0.404
NA
NA
0.235
NA
0.753
0.148
NA
NA
NA
NA
NA
NA
NA
NA
NA
0.66
1
NA
0.591
NA
NA
NA
NA
NA
0.285
NA
0.753
0.365
NA
NA
0.37
0.558
0.284
0.217
NA
NA
NA
0.477
NA
NA
NA
NA
NA
NA
0.25
NA
0.387
NA
NA
NA
NA
NA
NA
NA
NA
0.314
NA
NA
NA
0.418
1
NA
NA
NA
NA
NA
NA
NA
NA
0.279
NA
0
NA
NA
NA
NA
NA
NA
NA
0.25
0
NA
NA
0.214
0.189
0.64
0.125
NA
0.785
NA
NA
NA
NA
NA
NA
NA
NA
NA
0.492
0.365
NA
NA
0.323
0.276
NA
NA
NA
0.119
0.396
NA
NA
NA
NA
NA
NA
NA
0.424
0.388
0.468
NA
NA
NA
NA
0.85
0
NA
0.383
NA
0.102
1
0.373
NA
0.544
NA
0.341
0
NA
NA
NA
NA
NA
NA
NA
NA
0.547
NA
0
NA
NA
NA
NA
NA
NA
NA
NA
NA
NA
NA
NA
NA
NA
0.417
1
0.173
0.387
NA
0.54
1
NA
0.271
0.397
NA
0.681
NA
0.083
NA
NA
NA
NA
NA
NA
0.455
NA
NA
0.354
NA
0
NA
0
0
NA
0
0.248
NA
0.731
NA
NA
NA
0
0.756
0
NA
NA
NA
NA
NA
NA
NA
NA
NA
NA
NA
NA
NA
NA
NA
NA
0.497
NA
0.28
0.396
0
1
NA
0.288
0.631
NA
NA
1
0
NA
0
0.441
0
0.053
0.202
0.213
0
NA
NA
NA
NA
NA
NA
NA
NA
NA
NA
NA
NA
NA
NA
NA
NA
NA
NA
NA
NA
NA
NA
NA
NA
NA
0.305
NA
0.11
NA
NA
0.617
NA
0.535
NA
0
NA
NA
0.893
NA
NA
0
0
NA
0
NA
NA
0
NA
0.358
NA
0.41
NA
0
NA
0.148
NA
NA
0.601
0.321
NA
0.756
0.102
NA
0.678
NA
NA
0
NA
0
0.109
NA
0.174
NA
0.172
0.084
0.117
NA
NA
0.721
0.65
0
NA
NA
0.179
NA
0.295
NA
0.56
NA
NA
NA
NA
NA
NA
NA
NA
NA
NA
0.538
NA
0.2
0.756
NA
0.235
NA
NA
0.102
0.747
0.16
NA
NA
0.115
0
NA
NA
NA
NA
0
NA
NA
NA
NA
NA
NA
NA
0.096
0.233
0.376
NA
NA
NA
NA
NA
NA
NA
0.186
0.736
NA
NA
NA
NA
NA
NA
0.489
NA
0.454
1
NA
NA
NA
NA
0.892
NA
1
0.138
NA
NA
0.289
NA
NA
NA
NA
NA
0
NA
NA
0.578
0.595
0.195
NA
0.709
0.099
0.387
NA
NA
NA
NA
NA
NA
NA
0.308
NA
0.361
0.314
NA
0.163
0.262
0.502
0.401
NA
0.07
0.209
NA
NA
0.293
NA
NA
NA
NA
NA
NA
NA
0.558
0.11
NA
NA
NA
0.447
NA
0.467
NA
NA
0.232
NA
0.332
NA
NA
NA
NA
0.26
0.285
0.694
NA
NA
NA
NA
NA
0.294
NA
NA
0.351
0.425
NA
0.148
NA
0.115
NA
0.315
NA
NA
0.731
NA
NA
NA
0.038
NA
NA
NA
NA
NA
NA
NA
NA
0.308
NA
NA
NA
NA
NA
NA
NA
NA
NA
NA
NA
0.076
0.863
NA
NA
NA
0.091
NA
0.446
NA
0.259
0
0.608
NA
0
NA
NA
NA
0.07
0.102
NA
0.364
0.129
NA
0.587
0.06
NA
NA
0.259
0.548
0.061
0
0.62
NA
NA
NA
NA
0.594
NA
0
NA
0.195
NA
0
0
NA
0.261
NA
0.436
NA
NA
NA
0.098
NA
NA
0.29
1
NA
NA
0
0
NA
NA
NA
0
NA
1
0.488
NA
0.627
NA
0.416
0.753
0.432
NA
NA
0.653
0.558
NA
0.419
0.431
0.813
NA
NA
0.319
0.882
NA
NA
NA
NA
0.484
NA
NA
NA
NA
NA
NA
NA
1
NA
1
0.402
NA
NA
NA
NA
NA
0.655
NA
NA
NA
NA
NA
NA
0.628
NA
NA
NA
NA
NA
NA
NA
NA
0.756
NA
NA
NA
NA
NA
NA
NA
NA
NA
NA
NA
NA
NA
NA
NA
NA
NA
NA
NA
NA
NA
NA
NA
NA
NA
NA
NA
NA
NA
NA
NA
NA
NA
0.58
NA
0.213
0.535
NA
0.85
0.85
0.85
0
NA
NA
0
0.354
0.156
0
1
NA
0.391
0.318
NA
NA
NA
NA
0.522
NA
NA
0.155
0
0
0.163
0.162
NA
0.558
1
NA
NA
NA
NA
NA
NA
NA
NA
NA
NA
NA
NA
NA
NA
NA
NA
NA
0.346
NA
NA
0.545
0.604
0.418
NA
NA
0.377
NA
NA
0.47
NA
NA
NA
NA
NA
0.389
NA
NA
NA
NA
NA
NA
0.594
0.341
NA
0
NA
0
0.385
NA
NA
NA
NA
NA
NA
NA
NA
NA
NA
NA
NA
NA
NA
NA
NA
0.524
NA
NA
NA
NA
0
NA
0.558
0.596
0.364
NA
NA
NA
NA
NA
0.477
NA
NA
0.329
0.721
0.355
NA
NA
NA
0.403
0
NA
0.397
NA
NA
NA
0.334
0.475
NA
NA
NA
0.644
0.254
0.773
NA
NA
NA
NA
NA
NA
NA
0.367
0.335
NA
NA
NA
NA
NA
0.632
0.392
NA
NA
NA
NA
0.362
0.545
NA
NA
NA
0.678
NA
1
NA
0.632
0.2
0.496
NA
NA
NA
NA
NA
0.499
NA
NA
0.312
0.448
NA
NA
NA
NA
NA
NA
NA
NA
NA
NA
NA
NA
NA
NA
NA
NA
0.377
0.371
0
NA
NA
NA
0.364
0.382
0.46
0.332
0.189
NA
0.667
NA
0.565
NA
0.85
0
NA
NA
NA
NA
0.345
0.609
0.035
0.44
NA
NA
NA
NA
NA
NA
NA
NA
NA
NA
0.626
NA
NA
0.116
NA
0.661
NA
NA
0.705
0.379
NA
1
NA
0.432
0.277
0.102
NA
NA
0.261
NA
NA
NA
NA
0.316
0.61
0.415
NA
NA
NA
NA
NA
NA
NA
NA
NA
NA
NA
NA
NA
NA
NA
NA
NA
0.725
NA
0.47
0.639
0.752
0
NA
NA
NA
NA
0.28
0.549
NA
NA
NA
0.334
NA
NA
NA
NA
NA
NA
NA
0.076
0
NA
0
NA
NA
NA
NA
0
NA
NA
0
NA
NA
NA
NA
NA
NA
NA
NA
NA
0.067
0.068
NA
0.564
NA
0.646
0.27
0.282
0.292
0.726
NA
0.115
0.468
NA
NA
NA
NA
NA
NA
0.467
0.283
NA
NA
NA
NA
0.85
NA
0.271
NA
NA
NA
NA
0.432
0.495
NA
0.52
NA
NA
NA
NA
0
0.246
0.614
NA
NA
NA
1
NA
0
0
NA
0.783
NA
0
NA
0.703
NA
NA
NA
0.247
0.257
NA
NA
0.763
0.466
NA
NA
NA
NA
NA
0.538
0.449
0.069
NA
0.103
0
0.059
NA
NA
NA
0.753
NA
NA
NA
NA
NA
0.508
NA
NA
NA
NA
NA
NA
NA
NA
NA
NA
NA
NA
NA
NA
NA
NA
NA
NA
NA
NA
NA
NA
NA
NA
NA
NA
NA
NA
NA
NA
NA
NA
NA
NA
NA
NA
NA
NA
NA
NA
0.375
0.09
NA
NA
NA
0.443
NA
0.517
NA
NA
0.608
0.327
NA
0.46
NA
NA
0.558
NA
1
NA
0.498
0.193
NA
0.44
0.114
0
0.102
0.346
NA
0.222
NA
NA
NA
NA
NA
NA
0.532
NA
NA
NA
0.354
0.375
0.443
NA
0.428
NA
NA
NA
NA
NA
NA
NA
1
NA
NA
0.373
NA
NA
NA
NA
0.387
0.151
NA
0.39
NA
0.307
0.271
0.032
0.063
0.36
0.734
0.195
NA
0.064
NA
NA
NA
NA
0.429
NA
NA
NA
0.35
NA
NA
0.493
1
0.72
0.125
0.403
0.279
NA
NA
NA
NA
NA
NA
NA
NA
0.387
NA
NA
1
NA
NA
0.387
NA
NA
0.523
NA
NA
NA
0.092
NA
NA
NA
NA
NA
NA
0.153
NA
NA
NA
0.106
NA
NA
NA
0.642
NA
NA
0.17
0.347
0.395
NA
0.305
NA
0.366
NA
0.184
0.381
NA
0.347
NA
NA
NA
NA
NA
NA
NA
NA
NA
NA
NA
NA
NA
NA
NA
NA
NA
NA
NA
NA
0.339
0.333
NA
0.416
0.42
NA
0.638
0.591
NA
0.099
NA
1
0.484
NA
NA
NA
NA
NA
NA
0.072
0.105
0.031
NA
0.428
0.753
NA
NA
NA
NA
0.116
0.262
0.285
0.769
0
0.591
1
NA
0.473
NA
0
0.249
0.24
NA
NA
NA
0.115
NA
NA
NA
NA
NA
NA
NA
NA
NA
NA
NA
NA
NA
NA
0.585
NA
0.602
NA
0.148
0.298
0.3
NA
0.667
NA
NA
NA
NA
NA
0.099
0
NA
NA
NA
NA
NA
NA
0.514
1
NA
NA
NA
NA
0.273
NA
0.684
NA
NA
NA
0.114
0.314
NA
NA
NA
0.21
NA
0.704
0.29
0.132
0.212
0.224
NA
0.516
0.094
0.529
0.636
NA
0.254
0.447
0.629
0.57
0.492
NA
0
0.521
0.666
0.071
NA
NA
NA
NA
NA
NA
1
1
NA
NA
0.127
NA
0
0.642
0.323
NA
0.387
NA
NA
0.079
0.237
0
0
NA
NA
NA
NA
0
0.303
0.563
NA
0.469
NA
0.623
NA
0.418
NA
NA
NA
NA
NA
NA
0.514
NA
NA
0.092
NA
NA
NA
NA
NA
NA
NA
NA
NA
NA
NA
NA
NA
NA
1
NA
NA
0.148
0.277
NA
NA
NA
NA
0.366
NA
NA
0.156
NA
0.302
0.441
NA
NA
0.105
NA
NA
NA
NA
NA
NA
NA
NA
NA
NA
NA
NA
0.372
NA
NA
NA
NA
NA
NA
NA
NA
0.11
0.181
NA
NA
0.184
NA
NA
NA
NA
NA
NA
NA
NA
NA
NA
NA
NA
0.367
0.316
0.191
0.558
0.161
0.436
0.276
NA
NA
NA
NA
NA
NA
NA
0.822
0.85
0.235
0.274
NA
NA
NA
NA
NA
NA
NA
NA
0
NA
NA
NA
NA
NA
NA
NA
0.804
0.473
0.173
0.459
NA
NA
NA
NA
NA
NA
NA
NA
NA
0.185
0.128
NA
0.09
0.671
0.347
0.053
0.26
0.328
0.519
NA
0
1
NA
0.211
0.387
NA
NA
NA
NA
NA
NA
NA
NA
NA
0.736
1
0.145
NA
NA
NA
NA
NA
NA
NA
NA
NA
0.709
NA
NA
0.37
NA
NA
NA
NA
NA
NA
NA
NA
NA
NA
NA
NA
NA
NA
NA
NA
NA
NA
NA
0.141
0.447
NA
NA
0.114
NA
NA
NA
NA
0.628
0.232
NA
NA
NA
NA
0.342
NA
0.622
NA
NA
NA
NA
NA
NA
NA
NA
0.147
0.272
NA
0.112
0.758
NA
0.379
0.346
NA
0.431
NA
0.225
0.549
0.293
NA
NA
NA
NA
NA
NA
0.691
NA
NA
NA
NA
NA
NA
NA
0.863
0.222
NA
0.128
NA
0.199
0.307
NA
NA
NA
NA
NA
NA
NA
NA
1
NA
NA
NA
NA
NA
NA
NA
NA
NA
NA
NA
NA
NA
0.148
NA
NA
0.58
0.396
0.645
0.339
NA
NA
NA
0.294
NA
NA
NA
NA
NA
NA
0.377
NA
NA
NA
NA
NA
NA
0.292
NA
NA
NA
NA
NA
NA
0.433
NA
NA
NA
NA
NA
NA
NA
NA
0.481
NA
NA
NA
NA
NA
NA
0.095
NA
NA
0
NA
NA
0
NA
0.092
0.476
0.336
NA
NA
0.441
0.753
NA
NA
NA
NA
NA
NA
0.431
NA
NA
NA
NA
NA
NA
NA
NA
0
NA
NA
NA
NA
0.357
0.067
NA
NA
0.277
NA
NA
NA
NA
NA
NA
NA
NA
NA
0.403
NA
NA
NA
NA
NA
NA
NA
NA
NA
NA
NA
0.617
NA
NA
NA
NA
NA
NA
NA
0.246
NA
NA
NA
NA
0.148
NA
NA
NA
NA
NA
NA
NA
NA
0.138
NA
NA
NA
NA
0.361
NA
NA
NA
NA
NA
NA
NA
0.468
NA
NA
NA
NA
NA
NA
NA
NA
NA
NA
NA
NA
NA
1
NA
NA
NA
0.548
NA
0.169
0.295
0.528
NA
NA
NA
NA
0.412
0.333
0.25
NA
NA
NA
NA
NA
NA
NA
NA
NA
NA
NA
NA
NA
NA
0.602
NA
NA
NA
NA
NA
NA
NA
NA
NA
NA
NA
NA
NA
NA
NA
NA
NA
0.547
NA
0.235
0.11
0.558
NA
0.207
NA
NA
NA
NA
NA
NA
NA
NA
NA
0.432
NA
0.211
0.639
NA
NA
1
NA
0.46
0.684
NA
NA
NA
NA
NA
NA
NA
NA
NA
NA
NA
NA
NA
NA
NA
1
NA
0.441
0.468
NA
NA
NA
NA
0.203
NA
NA
NA
NA
NA
NA
NA
0.495
NA
NA
NA
NA
NA
NA
0.315
NA
NA
NA
NA
NA
NA
NA
NA
NA
0.552
0.666
NA
NA
NA
NA
NA
NA
NA
NA
NA
NA
NA
0.431
0.246
0.147
0.318
NA
NA
NA
NA
NA
0.114
NA
0
NA
0.525
NA
NA
0.346
NA
0.246
NA
NA
NA
NA
NA
0.489
NA
NA
NA
0.426
0.264
NA
NA
NA
NA
NA
NA
NA
NA
NA
0
NA
0.272
0.321
NA
NA
NA
NA
NA
NA
NA
NA
0.469
0.431
NA
NA
NA
NA
NA
NA
0.584
0.309
0.193
0.134
0.358
NA
NA
NA
0
NA
0.436
NA
NA
0
0.379
NA
NA
NA
NA
NA
NA
NA
NA
NA
0
0
NA
NA
NA
NA
NA
NA
0.393
0.473
NA
0.128
0.302
0.213
0.414
NA
NA
NA
NA
0.371
NA
NA
0.173
0.706
NA
NA
0.432
NA
NA
NA
NA
0.083
0.378
1
NA
NA
NA
NA
NA
NA
NA
NA
0.314
0.547
NA
0.329
0.393
0.501
NA
0.797
NA
NA
NA
NA
NA
NA
NA
0.339
0.239
0.299
NA
NA
0.886
NA
NA
NA
NA
0.105
0.522
0.189
0.402
0.376
0
NA
NA
NA
NA
NA
NA
0.276
0.271
0.775
0.173
0.249
NA
NA
NA
0.042
0.478
0.48
NA
NA
NA
NA
NA
NA
NA
NA
NA
NA
0
NA
NA
0.27
NA
NA
0.451
NA
NA
NA
NA
NA
NA
NA
NA
0.316
NA
0
NA
NA
NA
1
0.373
NA
NA
NA
NA
NA
NA
NA
NA
NA
0.596
0.442
NA
NA
NA
NA
NA
0.426
0
NA
NA
NA
NA
NA
NA
NA
1
0.084
NA
0.334
NA
NA
NA
NA
0.609
NA
0.157
NA
NA
NA
NA
NA
NA
0.371
NA
NA
0.462
0.527
NA
NA
NA
0.621
NA
NA
0.736
NA
1
NA
NA
NA
NA
NA
NA
NA
NA
NA
NA
NA
0.501
NA
NA
NA
NA
NA
NA
NA
NA
NA
NA
NA
NA
NA
NA
NA
NA
NA
1
0.442
NA
0.498
NA
NA
NA
NA
0.566
NA
NA
NA
NA
NA
NA
NA
NA
NA
NA
0.762
0.596
NA
0.578
0
NA
NA
NA
0.045
0.323
0.636
1
0.172
0.389
NA
NA
NA
NA
NA
0.66
NA
NA
NA
NA
NA
NA
NA
NA
0.64
0.206
0.597
NA
NA
NA
1
NA
NA
NA
0.661
0.612
0.31
NA
0.208
0.416
NA
NA
0.447
NA
NA
NA
NA
NA
NA
0.069
NA
NA
NA
NA
NA
NA
NA
NA
NA
NA
0.769
NA
NA
NA
NA
NA
0.224
0.785
NA
NA
NA
NA
NA
NA
NA
NA
NA
0.546
NA
NA
0.415
NA
NA
0
1
NA
NA
0.435
0
0.489
NA
NA
NA
NA
NA
NA
NA
NA
NA
NA
NA
NA
NA
NA
0.625
NA
NA
NA
NA
NA
0.678
NA
NA
NA
NA
NA
NA
NA
NA
0.432
NA
NA
0.387
NA
NA
NA
NA
NA
NA
NA
0.062
0.235
0.223
NA
NA
NA
0
NA
NA
0.403
NA
0.224
NA
NA
NA
NA
NA
NA
NA
NA
NA
0
NA
NA
NA
NA
0.444
NA
NA
NA
NA
NA
NA
NA
NA
NA
NA
0.57
0.779
NA
NA
NA
NA
NA
0.445
NA
NA
0.491
NA
NA
0
NA
NA
NA
NA
NA
NA
NA
NA
NA
NA
NA
NA
NA
NA
NA
NA
NA
NA
NA
NA
NA
NA
NA
NA
0.84
NA
NA
NA
NA
NA
NA
NA
NA
NA
NA
NA
NA
NA
NA
NA
NA
NA
NA
NA
NA
NA
0.628
0.491
NA
NA
NA
NA
0.474
NA
NA
NA
NA
NA
NA
NA
NA
NA
0.756
NA
NA
NA
NA
NA
NA
NA
NA
NA
NA
NA
NA
NA
NA
NA
NA
0.351
0.441
NA
0.364
NA
NA
NA
NA
NA
NA
NA
NA
0
NA
0
NA
NA
0.387
NA
NA
0.391
NA
NA
NA
NA
NA
NA
NA
0.182
NA
NA
NA
NA
0.604
0.754
NA
NA
NA
NA
NA
NA
NA
0.508
NA
NA
NA
NA
NA
NA
NA
NA
NA
NA
NA
NA
NA
NA
NA
0.262
NA
NA
NA
NA
NA
NA
NA
NA
NA
0.37
NA
NA
NA
NA
NA
0.525
NA
0.346
0.346
NA
NA
NA
NA
NA
NA
NA
NA
0.503
0.28
NA
NA
NA
0.405
NA
NA
NA
NA
NA
NA
NA
NA
NA
NA
NA
NA
NA
NA
NA
NA
NA
NA
0.253
NA
NA
NA
0.434
NA
NA
NA
NA
NA
NA
NA
NA
NA
0.393
NA
NA
NA
NA
NA
NA
NA
NA
NA
NA
NA
NA
NA
NA
NA
NA
NA
NA
NA
NA
NA
0.261
NA
0.528
0.162
NA
NA
NA
NA
NA
NA
NA
NA
NA
NA
NA
NA
0.224
NA
NA
NA
NA
NA
NA
NA
NA
0.42
0.462
NA
NA
NA
NA
NA
NA
NA
NA
0
0.148
NA
NA
NA
NA
NA
NA
NA
NA
NA
NA
NA
NA
NA
NA
NA
NA
NA
NA
NA
NA
NA
NA
NA
NA
NA
NA
NA
NA
NA
NA
NA
1
1
NA
NA
NA
NA
NA
NA
NA
0.247
NA
0.673
NA
NA
NA
NA
NA
NA
NA
NA
NA
NA
NA
NA
NA
NA
NA
NA
0.577
NA
NA
NA
NA
0.204
0.301
NA
NA
0.11
NA
NA
NA
NA
NA
NA
NA
NA
NA
0.374
NA
NA
NA
NA
NA
NA
NA
0.114
NA
NA
NA
NA
NA
NA
NA
NA
NA
NA
NA
0.606
0.235
NA
0.235
NA
NA
NA
0.054
0.288
NA
NA
NA
NA
NA
NA
NA
NA
NA
NA
NA
NA
NA
NA
NA
NA
NA
NA
NA
NA
NA
NA
0.361
NA
0.132
0.62
0.362
0.405
0.208
NA
NA
NA
NA
NA
NA
NA
0.382
0
0.466
NA
NA
0.393
NA
0.213
NA
NA
NA
NA
NA
NA
NA
NA
NA
NA
0.49
0.516
NA
NA
NA
0.076
NA
NA
NA
NA
NA
NA
NA
NA
NA
NA
NA
NA
NA
NA
NA
NA
NA
NA
NA
NA
NA
0
NA
0.725
NA
NA
NA
NA
NA
NA
NA
NA
NA
NA
NA
NA
NA
NA
0.274
0.398
NA
NA
NA
NA
0.424
NA
NA
NA
NA
NA
0.229
0.496
0.489
0.793
NA
NA
NA
NA
NA
NA
NA
NA
NA
NA
NA
NA
NA
0.449
0.099
NA
NA
NA
NA
NA
NA
0.385
NA
NA
NA
NA
NA
NA
NA
NA
NA
0.59
0.258
NA
NA
NA
NA
NA
1
0.487
NA
NA
NA
0.274
0.341
NA
NA
NA
0.031
NA
NA
NA
NA
0.144
NA
NA
NA
NA
NA
NA
NA
NA
NA
NA
0.383
NA
NA
NA
NA
NA
NA
NA
NA
NA
0.558
NA
NA
NA
NA
NA
0.546
NA
NA
NA
NA
NA
NA
NA
NA
NA
0.756
0.768
0.72
0.333
NA
NA
NA
NA
NA
NA
NA
NA
NA
NA
NA
0.314
NA
NA
NA
NA
NA
NA
NA
NA
NA
NA
0.426
0.435
NA
NA
NA
NA
NA
NA
0.399
0.257
NA
NA
NA
NA
NA
NA
0.111
NA
0.646
NA
NA
0.464
NA
0
NA
NA
NA
0.503
0.381
NA
NA
NA
0.125
0.546
NA
NA
NA
NA
NA
NA
NA
NA
NA
NA
0.624
NA
NA
NA
NA
NA
NA
NA
0.436
0.311
0.272
0.549
NA
NA
0.345
NA
NA
0.389
NA
NA
NA
0.272
NA
NA
NA
NA
NA
NA
NA
NA
NA
NA
NA
NA
NA
NA
0.753
0.321
NA
0.366
0.508
NA
NA
NA
0.157
NA
0.136
NA
0.455
NA
0.751
NA
NA
NA
NA
0.528
0.261
NA
NA
0.354
NA
0.732
0.639
NA
0.464
NA
NA
NA
NA
NA
0
0.569
NA
NA
NA
0.639
NA
0.714
0.314
NA
NA
NA
NA
NA
NA
NA
NA
0.11
NA
NA
0.648
NA
NA
NA
NA
NA
NA
NA
NA
NA
0.314
NA
NA
0.46
NA
0
0
NA
NA
NA
NA
1
1
1
NA
0.437
0.171
0.044
NA
NA
0.394
NA
NA
NA
NA
NA
NA
NA
NA
NA
NA
NA
NA
NA
NA
1
NA
NA
0.547
0.344
0.126
0.292
NA
NA
NA
NA
NA
0.322
NA
NA
NA
NA
NA
0.26
NA
NA
NA
NA
NA
NA
0.103
0.25
NA
0.215
NA
NA
NA
NA
0
NA
0.205
NA
NA
NA
0.338
NA
NA
0.639
NA
NA
NA
NA
NA
0.606
NA
NA
NA
NA
NA
NA
NA
NA
NA
NA
0.323
0.49
NA
NA
NA
0.265
NA
NA
NA
NA
NA
NA
NA
NA
NA
NA
NA
NA
NA
NA
NA
NA
NA
1
NA
NA
NA
NA
NA
NA
0.454
NA
NA
NA
NA
0.291
NA
0.373
0.548
NA
NA
NA
NA
NA
NA
NA
NA
NA
NA
NA
0.584
NA
NA
0.478
NA
NA
NA
NA
0.302
NA
NA
NA
NA
NA
NA
0.514
NA
NA
NA
NA
NA
0
NA
0.111
0.488
NA
NA
NA
NA
NA
NA
NA
NA
NA
NA
NA
NA
NA
NA
NA
NA
NA
NA
NA
NA
NA
NA
NA
NA
NA
NA
NA
0
NA
NA
NA
NA
0.141
NA
NA
NA
NA
NA
NA
NA
NA
1
NA
NA
0.627
NA
NA
0.464
0.497
NA
NA
NA
NA
NA
NA
0.37
NA
NA
NA
0.491
0.286
NA
0.141
NA
NA
NA
NA
0.753
0.576
0.575
NA
NA
NA
NA
0.235
0
0.343
0.402
NA
NA
0.427
0.055
0.415
NA
NA
NA
0.45
0.456
NA
0.459
NA
NA
NA
0.426
NA
NA
NA
NA
NA
NA
NA
NA
NA
NA
0.235
0.558
NA
NA
NA
0.578
0.517
NA
NA
NA
NA
0
NA
NA
NA
NA
0.637
0.628
NA
NA
NA
NA
NA
NA
0.138
NA
0.561
NA
NA
0.361
NA
NA
NA
0.198
NA
NA
NA
NA
0.575
NA
NA
NA
NA
NA
NA
NA
NA
0.101
NA
0.356
0.151
NA
0.325
NA
0.741
NA
NA
NA
NA
NA
NA
NA
NA
0.179
NA
NA
NA
NA
NA
NA
0.85
0.452
NA
NA
NA
0.33
NA
NA
NA
NA
NA
NA
0.409
0.232
0.726
NA
NA
NA
0
0.85
NA
NA
NA
NA
0.503
0.681
0.528
NA
0.795
0.742
0.736
NA
NA
NA
NA
NA
NA
NA
NA
NA
NA
NA
NA
NA
NA
NA
NA
0.358
NA
NA
NA
NA
NA
0.618
NA
NA
NA
0.307
NA
NA
0.067
NA
NA
0.354
0.32
NA
NA
NA
0
NA
NA
NA
NA
NA
NA
0.102
0.307
NA
NA
NA
NA
NA
NA
NA
NA
NA
0.396
0.439
NA
NA
NA
0.428
NA
NA
NA
NA
NA
NA
0.246
NA
0
0.422
0.449
0.101
NA
NA
NA
NA
0.633
NA
NA
NA
NA
0
NA
NA
0.482
NA
NA
NA
NA
NA
NA
NA
NA
0.601
0.138
NA
NA
NA
NA
NA
0.11
NA
0.639
NA
0.404
0.084
1
NA
NA
0.522
NA
NA
NA
0.434
0.203
NA
0.117
NA
NA
NA
NA
NA
NA
NA
NA
0.338
NA
NA
0.256
NA
0.217
NA
NA
NA
NA
0.631
0.336
NA
0.377
0.425
NA
0.617
NA
NA
NA
NA
0.753
NA
NA
NA
NA
0.302
NA
NA
0.491
NA
NA
NA
0.496
0.235
NA
NA
1
0.558
NA
0.55
NA
0.392
0.625
NA
0.512
NA
0.379
0.85
0.505
0.369
NA
NA
NA
NA
NA
0.513
0.312
NA
NA
0.048
NA
NA
NA
NA
0.199
NA
0.671
NA
NA
NA
NA
NA
NA
NA
NA
0.148
NA
1
0.148
NA
NA
NA
NA
NA
NA
NA
NA
NA
0.269
NA
NA
0.228
NA
NA
NA
NA
NA
0.6
0.374
NA
NA
NA
NA
0.329
0.192
NA
NA
0
0
NA
NA
NA
0.353
0.087
0.102
0.286
NA
0.5
NA
NA
NA
NA
NA
NA
NA
NA
NA
NA
NA
NA
NA
0.442
NA
NA
NA
NA
NA
0.275
NA
NA
NA
0.519
NA
NA
NA
NA
NA
NA
0.266
1
0.314
NA
NA
0.199
NA
NA
NA
0
0.719
NA
NA
NA
NA
NA
NA
NA
NA
NA
0.633
NA
0.402
0.727
NA
NA
0.495
NA
0.269
NA
NA
NA
NA
NA
0.667
NA
0.588
NA
0
NA
NA
0.337
NA
0
NA
NA
NA
NA
0.557
NA
0.558
1
1
NA
0.148
NA
NA
NA
NA
NA
0.181
0.23
NA
NA
NA
NA
0.571
NA
0.611
NA
NA
NA
0
NA
NA
NA
NA
NA
NA
NA
NA
NA
NA
NA
NA
NA
0.519
NA
NA
NA
NA
NA
NA
NA
NA
NA
NA
NA
NA
0.341
NA
NA
NA
NA
NA
NA
NA
0.487
NA
NA
0.114
0.117
NA
0
NA
NA
NA
NA
0.341
NA
NA
0.438
NA
NA
NA
NA
NA
NA
NA
NA
NA
NA
NA
NA
NA
NA
NA
NA
NA
NA
NA
0.548
NA
0.27
NA
NA
1
NA
NA
NA
NA
NA
NA
NA
NA
NA
0.357
NA
NA
NA
NA
NA
NA
0.472
NA
NA
NA
NA
NA
NA
NA
NA
NA
NA
NA
0.625
0.453
NA
0.468
NA
0.344
NA
0.658
0.716
NA
0.3
NA
NA
NA
NA
NA
0.11
0.398
NA
NA
NA
NA
0.607
0.671
0.355
NA
NA
0.85
0.173
NA
0.14
NA
NA
0.511
0.769
0.119
1
NA
1
0.239
NA
0.639
NA
NA
0.345
0.563
0.528
0.103
0.403
NA
NA
0.614
0.34
NA
NA
NA
NA
NA
0.291
NA
NA
NA
NA
NA
NA
NA
NA
NA
0.853
0.28
NA
0.315
NA
NA
0.099
NA
0.549
0
0.34
NA
NA
NA
0.179
NA
0.664
NA
0.5
0.847
NA
0.589
NA
NA
NA
NA
NA
0
NA
NA
NA
NA
NA
NA
0.571
NA
NA
1
NA
NA
NA
NA
NA
NA
NA
0.558
0.246
0.356
1
0.85
0
NA
0
NA
NA
NA
NA
NA
NA
0.374
NA
0.366
0.407
0.367
NA
NA
NA
NA
NA
NA
NA
NA
NA
NA
NA
NA
NA
NA
NA
0.379
NA
NA
0.277
NA
NA
NA
NA
NA
NA
NA
NA
0.116
0.636
NA
NA
NA
NA
NA
NA
NA
NA
NA
NA
NA
0.402
0.277
0.337
0.528
NA
0.495
NA
NA
NA
NA
NA
NA
NA
NA
0.144
NA
NA
NA
NA
NA
0.424
1
1
0.384
0.523
0.668
NA
NA
NA
NA
NA
NA
NA
NA
NA
NA
NA
NA
NA
NA
NA
NA
NA
NA
NA
NA
NA
NA
NA
0.525
NA
NA
0.093
NA
NA
NA
NA
NA
NA
NA
NA
NA
NA
NA
NA
NA
0.444
NA
NA
0.393
NA
NA
NA
NA
NA
NA
NA
0.172
NA
0.387
NA
NA
NA
NA
NA
NA
NA
NA
NA
NA
NA
NA
NA
NA
0.387
NA
NA
NA
0.215
NA
NA
NA
NA
NA
NA
NA
NA
NA
NA
NA
NA
0.412
0.347
0.211
NA
NA
NA
0.204
NA
NA
NA
NA
NA
NA
NA
0.567
0.127
0.348
0.235
NA
NA
NA
NA
NA
NA
NA
NA
0.235
NA
NA
NA
NA
0.38
1
NA
NA
NA
NA
NA
0.85
NA
NA
NA
0.413
NA
NA
NA
NA
NA
NA
NA
NA
NA
NA
NA
NA
0.102
NA
NA
NA
NA
0.137
NA
0.885
0.35
NA
0.301
0.224
0.542
NA
NA
0.718
0.312
0.705
NA
NA
0.136
0.165
0.558
NA
NA
NA
0.314
0.387
NA
NA
NA
NA
NA
NA
NA
NA
NA
NA
NA
NA
NA
NA
NA
0.122
NA
NA
0.508
0.431
NA
0.457
0.344
NA
NA
NA
NA
NA
NA
NA
NA
NA
0.218
NA
NA
NA
NA
NA
NA
NA
NA
NA
NA
0.592
0.268
NA
NA
NA
NA
NA
NA
NA
NA
NA
NA
0.409
NA
NA
0.742
NA
NA
0.582
NA
NA
NA
0.739
NA
NA
NA
NA
NA
NA
NA
NA
NA
NA
NA
NA
NA
NA
NA
0
NA
NA
NA
0.105
NA
NA
NA
NA
NA
NA
NA
NA
NA
NA
NA
NA
NA
NA
NA
0.877
NA
NA
NA
NA
0.086
NA
NA
NA
NA
0.253
0.04
NA
0.043
0.307
NA
NA
NA
0.258
NA
NA
NA
0.088
NA
NA
0.351
0.437
0
0.88
0.363
NA
0.604
NA
0.494
NA
NA
NA
NA
NA
NA
NA
NA
NA
NA
NA
NA
0.099
0.49
NA
NA
NA
0.236
NA
NA
0.222
NA
NA
0.33
NA
NA
0.359
0.749
NA
NA
NA
NA
NA
NA
NA
NA
NA
0.07
0.297
0.491
0.072
0.328
NA
NA
NA
NA
NA
0.083
NA
NA
NA
NA
NA
NA
1
NA
NA
NA
NA
NA
1
0
0.411
0.11
NA
NA
NA
NA
NA
NA
NA
NA
0.8
0.15
NA
NA
0.456
NA
NA
0.031
NA
0.433
NA
0.756
0.085
0.045
NA
NA
NA
NA
NA
NA
NA
0.32
NA
0
NA
0.546
NA
NA
NA
NA
NA
NA
NA
NA
0.366
NA
0
NA
0.255
NA
NA
NA
0
0
NA
NA
NA
NA
NA
0.351
NA
NA
NA
NA
0.092
NA
NA
NA
NA
NA
NA
NA
NA
NA
NA
NA
0.48
0.445
NA
NA
0.285
NA
0.213
0.546
0.346
NA
NA
NA
NA
NA
NA
NA
NA
NA
0.467
NA
NA
NA
NA
0.151
NA
NA
NA
NA
NA
0.664
NA
0.349
0.241
NA
NA
0.081
0.086
NA
NA
NA
NA
0.559
NA
0.283
NA
NA
NA
0.484
NA
NA
NA
0.177
NA
NA
NA
NA
NA
NA
0.232
NA
0.558
0.416
NA
NA
NA
NA
0.235
NA
0.409
NA
0.671
NA
NA
NA
0.167
NA
NA
NA
NA
NA
0.865
NA
0.571
NA
NA
NA
NA
0.222
NA
0.565
0.179
NA
0.256
0.672
0.462
NA
NA
0.857
0.334
0.097
NA
NA
NA
NA
0.589
0.271
NA
0
NA
NA
NA
NA
NA
0.272
0.56
NA
NA
NA
0.477
0.534
NA
1
NA
NA
NA
NA
NA
0.361
0.728
0.533
0.192
NA
NA
NA
NA
NA
NA
NA
NA
0.387
1
NA
0.217
NA
1
0.294
NA
NA
0
NA
NA
NA
NA
0.587
0.234
0.85
0.483
NA
0.436
NA
0.818
NA
NA
0.261
NA
NA
NA
0.292
NA
NA
NA
0.499
0.666
0.648
0.689
1
1
0.753
NA
0.232
NA
NA
0.473
0.357
0.508
NA
NA
NA
0
NA
NA
NA
NA
NA
0.477
0.342
0.249
0.552
NA
NA
0
NA
NA
NA
0.246
0.462
1
NA
NA
0.558
1
0.484
NA
NA
NA
NA
NA
NA
NA
NA
NA
NA
NA
NA
0.259
NA
NA
NA
NA
0.589
NA
0.263
NA
0.571
NA
NA
NA
NA
NA
NA
NA
NA
NA
NA
NA
NA
NA
NA
NA
0.084
NA
0.389
0.541
0.426
NA
0.49
0.216
0.068
0.273
0.664
0
0.229
0.314
NA
NA
0.587
NA
NA
NA
0.434
NA
NA
NA
NA
NA
NA
NA
NA
0.194
NA
NA
0.334
NA
0.065
NA
NA
NA
NA
NA
NA
NA
NA
0.434
NA
NA
0.675
0.073
0.537
0.234
0.295
0.395
NA
0.417
0.133
0.357
NA
0.709
NA
NA
NA
0.438
0.235
1
1
0.148
NA
NA
NA
NA
NA
NA
NA
NA
NA
NA
0.062
NA
NA
NA
NA
0.179
NA
1
0.337
NA
NA
0.818
0.804
NA
NA
NA
NA
NA
NA
NA
NA
NA
NA
NA
0.508
0.195
0.594
0.421
0
0.113
0.302
NA
0.235
NA
NA
NA
NA
NA
NA
1
0.753
0
1
0.114
0.314
NA
NA
NA
NA
0.729
NA
NA
NA
0.23
NA
NA
0.468
NA
NA
0.103
0.07
NA
0.114
0.317
0.52
NA
NA
0
0.307
0.069
NA
0.328
0.197
0.45
0.285
1
NA
NA
NA
NA
NA
NA
0.659
0.527
NA
0.85
0.336
0.155
NA
0.4
1
0.032
0.85
0.514
0.52
NA
NA
NA
NA
NA
NA
NA
NA
NA
0.813
0.919
0.398
NA
0
0.402
0.24
0
0.324
NA
NA
NA
NA
NA
NA
0.291
0.785
NA
0.093
0.069
0.429
0.123
0.214
NA
NA
NA
0.172
NA
NA
NA
NA
NA
NA
NA
NA
NA
1
NA
NA
NA
NA
NA
0.21
0.114
NA
0.262
0
0
0.339
0.47
0.323
1
0.411
NA
0.356
0.174
1
NA
0.544
0.11
NA
0.349
0.513
NA
NA
NA
0.395
NA
NA
NA
0
NA
0.283
0.094
0.304
0.712
0.204
NA
0.595
NA
0.342
NA
NA
0.362
0.416
0
NA
0.515
0.412
NA
NA
NA
1
1
0.403
0.275
NA
0.151
NA
0.056
0.314
NA
0.85
NA
NA
NA
0.241
0.543
NA
NA
NA
0.034
0.125
NA
NA
NA
NA
1
0.083
NA
0
0.057
0.438
NA
NA
NA
NA
0.36
NA
NA
NA
NA
0.281
0.545
0.945
NA
NA
NA
NA
1
NA
NA
NA
NA
NA
NA
NA
NA
NA
NA
NA
NA
NA
0.385
0.387
NA
0.352
NA
0
NA
0.82
0.405
NA
NA
NA
NA
NA
NA
0.453
0.558
NA
NA
0
0.207
NA
NA
NA
NA
NA
NA
0.137
NA
NA
0.319
NA
0.518
1
NA
NA
0.172
NA
NA
0.753
0.646
1
0.293
NA
0.251
NA
0.197
NA
0.558
0.115
NA
NA
NA
NA
0.821
0.366
NA
0.366
0.4
0.503
NA
NA
0.558
NA
NA
NA
NA
NA
0.119
NA
0.249
0.671
NA
NA
NA
0.329
0.364
NA
0.691
NA
NA
NA
0.456
0.335
NA
NA
NA
0.351
NA
NA
NA
NA
0.436
0.617
NA
NA
NA
NA
0.26
NA
0.543
0.524
NA
NA
0.38
NA
0.07
0.387
NA
NA
NA
0
0.408
NA
NA
0.387
NA
NA
NA
NA
NA
NA
NA
NA
0.253
NA
0.486
NA
NA
NA
NA
0.654
NA
NA
NA
0.406
0.322
NA
0.361
NA
NA
NA
NA
NA
NA
NA
NA
NA
NA
NA
NA
NA
NA
NA
0.087
NA
NA
NA
0.671
NA
NA
NA
0.37
0.405
0.329
NA
0.351
NA
0.356
0.344
NA
0.387
0.405
0.399
NA
NA
NA
NA
NA
0.387
NA
0.472
NA
NA
NA
NA
NA
NA
NA
NA
NA
NA
NA
NA
NA
0.241
NA
NA
NA
NA
NA
NA
NA
NA
NA
NA
NA
NA
0.235
NA
NA
NA
0.32
NA
NA
0.228
1
0.756
NA
0.753
NA
NA
NA
NA
NA
NA
NA
NA
1
1
NA
NA
NA
NA
NA
NA
NA
NA
NA
NA
NA
NA
NA
NA
NA
NA
0.558
NA
0.052
0.543
NA
NA
NA
NA
NA
NA
NA
NA
NA
NA
0.558
NA
NA
NA
NA
0.558
NA
NA
NA
NA
NA
NA
NA
NA
NA
NA
NA
NA
NA
NA
NA
NA
NA
NA
NA
NA
NA
NA
0.621
NA
NA
NA
NA
0.534
0.296
0.245
NA
NA
0.708
NA
NA
NA
NA
0.04
NA
NA
0.191
0.414
NA
NA
0.372
NA
NA
0.6
NA
NA
0.175
NA
NA
NA
0
0
NA
NA
NA
NA
NA
NA
0.838
0
1
NA
NA
NA
0.462
NA
NA
NA
NA
0.608
0.608
NA
NA
NA
0.583
NA
NA
NA
NA
NA
NA
NA
NA
NA
NA
NA
NA
NA
NA
NA
NA
0.194
NA
0.403
NA
NA
NA
NA
NA
NA
NA
NA
NA
NA
NA
NA
NA
NA
NA
NA
NA
NA
NA
NA
NA
NA
NA
0.192
0.44
NA
0.235
0.558
0.558
NA
NA
NA
NA
NA
NA
NA
NA
NA
NA
NA
0.286
NA
NA
0.325
NA
0.365
NA
NA
NA
NA
NA
NA
NA
NA
NA
NA
NA
NA
NA
NA
0.508
NA
NA
NA
NA
NA
NA
NA
NA
NA
NA
NA
NA
NA
NA
0.085
NA
NA
NA
NA
NA
0
NA
NA
NA
NA
NA
NA
NA
NA
NA
NA
NA
NA
NA
NA
NA
NA
NA
NA
NA
NA
0.693
NA
NA
NA
NA
NA
NA
NA
NA
NA
NA
NA
NA
NA
NA
NA
NA
NA
NA
NA
NA
NA
NA
0.303
NA
NA
NA
NA
NA
NA
NA
NA
NA
NA
0.632
0.62
0.209
NA
0.079
NA
NA
NA
NA
NA
NA
0.104
NA
NA
NA
NA
NA
NA
NA
NA
NA
NA
NA
NA
NA
NA
NA
NA
NA
0.217
0.169
NA
0.785
NA
NA
0.373
NA
NA
0.263
0.351
NA
NA
NA
NA
NA
NA
NA
NA
NA
NA
NA
NA
NA
NA
0.428
NA
0.095
NA
NA
NA
NA
NA
NA
NA
NA
NA
NA
NA
NA
NA
0.245
0.271
NA
NA
NA
NA
NA
NA
NA
NA
NA
NA
NA
0.547
0.114
NA
NA
NA
NA
NA
NA
NA
0.512
NA
NA
NA
0.562
NA
NA
NA
NA
NA
NA
NA
NA
NA
NA
NA
NA
NA
NA
NA
NA
NA
NA
NA
NA
NA
NA
NA
NA
NA
0.114
NA
NA
0.317
0.19
NA
0.693
NA
NA
NA
NA
NA
NA
NA
NA
NA
NA
NA
NA
NA
0.087
NA
NA
NA
NA
NA
0.258
NA
NA
NA
NA
NA
NA
NA
NA
NA
NA
NA
NA
NA
NA
NA
NA
NA
NA
NA
NA
NA
NA
NA
NA
NA
NA
NA
NA
NA
NA
NA
NA
NA
NA
NA
NA
NA
NA
NA
NA
NA
NA
NA
NA
NA
NA
NA
NA
NA
NA
NA
NA
0.863
NA
NA
NA
NA
NA
NA
NA
NA
NA
NA
NA
NA
NA
NA
NA
0.482
0.365
0
0.366
NA
0.572
NA
NA
NA
0
NA
NA
NA
0
NA
NA
NA
NA
NA
0.337
0.793
NA
NA
NA
NA
NA
NA
0.448
NA
NA
NA
NA
NA
NA
NA
NA
NA
NA
NA
NA
0.437
NA
NA
NA
NA
NA
NA
NA
NA
NA
NA
NA
NA
NA
NA
NA
NA
NA
NA
NA
NA
NA
NA
NA
NA
NA
NA
NA
NA
NA
NA
NA
NA
NA
NA
NA
NA
NA
NA
NA
NA
NA
NA
NA
NA
NA
NA
NA
NA
NA
1
0.482
0.464
NA
NA
NA
NA
NA
NA
NA
NA
NA
NA
NA
NA
NA
NA
NA
1
NA
NA
NA
NA
NA
NA
NA
NA
NA
NA
NA
NA
NA
NA
NA
NA
0.407
0.59
0.228
0.279
NA
NA
NA
NA
NA
NA
NA
NA
NA
NA
NA
NA
NA
NA
NA
NA
NA
NA
NA
NA
NA
NA
NA
NA
NA
NA
NA
NA
NA
NA
NA
NA
NA
NA
NA
NA
NA
NA
NA
NA
NA
NA
NA
NA
NA
NA
NA
NA
NA
NA
NA
NA
NA
NA
NA
NA
NA
NA
NA
NA
NA
NA
NA
0.694
0.578
NA
NA
NA
0
0
NA
NA
NA
NA
0.177
NA
0.799
NA
NA
NA
0.47
NA
NA
NA
NA
NA
NA
NA
NA
NA
NA
NA
NA
NA
NA
NA
NA
1
NA
NA
NA
NA
NA
NA
NA
NA
NA
NA
NA
0.54
NA
NA
NA
0
NA
NA
NA
NA
NA
NA
NA
0.065
NA
NA
NA
NA
0.641
NA
NA
NA
NA
NA
NA
NA
NA
0.558
NA
NA
NA
NA
NA
NA
NA
NA
NA
NA
NA
NA
NA
NA
NA
NA
NA
NA
NA
NA
NA
NA
NA
NA
NA
0.261
0.718
0.552
0.812
0.535
NA
NA
NA
NA
NA
0.387
0.398
NA
NA
NA
NA
NA
0.172
NA
NA
NA
NA
NA
NA
NA
NA
NA
0.177
0.678
0
0
NA
NA
NA
NA
NA
NA
NA
NA
NA
NA
NA
NA
NA
NA
NA
0.071
NA
NA
NA
NA
NA
NA
0.573
NA
NA
NA
NA
NA
NA
NA
NA
NA
0.051
0.584
NA
0.387
0.13
0
NA
NA
NA
NA
0.225
NA
NA
NA
NA
NA
NA
NA
NA
NA
NA
NA
NA
NA
0.497
0.328
0.387
NA
NA
NA
NA
NA
NA
NA
NA
NA
NA
NA
NA
NA
NA
0.549
0.349
NA
NA
1
NA
NA
NA
NA
NA
NA
NA
NA
0.19
0.448
NA
NA
0.386
0.307
0.543
NA
0.378
0.096
NA
NA
NA
0.575
NA
NA
NA
NA
NA
NA
NA
NA
NA
NA
0.172
NA
NA
NA
NA
NA
NA
0.464
NA
NA
NA
NA
NA
NA
NA
0.385
0.558
NA
NA
0.756
0.425
0.362
NA
NA
NA
NA
NA
0.36
0.454
NA
0.394
0.41
NA
0.313
NA
NA
0.363
NA
1
NA
0.267
NA
0.143
0.558
0.336
NA
NA
NA
NA
NA
NA
NA
NA
NA
NA
NA
0.254
NA
NA
NA
NA
NA
NA
0.641
0.532
0.366
1
NA
NA
NA
NA
NA
NA
NA
NA
NA
NA
NA
NA
NA
NA
NA
NA
NA
NA
NA
0.497
NA
NA
NA
NA
NA
NA
NA
NA
NA
NA
NA
NA
NA
NA
NA
NA
0
NA
NA
NA
NA
NA
0.634
NA
0.456
NA
NA
NA
NA
NA
NA
0.371
NA
NA
NA
NA
NA
0.163
NA
0.226
0.205
NA
NA
NA
0.548
0.504
0
0.343
NA
0.688
NA
NA
NA
NA
NA
NA
NA
NA
NA
NA
0.508
0.374
0.326
NA
NA
NA
NA
NA
NA
NA
NA
NA
NA
NA
0.387
0.57
0.736
NA
NA
0.457
NA
NA
NA
NA
NA
NA
NA
NA
NA
NA
NA
NA
0.479
0.457
NA
NA
NA
NA
0.534
NA
NA
NA
0.296
NA
NA
NA
0.128
NA
NA
NA
0
NA
NA
NA
0.902
NA
NA
0
0.791
0.202
NA
0.623
1
0.056
NA
0.074
NA
NA
NA
NA
0.678
1
0.144
NA
NA
0.499
NA
NA
NA
NA
NA
NA
NA
NA
0.387
NA
NA
NA
NA
NA
0.275
NA
0.519
0.374
0.108
0.479
0.679
NA
NA
NA
NA
0.321
NA
0.245
1
NA
NA
0.212
NA
NA
NA
0.612
NA
NA
NA
NA
0.385
NA
NA
NA
NA
NA
NA
NA
NA
0.568
NA
NA
NA
NA
NA
NA
NA
NA
NA
NA
0.102
0.11
NA
NA
NA
1
0
0.371
NA
0.387
NA
NA
0.379
NA
0.257
0.77
0.537
0.072
NA
NA
NA
NA
NA
NA
NA
NA
0.33
NA
NA
NA
NA
NA
NA
NA
NA
0.116
NA
NA
NA
NA
NA
0.425
0.577
0.529
NA
0.22
NA
NA
NA
NA
NA
0.277
0.28
NA
NA
NA
NA
NA
NA
NA
NA
NA
NA
NA
0.64
0.7
0.252
0.252
NA
NA
0.514
0.489
NA
0.255
NA
NA
NA
0.146
0.785
0
NA
NA
NA
1
0.316
NA
NA
NA
0
NA
0.162
0.452
NA
NA
NA
NA
NA
NA
NA
0.216
0.713
0.289
NA
NA
0.339
0.49
NA
NA
NA
0.431
NA
0.647
0.311
NA
NA
0.28
0.078
0.62
NA
0.385
NA
NA
NA
NA
0.341
NA
0.751
NA
0.508
NA
NA
NA
0.231
NA
0.563
NA
0.277
NA
NA
NA
NA
NA
NA
NA
NA
0.244
0.46
0.371
0.235
0.026
NA
NA
NA
NA
1
NA
NA
NA
NA
NA
NA
NA
NA
NA
NA
NA
NA
NA
NA
NA
NA
NA
NA
NA
NA
0.673
0.85
NA
0
0.844
NA
NA
0.558
0.385
NA
0.127
0.307
NA
NA
NA
NA
NA
NA
NA
0.333
0.713
NA
0.564
NA
NA
0.114
NA
NA
0.577
1
0.558
NA
NA
0.379
0.573
0.403
NA
NA
NA
0.512
NA
0.598
NA
0.717
NA
NA
NA
NA
NA
NA
0.636
NA
0.061
NA
0.338
NA
NA
NA
NA
NA
NA
NA
NA
NA
0.316
NA
1
0.569
NA
0.433
NA
0.803
0
NA
NA
NA
0.27
0.526
NA
NA
NA
0.394
NA
0.759
0.275
NA
NA
NA
NA
0.11
0.172
0.059
NA
0
NA
NA
NA
NA
NA
NA
NA
NA
0.513
0.326
0.154
0.385
NA
NA
0.561
0.352
NA
0.239
NA
NA
NA
0
NA
NA
NA
NA
NA
0.103
NA
NA
NA
NA
NA
0.531
NA
0.589
NA
0.494
NA
1
NA
NA
NA
NA
NA
NA
0.721
0
NA
NA
0.172
0.172
0.211
0.075
NA
0.06
NA
NA
0
NA
0.402
NA
0.375
NA
NA
NA
NA
NA
NA
0.075
NA
0.129
0.339
0.314
NA
NA
0.637
0.537
NA
NA
1
0.445
NA
0.403
0.573
NA
0.626
0.693
0.5
0.103
NA
0.403
NA
NA
NA
0.28
0.083
NA
NA
NA
NA
0.951
NA
NA
NA
NA
NA
NA
NA
NA
NA
NA
NA
NA
NA
NA
0.304
NA
NA
NA
0.052
0.451
NA
NA
NA
NA
0.481
NA
NA
NA
1
NA
0.569
0.606
0.713
NA
NA
NA
NA
NA
NA
NA
0.569
0
NA
NA
NA
0.508
NA
0.721
NA
NA
NA
NA
NA
NA
NA
NA
1
0.586
0.345
NA
NA
NA
NA
NA
0.772
NA
NA
0.363
NA
NA
0.334
0.319
NA
NA
NA
0.415
NA
NA
NA
NA
0.125
0.383
NA
1
NA
NA
NA
NA
NA
0.294
NA
NA
NA
NA
NA
NA
NA
NA
NA
NA
NA
0.591
NA
0.509
NA
NA
0.558
0
NA
NA
NA
NA
NA
NA
NA
NA
NA
NA
NA
NA
NA
0.234
0.558
NA
NA
NA
0
NA
NA
NA
NA
NA
NA
0.136
NA
0
NA
NA
NA
0.558
NA
NA
NA
NA
NA
NA
NA
NA
NA
NA
NA
NA
0.662
0.102
NA
NA
NA
0.447
NA
NA
NA
NA
NA
NA
NA
NA
NA
NA
NA
NA
0.253
NA
NA
NA
NA
NA
NA
NA
NA
NA
0.565
NA
NA
NA
NA
NA
NA
0.077
NA
0.546
0.431
NA
0.58
NA
0
NA
NA
NA
0.815
0
NA
0.226
0.215
0.474
NA
NA
0.446
NA
NA
NA
0.385
NA
NA
NA
NA
0.268
0.317
NA
NA
NA
NA
NA
NA
NA
NA
NA
0.123
NA
0.485
NA
NA
0.416
NA
0.288
NA
NA
NA
NA
NA
0.203
NA
0.507
0.857
NA
NA
NA
NA
NA
NA
NA
NA
0.465
0.16
0.083
NA
0.487
NA
NA
NA
NA
0.357
NA
NA
NA
0.349
0.114
NA
NA
NA
NA
NA
NA
NA
NA
NA
NA
0.46
0.528
0.103
NA
NA
NA
NA
NA
NA
NA
0.306
NA
0.385
0.352
0.57
0.315
NA
NA
0.363
0.327
0.59
NA
NA
NA
NA
NA
NA
0.442
NA
NA
NA
NA
NA
NA
NA
0
NA
NA
0
0
NA
NA
NA
NA
NA
NA
NA
NA
0.059
0
NA
0.307
NA
0.385
NA
NA
NA
0
NA
NA
NA
NA
0.355
NA
NA
NA
NA
NA
NA
0.103
NA
NA
NA
NA
NA
NA
NA
0.157
0.08
0.069
NA
0.232
NA
0
0.333
0.427
NA
NA
NA
NA
NA
NA
NA
NA
0.404
0.46
0.638
NA
0.416
NA
NA
NA
NA
NA
NA
NA
NA
NA
NA
0.65
NA
NA
NA
NA
0.138
NA
NA
NA
NA
NA
NA
NA
NA
NA
NA
NA
0.667
NA
NA
NA
NA
NA
NA
0.686
0.366
NA
NA
NA
NA
NA
NA
NA
NA
NA
0
0.097
0.361
NA
NA
NA
NA
NA
NA
NA
NA
NA
0.314
NA
NA
NA
NA
NA
NA
NA
NA
NA
NA
0.423
NA
0.427
0.447
0.408
NA
NA
NA
NA
NA
NA
NA
NA
NA
NA
NA
NA
NA
NA
NA
NA
NA
NA
NA
NA
NA
NA
NA
NA
0.403
NA
NA
NA
0.536
NA
NA
NA
0.387
1
NA
NA
0.103
NA
0.511
NA
0.314
NA
NA
NA
NA
NA
NA
NA
0.447
0.39
NA
NA
0.522
NA
NA
0.483
NA
NA
0.331
NA
NA
NA
NA
0.341
NA
NA
NA
NA
NA
0.647
NA
NA
NA
NA
NA
0.492
NA
NA
NA
NA
NA
0.243
NA
NA
0.098
NA
NA
0.712
NA
NA
NA
0.499
0.357
0.492
0
NA
NA
NA
0.467
NA
NA
NA
NA
NA
0.222
NA
0.421
0.369
NA
0.394
NA
NA
NA
0.217
NA
0
NA
0.361
NA
NA
0.843
0.361
0.472
NA
0
NA
NA
NA
NA
0.592
NA
0.695
NA
NA
NA
NA
0.451
0.337
NA
NA
0
0.227
NA
0.298
NA
0.177
NA
NA
NA
NA
NA
NA
NA
NA
NA
0.463
NA
0.379
NA
0.445
NA
NA
0.143
0.164
0.392
NA
NA
NA
NA
NA
NA
NA
NA
NA
NA
NA
0.743
0.387
NA
1
NA
0.633
NA
NA
NA
NA
NA
NA
NA
NA
NA
NA
NA
NA
NA
0.455
NA
0.534
0.234
0.183
NA
NA
0.747
NA
0.369
0.117
0.216
NA
0.524
0.306
0.247
NA
0.361
NA
0
NA
NA
NA
NA
0.324
NA
0.679
NA
NA
NA
NA
0.453
NA
NA
NA
NA
NA
NA
0.41
0.692
NA
0.431
NA
NA
NA
0.601
NA
NA
NA
0.322
NA
NA
NA
NA
NA
NA
NA
NA
NA
NA
NA
NA
