0.042
NA
0.698
0.527
0.463
0.565
0.453
0.817
0.51
0.746
0.879
0.879
0.53
0.862
0.882
0.685
0.393
0.462
0.504
0.438
0.883
0.227
0.65
0.574
0.94
0.335
0.667
0.659
0.634
0.585
0.488
0.817
0.462
0.617
NA
NA
NA
NA
0.905
0.866
0.698
0.633
0.512
0.988
0.157
0.471
0.687
0.367
0.409
0.949
0.382
0.882
0.817
0.117
0.089
0.949
NA
0.016
0.31
0.705
0.443
0.504
0.47
0.604
NA
0.271
0.444
0.919
NA
NA
NA
NA
NA
NA
NA
NA
NA
NA
0.615
0.622
0.838
0.918
0.78
0.538
0.445
0.274
0.882
0.882
0.627
0.644
NA
0.644
0.94
0.545
0.584
0.151
0.644
0.235
0.957
0.957
0.957
0.957
0.882
0.882
0.882
0.882
0.882
0.525
NA
0.516
0.92
0.335
0.184
0.725
0.725
0.69
0.273
0.934
0.575
0.326
0.382
0.669
0.729
0.666
0.512
NA
0.891
0.749
0.882
0.567
NA
0.685
0.759
0.223
0.572
0.751
0.499
0.504
0.581
0.147
0.094
0.65
0.174
0.406
0.814
0.178
0.925
0.814
0.367
0.449
0.486
0.668
0.285
0.949
0.941
0.411
0.272
0.657
0.55
0.522
0.259
0.957
0.036
0.412
0.325
0.328
0.325
0.412
0.412
0.507
0.278
0.715
0.445
0.184
0.304
0.495
0.496
0.537
0.445
0.465
0.84
0.265
0.353
0
0.636
0.524
0.438
0.153
0.341
NA
NA
NA
0.919
0.847
0.568
0.153
0.957
0.957
0.882
0.575
0.571
0.646
0.886
0.574
0.606
0.357
0.296
NA
NA
NA
0.921
0.689
0.94
0.817
0.587
0.448
0.94
0.478
0.637
0.518
0.489
0.413
0.479
0.497
0.53
0.63
0.653
0.602
0.634
0.625
0.686
0.247
0.053
0.382
0.062
NA
0.817
0.637
0.531
0.34
0.632
0.228
NA
NA
0.126
0.926
0.478
0.13
0.281
0.709
0.585
0.521
0.475
NA
0.336
0.355
0.606
0.423
0.577
0.167
0.167
0.511
0.565
0.494
0.328
0.301
0.363
0.403
0.403
0.403
0.912
0.631
0.575
0.567
0.668
0.174
1
NA
NA
0
0.399
0.36
0.703
0.622
0.474
NA
0.94
0.703
0.684
0.717
0.38
0.939
0.289
0.522
0.94
0.454
0.505
0.545
0.597
0.554
0.275
0.29
0.353
0.715
0.565
NA
0.526
0.247
0.637
NA
0.563
0.56
0.423
0.527
0
NA
0.155
0.128
0.162
0
0.175
0
0.02
0.875
0.398
0.585
0.687
0.726
0.672
0.491
0.402
0.664
0.523
0.286
0.435
0.644
0.048
NA
0.382
0.685
0.685
0.685
0.425
0.499
0.297
0.679
0.521
NA
0.482
0.421
0.472
0.521
0.94
0.057
0.916
0.525
0.554
0.267
0.76
0.646
0.752
0.61
0.467
NA
0.361
0.422
0.387
0.548
NA
NA
NA
0.422
0.983
0.153
0.293
0.206
NA
0.338
0.655
0.575
0.57
0.327
0
0.923
0
0.949
0.436
0.367
0.555
0.472
0.518
0.939
0.025
0.176
0.596
0.821
0.341
0.957
0.427
0.508
0.752
0.615
0.94
0.817
0.369
0.567
0.537
0.456
0.758
0.755
0.556
0.603
0.817
0.767
0.689
0.984
0.447
0.934
0.34
0.949
0.544
0.532
0.766
0.676
0.987
NA
0.086
0.547
0.483
0.549
0.632
0.573
0.94
0.463
0.253
0.26
0.878
0.411
0.576
0.571
0.387
NA
0.592
NA
0.595
0.314
0.726
0.73
0.593
0.028
0.622
0.685
NA
NA
0.538
NA
0.514
NA
NA
1
0.94
0.94
0.94
0.94
0.94
0.708
0.231
0.101
0.64
0.413
0.286
0.4
0
0.192
0.517
0.455
0.137
0.078
0.486
0.078
0.331
0.502
0.285
0.482
0.628
0.319
NA
NA
0.189
0.445
0.904
0.451
0.675
0.072
0.616
0.374
0.791
0.689
0.823
0.981
NA
0.025
0.549
0.702
0.557
0.582
NA
0.884
0.954
NA
0
NA
0.281
0.547
0.186
NA
0.871
0.561
0.529
0.193
NA
0.134
0.456
0.882
0.703
0.216
NA
0.49
0.879
0.554
0.696
0.735
0.604
0.791
0.543
0.524
0.75
0.171
0.165
0.048
0.817
0.817
0.817
0.817
0.945
0.693
0.817
0.919
NA
0.767
0.558
0.652
0.714
0.252
0.472
0.513
0.512
0.673
0.767
0.549
0.282
0.666
0.089
0.873
0.349
0.468
0.312
0.594
0.35
0.394
0.379
0.464
0.538
0.454
0.422
0.463
0.571
0.449
0.742
0.249
NA
NA
NA
NA
0.056
0.471
0.613
0.623
0.609
0.547
0.567
0.479
0.703
0.589
0.382
0.94
0.94
0.642
0.015
0.94
0.489
0.94
0.549
0.94
0.568
NA
NA
NA
NA
NA
NA
NA
0.575
0.751
0.603
0.456
0.327
0.957
0.128
0
NA
0.879
0.592
0.318
0.887
0.645
0.311
0.51
0.52
0.534
0.903
0.908
0.534
0.364
0
0
0.903
0.903
0
0.516
0.16
0.288
0.43
0.513
0.407
0.215
0.332
0.712
NA
0
0.524
0
0.33
0.524
0.524
0.524
0.712
0.271
0
0.712
0.616
0.103
0.627
0.653
0.607
NA
NA
NA
NA
NA
NA
NA
0.931
0.401
0.798
0.476
0.853
0.609
0.478
0.631
0.54
0.607
0.09
0.873
0.187
0.949
0.332
0.57
0.403
0.413
0.21
0.685
0.685
0.685
0.685
0.817
0.602
0.508
0.43
0.544
0.383
0.267
0.097
0.605
0.635
0.55
0.558
0.568
0.475
0.258
0.787
0.951
0.817
0.461
0.515
0.465
0.204
0.289
0.258
0.321
NA
NA
0.977
0.823
0.109
0.611
0.147
0.385
0.454
0.247
0.302
0.519
0.151
0.275
0.603
0.455
0.25
0.489
0.817
0.609
0.575
0.56
0.6
0.509
0.79
0.558
0.491
0.392
0.827
0.491
0.241
0.475
0.114
0.438
0.354
0.778
0.491
0.521
0.475
0.491
0.088
NA
NA
NA
NA
0.998
0.425
0.636
0.464
0.589
0.605
0.255
0.454
0.559
0.639
0.647
0.775
0.545
0.183
0.538
0.641
0.504
0.417
0.452
0.657
0.985
0.609
0.571
NA
0.623
0.02
0.764
NA
0.573
0.651
0.877
NA
0.479
0.93
0.909
0.028
0.03
0.062
0.581
NA
NA
NA
NA
NA
NA
0.599
0.674
0.627
0.523
0.6
0.22
NA
NA
0.25
0.424
0.687
0.879
0.743
0.51
NA
0.484
0.286
0.3
0.53
NA
0.521
0.518
0.951
0.254
0.559
NA
0.903
0.908
0.908
0.534
0.597
0.941
0.459
0.481
NA
0.333
NA
0.409
0.186
0.903
0.689
0
0.957
0.235
0.266
0.367
0.332
0.302
0.324
NA
0.223
0.341
0.243
0.791
0.882
0.027
0.882
NA
0.882
0.11
0.698
0.397
0.445
0.543
0.59
0.532
0.294
NA
NA
NA
0.85
0.949
0.55
0.616
0.348
0.574
0
0.574
0.515
NA
0.837
0.62
0.84
0.492
0.641
0.798
0.654
0.704
0.679
0.89
0.492
0.68
NA
0.667
0.903
0.471
0
0.751
0.425
0.603
0.603
0.242
0.018
0.402
0.385
0.909
0
0.394
0.394
0.669
0.41
0.659
0.493
0.291
0.482
0.32
0.372
0.54
0.491
0.55
0.6
0.475
0.485
NA
0.588
NA
0.71
0.898
0.732
0.712
0.382
0.703
0.7
0.55
0.219
0.739
0.556
0.939
0.516
0.484
0.346
0.542
0.581
0.597
NA
0.934
0.512
0.992
0.535
0.984
0.701
0.117
NA
0.484
0.966
0.604
0.487
0.49
0.324
NA
0.792
0.468
0.578
0.945
0.589
0.882
0.401
0.246
0.43
0.448
0.353
0.123
0.678
0.689
0.528
0.579
0.966
0.667
0.615
0.615
0.773
0.471
NA
0.138
0.692
0.524
0.367
0.829
0.417
0.217
0.183
0.35
0.591
0.541
0.535
0.458
0.557
0.246
0.501
0.572
0.371
0.552
0.345
0.607
NA
0.887
0.335
0.244
0.191
0.522
0.269
0.254
NA
0.451
0.44
0.953
NA
NA
0.419
NA
NA
NA
0.208
0.552
NA
NA
NA
NA
NA
NA
0.813
0.372
0.795
0.406
0.558
0.552
0.451
0.402
0.45
NA
0.976
NA
0.601
0.929
0.661
0.55
0.6
0.453
0.42
0.452
0.351
0.95
0.277
0.619
0.699
0.272
0.3
0.295
0.407
0.294
0.402
0.471
0.471
0.45
0.282
0.894
0.445
0.408
0.205
0.24
0.917
0.359
0.47
0.197
0.042
0.48
0.527
0.413
0.288
0.645
0.645
NA
0.389
0.467
0.192
0.557
0.235
0.631
0.623
NA
0.591
NA
0.578
0.028
0.208
0.582
0.451
NA
NA
0.817
0.919
0.413
0.469
0.6
0.431
0.551
0.023
0.221
0.221
0.192
0.543
0.624
0.314
0.734
0.437
NA
NA
NA
NA
NA
0.586
0.525
0.5
0.603
0.586
0.552
0.699
0.494
0.649
0.68
0.47
0.552
0.603
0.95
NA
0.077
0.785
0.488
0.913
0.3
0.994
0.518
0.451
NA
NA
NA
NA
NA
NA
NA
NA
NA
NA
0.949
0.43
0.389
0.416
0.632
0.585
0.614
NA
0.916
0.151
0.133
0
0.215
0.131
NA
0.153
NA
0.302
NA
0.896
0.572
0.572
0.617
0.674
0.545
NA
0.553
NA
0.303
0.487
0.805
NA
NA
0.449
0.326
0.219
0.348
0.267
0.317
0.735
0.476
0.47
0.336
0.834
0.313
0.468
0.448
0.223
0.408
0.109
0.446
0.109
0.345
0.251
0.251
0.251
0.251
0.37
0.422
0.488
0.484
0.649
0.598
0.554
0.155
NA
0.722
0.401
0.949
0.043
NA
NA
0.379
0.549
0.507
0.739
0.652
0.754
0.553
NA
0.948
0.749
0.899
0.97
0.734
NA
0.94
NA
0.583
0.679
0.126
0.306
0.15
0.357
0.928
0.57
0.74
NA
NA
NA
0.834
0.451
NA
NA
0.479
0.531
0.54
0.512
NA
NA
0.99
0.222
0.229
0.48
0.195
NA
0.632
0.74
0.302
0.231
0.101
0.879
0.839
0.866
0.898
0.676
0.802
0.691
0.625
0.517
0.882
0.648
0.391
1
0
0
0.975
0.134
0.641
0.198
0.273
0.475
0.274
0.215
0.403
0.969
0.468
0.666
0.232
0.435
0.658
0.58
0.957
0.515
0.607
0.949
0.227
0.26
0.929
0.958
0.483
0.989
0.208
0.574
0.39
0.601
0.521
NA
0.845
NA
0.356
0.223
0.781
0.911
0.611
0.573
0.379
0.547
0.586
0.753
0.752
0.499
0.903
0.377
0.952
0.261
0.48
0
0
0.377
0.929
0
0
0
0.43
0
0
0
NA
0.738
0.929
NA
0
0
0
NA
0.393
0.374
0.957
0.642
0.435
NA
NA
0.365
0.549
0.451
0.533
0.817
0.529
0.085
0.357
0.45
0.565
0.724
NA
NA
0.172
NA
0.235
0.957
0.973
0.903
0.407
0.978
0.872
0.902
0.692
0.284
0.498
0.917
0.347
0.295
0.605
0.57
0.286
NA
0.439
NA
0.694
NA
0.748
0.155
0.116
0.842
0.722
0.113
0.959
0.583
0.395
0.449
0.926
0.235
0.438
0.402
0.544
0.302
0.313
0.465
0.641
0.507
0.817
0.163
0.817
0.817
0.817
0.929
0
0
0
0
0
0.855
0.403
0.231
NA
NA
NA
NA
0.618
0.998
0.574
NA
NA
NA
NA
NA
0.675
0.293
0.434
0.443
NA
NA
NA
NA
0.021
0.883
0.051
0.817
0.888
0.487
0.478
0.532
0.634
0.699
0.26
0.886
0.817
0.279
0.575
0.528
0.371
0.544
0.285
0.268
0.817
0.636
0.683
0.792
0.308
0.762
0.762
0.619
0.288
0.593
0.632
0.817
0.767
0.803
0.738
0.607
0.651
0.638
0.664
0.926
0.611
0.72
0.489
0.817
0.65
0.692
0.783
0.67
0.72
0.94
0.685
0.63
0.652
0.94
0.732
0.699
0.755
0.301
0.509
0.748
0.62
0.461
0.94
0
NA
0
0.385
0.655
0.467
0.45
NA
0.929
NA
0
NA
0
0.173
0.175
0.202
0.556
NA
0.597
0.464
0.617
0.719
0.471
0.678
0.021
0.277
NA
0.811
0.016
0.122
0.132
0.179
0.403
NA
0.447
0.52
0.467
0.706
0.485
0.375
0.438
0.348
0.546
0.136
NA
0.393
0
0.315
0.35
0
NA
0.298
0.492
0.353
NA
0.367
0.362
0.136
0.059
0.584
0.687
NA
0.163
0.946
0.739
0.817
NA
0.817
0.817
0.817
0.589
0.603
0.042
0.637
0.089
0.84
0.82
0.647
0.622
0.82
0.82
0.647
0.751
NA
NA
NA
NA
NA
NA
NA
NA
NA
NA
NA
0.471
0.907
0.679
0.66
0.554
0.488
0.599
0.648
0.648
NA
0.751
0.626
0.561
0.597
0.648
0.582
0.744
0.596
0.523
0.237
0.688
0.422
0.542
0.667
0.612
0.68
0.757
0.547
0.514
0.671
0.555
0.11
0.412
0.949
0.94
0.798
0.634
0.688
0.818
0.754
0.554
0.71
0.629
0.615
NA
0.926
0.38
0.96
0.235
0.408
0.903
0
0.953
0.977
0.217
0.882
0.352
0.894
0.43
0.45
0.719
0.628
0.464
0.703
0.536
NA
0.447
0.154
0.398
0.531
0.423
0.306
0.241
0.26
0.551
0.401
0.347
0.434
0.525
0.949
0.442
0.477
0.406
NA
0.817
0.68
0.949
NA
0.359
0.425
0.667
0.686
0.501
0.391
0.385
0.941
0.386
0.455
0.51
0.349
0.547
0.485
0.018
0.36
0.313
0.248
NA
0.423
0.746
0.725
0.568
0.446
0.412
0.547
0.564
0.403
0.632
0.524
0.21
0.472
0.455
0.594
0.506
0.601
0.338
0.381
0.445
0.27
0.078
0.615
0.396
NA
0.524
NA
0.436
0.351
0.492
NA
0.413
NA
0.377
0.469
0.414
0.457
0.496
0.474
0.593
NA
0.363
0.469
0.477
0.537
0.375
0.276
0.51
0.388
0.469
0.328
0.313
0.396
0.655
0.018
0.544
0.571
0.495
0.135
0.539
0.413
0.419
NA
0.557
NA
0.363
0.077
0.398
0.129
0.543
0.473
0.134
0.44
0.553
0.209
0.643
0.26
0.147
0.328
0.314
0.271
0.258
0.488
0.009
0.383
0.496
0.009
0.199
0.207
0.365
0.431
0.219
NA
0.976
0.533
0.528
NA
0.949
0.949
0.949
0.896
0.557
0.482
0.635
0.594
0.774
0.697
0.213
0.565
0.119
0.729
0.148
0.481
0.143
0.664
0.918
0.537
0.507
0.577
0.501
0.506
0.285
0.419
0.528
0.382
0.462
NA
0.908
0.424
NA
0.482
0.767
0.87
0.783
0.882
0.304
0.559
0.381
0.418
0.615
0.882
0.285
0.396
0.43
0.598
0.451
0.694
0.226
0.332
0.36
0.459
0.378
0.304
0.318
0.817
0.369
NA
0.598
0.576
0.685
0.685
0.685
0.875
0.54
0.487
NA
NA
0.421
0.396
0.238
0.367
0.367
0.66
0.685
0.566
0.321
NA
0.612
0.903
0.566
0.686
0.377
0.66
0.35
0.652
0.585
0.306
NA
0.539
0.585
0.572
0.589
0.526
0.186
NA
0.554
0.369
0.441
0.442
0.36
0.388
0.478
0.134
0.87
0.696
0.118
0.504
0.448
NA
0.34
0.533
0.719
0.951
0.436
0.517
0.164
0.47
0.475
0.882
0.546
0.565
0.497
0.49
0.519
0.436
0.977
0.975
NA
0.871
0.871
0.321
0.473
NA
NA
NA
NA
NA
NA
NA
NA
NA
NA
NA
NA
NA
0.683
0.459
0.581
0.602
0.652
0.255
0.517
0.47
0.44
0.439
0.432
0.298
0.872
0.732
0.967
0.591
NA
0.853
NA
0.404
NA
NA
0.52
0.985
0.639
0.54
0.241
0.299
0.381
0.825
0.139
0.211
NA
NA
0.198
0.7
0.652
0.635
0.691
0.504
0.697
0.472
0.974
0.817
0.708
0.765
0.919
0.333
0.526
0.326
0.582
NA
0.663
0.553
0.338
0.342
0.494
0.39
0.401
0.223
0.005
0
0.605
0.751
0.385
0.413
0.507
0.605
0.582
0.513
0.091
0.577
0.503
0.109
0.92
0.271
0.517
0.525
0.334
0.886
0.291
NA
0.895
NA
NA
NA
0.924
0.368
0.579
0.566
0.949
0.949
0.882
0.877
0.915
0.915
0.915
0.994
0.965
0.959
0.496
0.525
0.42
0.396
0.367
0.355
0.596
0.262
0.225
0.317
0.433
0.633
0.239
0.385
NA
0.362
0.188
NA
0.385
0.451
NA
0.419
0.941
0.698
0.346
0.364
0.793
0.725
0.721
0.693
0.44
0.349
0.387
0.519
0.522
0.021
0.554
0.385
0.413
NA
0.505
0.171
0.7
0.635
0.588
0.691
0.514
0.509
0.022
0.538
0.419
0.329
0.529
0.975
0.318
0.657
0.664
0.664
0.658
0.637
0.647
0.66
0.882
0.28
0.243
0.791
0.577
0.232
0.498
0.336
0.28
0.362
0.387
0.458
0.557
0.333
0.539
0.373
0.637
NA
0.296
0.147
0.388
0.445
0.449
0.456
NA
0.817
0.973
0.312
0.391
0.393
0.4
0.473
0.496
0.919
0.3
0.293
0.042
NA
0.196
0.427
0.329
0.423
0.245
0.023
0.029
0.407
0.485
0.68
0.539
0.238
0.56
0.533
0.256
0.578
0.507
0.55
0.585
0.513
0.085
0.117
0.409
0.485
0.719
0.373
0.342
0.687
0.517
0.334
0.685
0.978
0.935
0.568
0.952
0.186
0.767
0.71
0.767
0.767
0.767
0.186
0.284
0.684
0.495
0.713
0.498
0.611
0.009
0.016
0.009
0.825
0.515
0.403
0.929
0.303
0.487
0.94
0.94
0.652
0.632
0.552
0.555
NA
0.517
0.087
0.606
0.726
0.473
0.111
0.86
0.54
NA
0.498
0.087
0.817
0.68
0.032
0.273
0.13
0.181
NA
0.817
0.501
NA
0.301
0.555
0.655
0
0.579
0.221
0.338
0.327
0.391
NA
0.301
0.309
0.506
0.959
0.366
0.942
0.614
0.547
0.525
NA
NA
NA
NA
NA
0.961
0.628
NA
0.494
NA
0.565
NA
0.573
0.349
0.649
0.615
0.71
0.421
0.817
0.817
0.905
0.75
0.75
0.099
0.553
0.35
0.4
0.36
0.337
0.978
0.949
0.448
0.523
0.261
0.277
0.349
0.381
0.405
0.282
0.417
0.5
0.422
0.5
0.885
0.267
0.611
0.5
NA
0.563
0.817
0.655
NA
0.5
0.348
NA
0.378
0.497
0.949
0.949
0.256
0.949
0.08
NA
0.099
0.949
0.949
0.949
0.035
0.382
0.918
0.537
0.709
0.652
0.514
0.769
0.94
0.668
0.94
0.94
0.94
0.94
0.94
0.94
0.94
0.94
0.6
0.721
0.543
0.615
0.94
0.94
0.94
0.94
0.518
0.949
0.634
0.508
0.822
0.909
0.41
0.415
0.29
0.27
0.29
0.158
0.711
0.543
0.483
0.397
0.348
0.272
0.24
0.181
0.377
0.284
NA
0.345
0.4
0.27
0.22
0.165
0.499
0.532
0.539
0.61
0.561
0.386
0.357
0.374
0.926
0.926
0.492
0.253
0.434
0.134
0.491
0.453
0.294
0.939
0.853
0.884
0.282
0.939
0.539
NA
0.539
0.042
0.495
0.625
0.58
0.882
0.316
0.41
0.483
0.29
0.327
0.537
0.34
0.532
0.505
0.367
0.387
0.882
0.543
0.951
0.441
0.339
0.951
0.623
0.468
0
0.408
0.366
0.357
0.297
0.929
0.501
0.624
0.967
NA
0.049
NA
0.455
0.701
0.256
0.547
0.339
0.568
0.39
0.263
0.53
0.41
0.931
0.407
0.817
0.49
0.585
NA
0.382
0.438
0.201
0.359
0.133
0.572
0.372
0.475
0.346
0.58
0.251
0.456
0.61
0.649
0.494
0.324
0.288
0.477
0.499
0.447
0.284
0.307
0.543
0.382
NA
0.34
0.7
0.602
0.445
0.444
0.438
0.594
NA
0.193
0.509
0.906
0.501
0.474
0.442
0.657
0.579
0.588
NA
0
0.949
0.601
0.455
0.429
0.473
0.529
0.845
0.664
0.471
0.649
0.703
0.968
NA
0.373
0.975
NA
0.372
NA
NA
NA
NA
NA
0.585
0.366
0.488
0.949
NA
0.529
NA
0.921
0.179
0.559
0.42
0.727
0.541
0.412
0.535
0.601
0.479
0.444
0.821
NA
0.679
0.649
0.449
NA
NA
0.513
0.64
0.635
0.61
0.879
0.817
NA
0.26
0.256
0.048
0.59
0.324
0.858
0.528
0.665
0.688
0.661
0.564
0.536
0.322
0.718
0.765
0.256
0.344
0.572
NA
0.364
0.437
0.174
0.498
0.527
0.882
0.965
0.497
0.244
NA
NA
NA
NA
0.395
0.191
0.576
0
NA
0.485
0.444
0.409
0.382
0
0.287
0.768
NA
0.975
0.243
0.028
0.525
0.418
0.394
0.144
0.732
0.585
0.586
0.451
0.606
0.269
0.39
0.301
0.465
0.266
0.272
0.919
0.407
0.166
0.951
0.441
0.434
0.445
0.445
0.922
0.428
0.429
0.336
0.882
0.882
0.882
0.532
0.42
0.95
0.242
0.048
0.534
0.4
0.392
0.43
0.444
0.313
0.531
0.949
0.397
0.42
0.442
0.817
0.428
0.65
0.498
0.928
0.476
0.547
0.374
0.565
0.628
0.404
0.458
0.623
0.48
0.791
0.574
0.636
0.017
0.977
0.021
0.977
0.636
0.636
0.028
0.636
0.204
0.324
0.976
0.201
0.447
0.558
0.424
0.957
0.204
0.457
0.432
0.347
0.5
0.491
0.46
0.616
0.387
0.544
0.502
0.813
0.336
0.529
0.742
NA
NA
0.417
0.572
0.965
0.658
0.371
0.414
0.52
0.511
0.496
0.443
0.564
0.937
0.404
0.425
0.52
0.227
0.474
0.919
0.582
0.585
0.381
0.371
NA
0.709
0.872
0.718
0.736
0.685
0.627
0.69
0.68
0.472
0.9
0.582
0.545
0.015
0.017
0.931
0.639
0.431
0.611
0.621
0.611
0.39
0.546
0.406
0.343
0.939
0.552
0.31
0.645
0.551
0.492
0.403
0.503
0.442
0.472
0.462
0.667
0.481
0.363
0.839
0.464
0.221
0.445
0.571
0.221
0.544
0.512
0.531
0.526
0.94
0.511
0.48
NA
0.817
0.436
0.409
0.49
0.701
0.544
0.503
0.462
0.537
0.543
0.44
0.182
0.452
0.476
0.485
0.908
0.61
NA
0.193
0.49
0.448
0.905
0.546
0.407
0.532
0.633
0.532
0.347
0.623
0.603
0.36
0.66
0.943
0.487
0.438
0.564
0.595
0.652
0.267
0.442
0.878
0.678
0.86
0.609
0.456
NA
0.567
0.613
0.631
0.325
0.456
0.699
0.613
0.879
0.784
0.484
0.182
0.53
0.817
0.836
0.463
0.451
0.436
0.502
0.632
0.576
0.786
0.431
0.36
0.304
0.504
0.499
0.97
0.491
0.361
0.195
NA
0.563
0.672
0.106
0.959
0.397
0.645
0.807
0.666
0.903
0.807
0.776
0.517
0.454
0.418
0.572
0.619
0.44
0.891
0.613
0.956
0.371
0.164
0.659
0.247
0.635
0.864
0.669
0.402
0.617
0.967
0.903
0.334
0.198
0.976
0.886
0.79
0.751
0.749
0.545
0.525
0.637
0.343
0.514
0.865
NA
0.328
0.293
0.388
0.189
0.957
0.266
0.296
0.482
0.495
0.514
0.461
0.306
0.547
0.237
0.469
0.531
0.378
0.409
0.485
0.288
0.185
0.356
0.376
0.29
0.388
0.612
0.353
0.624
0.519
0.512
0.732
0.964
0.59
0.81
0.287
0.153
0.07
0.916
0.074
0.312
0.871
0.864
0.599
0.523
0.929
NA
0
0.17
0.284
NA
NA
NA
NA
0.677
0.957
0.292
0.451
0.951
0.403
0.236
0.33
0.988
0.977
0.977
0.503
0.62
0.415
0.624
0.932
0.667
0.522
0.929
0.146
0.584
0.463
0.493
0.455
0.514
0.604
0.469
NA
0.453
0.507
0.942
0.393
0
0
0.689
0.9
0.626
0.831
0.356
0.903
0
NA
NA
NA
0.946
0.065
0.552
0.093
0.19
0.021
0.289
0.903
0.903
NA
0.408
0.933
0.529
0.372
0.301
0.023
NA
NA
0.021
0.319
0.356
0.465
0.125
0.388
0.246
0
NA
0.365
0.354
0
0.146
0
0.594
0.499
0.301
0
0
0
0
NA
0.152
0.926
0.397
0.583
0.173
0
0.979
0.864
0.472
NA
0
0
0.994
0
0
0.994
0.776
0.898
0.813
0.773
0.65
0.394
0.898
0.477
0.546
0.726
0.436
NA
NA
NA
NA
NA
NA
0.795
0.588
0.442
0.43
NA
NA
0.957
0.191
0
0.365
0.321
0.294
0.152
0.615
0.25
NA
NA
0.277
0.6
0.435
0.324
0.192
0.296
0.618
0.831
0.505
0.325
0.521
0.337
0.629
0.55
0.377
0.399
0.654
0.673
0.605
0.512
0.552
NA
NA
NA
NA
NA
NA
NA
0.576
0.861
0.473
0.465
0.519
0.359
0.474
0.457
0.459
0.519
0.366
NA
0.409
0.47
0.796
0.985
0.49
0.351
0.728
0.93
0.587
0.406
0.587
0.508
0.35
0.373
0.854
NA
0.484
0.949
0.949
0.382
0.566
0.959
0.627
0.623
0.437
0.598
0.598
0.536
0.58
0.709
0.555
0.203
0.7
0.558
0.51
0.55
0.328
0.17
NA
0.685
0.643
0.65
0.949
0.64
0.863
0.469
0.524
0
0.425
0.406
0.017
0.036
NA
NA
NA
0.389
0.861
0.736
0.736
0.618
0.495
0.44
0.999
0
0.369
NA
0.208
0.471
0.459
0.685
0.377
NA
0.766
0.661
0.892
0.414
0.314
NA
NA
NA
NA
NA
NA
0.735
0.817
0.658
0.704
0.749
0.492
0.552
0.881
0.593
0.13
0.493
0.561
0.68
0.663
0.94
0.772
0.758
0.446
0.989
NA
0.55
0.543
0.517
0.475
0.365
0.548
0.949
0.167
NA
NA
0.681
0.685
0.817
0.817
0.817
0.309
0.287
0.303
0.448
0.365
0.259
NA
0.471
0.017
0.621
0.875
0.277
0.521
0.257
0.45
0.664
0.404
0.581
0.817
0.817
0.704
0.882
0.817
0.281
0.373
NA
NA
0.042
0.685
0.685
0.685
0.236
0
0.103
0.095
0.33
0.837
0.264
0.307
0.233
0.345
0.447
0.301
0.89
0.631
0.834
NA
NA
0.825
0.679
0.919
0.686
0.99
0.304
0.53
0.372
0.524
NA
NA
0.199
0.508
0.965
0.269
NA
0.535
0.572
0.61
0.977
0.228
0.705
0.81
0.36
0.44
0.455
0.49
0.562
0.404
0.938
0.314
0.463
0.248
0.03
0.235
NA
0.966
0.555
0.355
0.475
0.508
0.656
NA
NA
NA
NA
NA
NA
NA
NA
0.817
0.64
0.729
0.951
0.784
0.504
0.521
0.141
0.312
0.132
0.613
NA
0.712
0.817
0.445
0.707
0.586
0.589
0.607
0.667
0.459
0.685
0.807
0.435
0.458
0.458
0.577
0.346
0.997
0.998
0.644
0.93
0.257
0.631
0.357
0.397
NA
0.903
0.626
0.649
0.661
0.609
0.596
0.711
0.691
0.725
0.685
0.723
0.571
0.795
0.58
0.566
0.211
0.146
0.216
0.588
0.683
0.343
0.94
0.538
0.028
0.94
0.08
0.236
0.864
0.336
0.03
0.117
0.657
0.262
0.513
NA
0.439
NA
0.949
0.439
0.272
0.235
0.266
0.43
0.368
0.097
0.279
0.787
NA
0.562
0.597
NA
0.501
0.35
0.361
0.763
0.499
0.607
0.709
0.671
0.554
0.602
NA
0.814
0.489
0.337
NA
NA
0.612
0.019
0.535
0.495
0.449
NA
0.609
NA
0.559
0.501
0.555
0.501
0.73
0.597
0.621
NA
0.906
0.857
NA
NA
NA
NA
NA
NA
NA
NA
NA
NA
0.34
0.258
0.45
0.569
0.668
0.667
0.817
0.582
0.582
0.666
0.288
0.096
0.875
0.519
0.397
0.238
NA
0.409
0.965
0.769
0.879
0.592
0.469
0.553
0.507
0.613
0.879
0.568
0.494
0.407
0.513
0.613
0.741
0.502
0.264
0.523
0.494
0.657
0.568
0.09
0.926
0.549
0.321
0.5
0.882
NA
0.471
0.157
0.685
0.685
0.097
0.382
0.928
0.427
0.441
0.575
0.301
0.382
0.471
0.472
0.388
0.275
0.817
NA
NA
NA
NA
NA
0.46
0.195
0.712
0.712
0.524
0.621
0.647
0.607
0.403
0.735
0.587
NA
NA
NA
0.316
0.817
0.62
0.366
0.497
0.328
0.408
0.581
0.685
0.282
0.256
0.912
0.109
0.566
0.334
0.874
0.452
0.659
0.021
0.689
0.773
0.638
0.692
NA
0.415
0.481
0.577
0.265
0.17
0.193
0.182
0.202
NA
NA
0.515
0.957
0.636
0.11
0.452
0.57
0.41
0.049
0.94
NA
0.94
0.94
NA
0.539
0.301
0.94
0.527
0.687
0.949
0.949
0.42
0.502
0.916
0.509
0.218
0.524
0.565
0.903
0.848
0.437
0.019
NA
0.278
0.282
0.019
NA
0.309
0.626
0.814
0.587
0.414
0.931
0.45
0.451
0.55
NA
NA
0.389
0.216
0.604
0.657
0.545
0.903
0.879
0.949
0.382
0.549
0.796
0.422
0.314
0.867
0.491
0.477
0.712
0.302
0.431
0.393
NA
0.817
0.51
0.659
0.59
NA
0.32
0.545
0.286
0.2
0.94
0.468
0.329
0.549
0.302
0.225
0.439
0.25
0.496
0.23
0.266
0.307
0.949
0.949
0.949
0.949
0.949
0.949
0.949
0.027
0.729
0.813
0.566
0.411
0.451
0.485
0.696
0.965
0.929
0.492
0.313
0.929
0.492
0.257
0.75
0.406
0.323
0
0.304
NA
NA
NA
NA
NA
NA
0.581
0.621
0.332
0.37
0.28
0.263
0.841
0.411
0.494
0.953
0.22
0.949
0.433
0.712
0.665
0.638
0.723
NA
0.842
0.356
0.072
NA
0.521
0.814
0.019
0.86
0.726
0.611
0.7
0.703
0.683
0.943
NA
0.591
0.443
NA
0.162
NA
NA
NA
NA
0.25
0.471
0.882
0.882
0.882
0.882
NA
0.021
0.259
0.615
0.474
0.882
0.439
0.354
0.383
NA
NA
NA
NA
0.466
0.307
0.62
NA
NA
0.56
0.33
0.113
0.999
0.524
0.45
0.7
0.499
0.376
0.819
NA
0.384
NA
0.436
0.53
0.459
0.429
0.817
0.615
0.998
0.94
0.94
0.518
0.498
0.37
0.313
0.248
0.339
0.157
0.52
0.878
0.581
0.356
0.374
0.355
0.09
0.817
NA
0.912
NA
0.597
0.911
0.953
NA
0.415
0.403
0.418
0.382
0.427
0.949
0.588
0.33
0.589
0.229
0.923
0.817
0.536
0.549
0.465
0.506
0.619
0.615
0.615
0.94
0.94
0.94
0.784
NA
0
0.858
0.791
0.791
0.791
0.588
0.639
0.687
0.63
0.534
0
0.482
0.667
0.504
0.978
0.346
0.81
0.949
0.382
0.382
0.382
0.382
0.949
0.949
0.382
NA
0.649
0.964
0.642
0.717
0.583
NA
0.192
0.977
0.353
0.907
NA
NA
NA
NA
NA
0.982
0.47
0.175
0.571
0.464
0.471
0.101
0.628
NA
0.968
0.514
0.533
0.398
0.533
0.446
0.459
0.483
0.397
0.977
0
NA
0
0
0
0.701
0
0
0.977
0
0.701
0
0.977
NA
0.977
0
NA
NA
NA
0.425
0.445
0.399
0.488
0.903
0.163
0.026
0.431
0.101
NA
0.078
0.823
0.548
NA
NA
0.778
0.502
NA
0.349
0.448
0.464
0.387
NA
0.954
0.155
0.19
0.315
NA
0.227
0.009
0.018
0.94
0.94
0.94
0.94
0.385
0.86
0.311
0.312
0.456
0.596
0.354
0.252
0.154
0.313
0.602
0.186
0.957
0.095
0.251
0.292
0.162
0.379
NA
0.404
0.247
0.275
NA
0.271
0.285
0.435
0.672
0.537
0.344
0.099
0.285
0.506
0.155
0.857
0.857
0.621
0.977
0.94
0.598
NA
0.426
0.044
0.41
0.378
0.496
NA
0.044
NA
0.534
0.571
0.118
0.339
0.118
0.191
0.685
0.63
0.655
0.99
NA
0.383
0.498
0.492
0.494
0.668
0.556
0.577
0.689
0.642
0.71
NA
0.187
NA
0.474
0.439
0.463
0.918
0.797
0.589
0.362
0.027
0.412
0.477
0.946
NA
0.976
0.649
0.16
0.195
0.275
0.731
0.59
0.685
0.382
0.616
0.939
NA
0.431
0.255
NA
0.282
0.659
0.941
0.45
0.337
0.469
0.566
0.552
0.071
0.546
0.423
0.73
0.854
0.611
NA
0.443
0.351
0.331
NA
0.012
0.448
0.127
0.188
0.972
0.618
0.222
0.451
NA
NA
0.296
0.226
0.196
0.197
0.532
0.605
NA
0.109
0.53
0.539
0.821
0.882
0.213
0.068
0.183
0.379
0.96
NA
NA
0.949
0.396
0.493
0.584
0.487
0.712
0.426
0.567
0.969
0.239
0.209
0.04
0.236
0.246
0.567
0.408
0.399
0.536
0.567
0.579
0.724
0.475
0.356
0.452
0.356
0.636
0.93
0.685
0.498
0.312
0.594
0.321
0.321
0.416
0.321
0.422
0.477
0.354
0.364
0.615
0.493
0.309
0.373
0.479
0.903
0.373
0.532
0.508
0.724
0.539
0.498
0.456
0.94
0.628
NA
0.552
0.452
0.396
0.493
0.488
0.904
0.882
0.453
0.472
0.504
0.501
0.453
0.555
0.45
0.374
0.372
0.43
0.89
0.341
0.42
0.42
0.959
0.284
0.333
NA
0.919
NA
0.919
0.636
0.111
0.027
0.882
0.071
0.857
0.318
NA
0.654
0.673
0.365
0.499
0.93
0.281
0.327
0.286
0.35
0.491
0.392
0.616
0.38
0.433
0.468
0.448
0.469
0.507
0.288
NA
NA
NA
0.522
0.58
0.574
0.919
0.755
0.835
0.642
0.662
0.333
0.957
0.957
0.655
0.52
0.028
0.598
0.543
0.882
0.929
0
NA
0.418
0.529
NA
0.848
0
0.952
0.292
0.494
0.793
0.796
0.24
0.219
0.557
0.889
0.343
NA
0.566
0.94
0
NA
0.374
0.455
0.724
0.453
0.384
0.864
0.374
0.262
0.432
0.478
0.394
0.485
0.482
0.949
0.4
0.322
0.632
0.537
0.554
0.301
0.949
0.464
NA
0.392
0.553
0.284
0.987
0.799
0.783
0.725
0.262
0.944
0.582
0.344
0.47
0.398
0.446
0.966
0.37
0.075
0.923
0.89
0.261
NA
NA
NA
NA
NA
NA
NA
NA
0.87
0.483
0.369
0.35
NA
0.529
0.868
0.546
0.261
0.374
0.218
0.532
0.407
0.195
0.352
0.509
0.347
0.401
0.338
0.371
0.328
0.975
0.313
0.273
0.975
NA
NA
NA
0.741
0.68
0.899
0.529
0.658
0.619
0.392
0.465
0.25
0.751
0.659
0.606
0.345
0.595
0.504
0.975
0.943
0.889
0.028
0.332
0.973
0.478
0.337
0.145
0.136
NA
0.314
0.667
0.974
0.52
NA
0.279
0.324
0.34
0.24
0.125
NA
NA
NA
0.803
0.431
0.437
0.436
NA
0.708
0.789
0.876
0.482
0.448
0.436
0.909
0.661
0.448
0.366
NA
0.487
0.558
0.85
0.531
0.954
0.354
0.596
0.551
0.326
0.094
0.026
0.026
0.903
0
0
0.186
0
0.279
0.258
0.232
0.37
0.681
0.417
NA
0.265
0.579
0.975
0.51
0.385
0.305
0.33
0.51
0.479
0.419
0.967
NA
0.953
0.953
0.949
0.862
0.39
0.482
0.957
0.607
0.955
0.703
0.526
0.487
0.418
0.721
0.622
0.691
0.692
0.551
0.573
0.741
0.585
0.741
0.758
0.645
0.91
0.639
0.692
NA
0.783
0.67
0.899
0.54
0.736
0.418
0.618
0.617
0.97
0.332
0.15
0.4
0.899
0.618
0.369
0.617
0.698
0.535
0.704
0.5
0.099
0.898
0.898
0.615
0.738
0.579
0.67
1
1
NA
0.103
NA
NA
0.674
0.597
0.882
0.992
0.88
0.896
0.695
0.051
0.428
0.265
0.685
0.685
0.054
0.685
0.685
0.685
0.83
0.157
0.997
NA
NA
NA
0.85
0.869
0.899
0.66
0.817
0.496
0.364
0.615
0.53
0.223
0.507
0.011
0.012
0.209
0.248
0.25
0.338
0.457
NA
0.189
0.908
0.407
NA
0.241
0.466
0.584
0.304
0.803
0.422
0.488
0.544
0.49
0.411
0.646
NA
0.709
0.645
0.578
0.319
0.661
0.38
0.943
0.073
0.282
0.48
0.456
0.56
0.551
0.573
0.659
0.305
0.383
0.974
0.957
0.946
0.302
0.221
0.685
0.446
NA
0.272
0.234
0.929
0.012
0.012
0.665
0.542
0.666
NA
0.725
0.929
0.788
0.7
0.641
0.604
0.633
0.51
0.696
0.51
0.578
0.634
0.51
0.611
0.726
0.676
0.598
0.817
0.66
0.729
0.615
0.488
0.597
0.559
0.86
NA
NA
0.553
0.566
0.789
0.734
0.566
0.557
0.561
0.673
0.543
0.682
0.693
0.77
0.566
0.783
0.889
0.753
0.917
0.558
0.531
NA
0.267
0.235
0.139
0.953
0.37
0.871
0.625
0.376
0.579
0.903
0.836
0.561
0.483
0.712
0.529
0.516
0.434
0.533
0.439
0.174
0.277
0.28
0.581
0.019
0.584
0.381
0.941
0.533
0.468
0.79
0.478
0.472
0.518
NA
0.726
0.872
0.701
0.701
0.627
0.532
0.67
0.687
0.72
0.661
0.738
0.309
0.554
0.766
0.622
0.529
0.584
0.576
0.829
NA
0.6
0.396
0.45
0.454
0.607
0.661
0.3
0.455
NA
NA
0.577
0.245
0.606
0.683
0.382
0.518
NA
NA
0.566
NA
NA
0.979
0.948
0.817
0.615
0.301
0.908
0.394
0.484
0.173
0.365
0.331
NA
0.469
0.403
0.642
0.859
0.714
0.646
0.72
0.72
0.499
0.769
0.507
0.817
0.036
NA
0.692
NA
0.631
0.762
0.607
0.814
0.735
0.698
0.563
0.589
0.632
0.599
NA
0.94
0.94
0.817
0.817
NA
NA
0.563
0.93
0.577
0.65
0.557
0.1
0.529
0.903
0.94
0.882
0.6
NA
NA
NA
NA
NA
NA
NA
NA
0.017
0.819
0.239
0.817
0.63
0.751
0.241
NA
NA
0.63
0.308
NA
NA
0.894
0.268
0.351
0.464
0.372
0.295
0.817
0.349
0.456
0.398
0.432
0.329
0.437
0.817
NA
0.747
0.947
0.457
0.31
0.235
0.94
0.864
0.55
0.735
0.729
0.286
0.558
0.38
0.767
0.664
0.645
0.54
0.62
0.616
0.462
0.729
0.535
0.476
0.447
0.826
0.712
0.712
0.647
0.739
0.532
0.631
0.878
0.94
0.638
0.543
0.509
0.684
0.796
0.741
0.511
0.817
0.422
0.741
0.879
0.552
0.313
0.267
NA
0.685
0.685
0.633
0.893
0.683
0.858
0.695
NA
0.47
0.352
0.535
0.516
0.169
0.438
0.146
0.295
0.374
0.207
0.367
0.371
NA
0.267
0.848
0.481
0.755
0.041
0.463
0.465
0.41
0.953
0.283
0.54
0.422
0.443
0.602
0.258
0.407
0.33
0.393
0.88
0.29
0.273
0.387
0.763
0.759
0.668
0.67
0.519
0.949
0.617
0.572
0.886
0.584
0.651
0.608
0.097
0.158
0.032
0.049
NA
0.261
NA
0.036
0.073
0.282
0.049
0.17
0.849
0.215
0.767
0.929
0.929
0.929
0.929
0.929
0.929
0.294
0.882
0.882
0.436
0.017
0
0.882
0.044
0.042
NA
0.538
0.538
0.929
0.318
0.98
0.475
0.759
0.453
0.374
0.979
0.418
0.602
0.348
0.101
0.704
NA
NA
0.119
0.761
0.694
0.549
0.376
0.944
0.817
0.43
NA
NA
0.917
NA
0.249
0.663
0.726
0.865
0
0
0.022
0
0.615
0.365
0.478
0
0.94
0.94
0
0.319
0
0.617
NA
NA
0.386
0.384
0.614
0.694
0.614
0.72
0.694
0.909
NA
NA
NA
NA
NA
0.186
0.433
0.415
0.448
0.844
0.578
0.345
0.464
0.229
0.433
0.487
0.283
0.45
0.405
0.463
0.581
0.607
0.617
0.612
0.755
NA
0.903
0.903
0.301
0.066
NA
NA
NA
NA
NA
NA
NA
NA
0.331
0.587
0.621
0.38
0.834
0.599
0.943
0.012
0.771
0.943
0.012
0.425
0.012
0.012
0.857
0.539
0.395
0.341
0.304
0.382
0.882
0.94
0.94
0
0
0.882
0.882
0.882
NA
0.285
NA
0.342
0.393
0.027
0
0.892
0
0.589
0
0.882
0.257
0.328
0
0
0.94
0
0
0
0
0
0.362
0.207
0.186
0.021
0.94
0.537
0.661
0.14
0.167
0.386
0.064
NA
0.772
0.96
0.274
NA
0.521
0.903
0.726
0.729
0.844
0.929
0.204
0.7
NA
0.528
0.303
NA
0.436
0
0.436
0.436
0.882
0.882
0.028
0.042
0.67
0.335
0
0.797
0
0.536
0.441
0.461
0.404
0
0.489
0.829
0.397
0.275
0
0.411
0.18
0.953
0.817
0.366
NA
0.742
0.977
0.701
0
0.656
0
0.92
0
0.989
0.895
0.992
0.172
0.011
0
0.522
0.977
0.543
0.021
0.081
0.634
0
0.977
0.977
0.028
0.593
0.593
NA
0.52
0.817
0.52
0.333
0.357
0.531
0.864
0.458
0.675
0.235
0.541
0.541
0.903
0.968
0.129
0.586
0.957
0.008
0.714
0.755
0
0.94
0.349
NA
NA
NA
NA
0.949
0.563
0.72
0.675
NA
NA
NA
NA
0.519
0.416
0.492
0.72
0.58
0.848
0.025
0.752
0.311
0.178
0.724
0.515
0.392
0.549
0.523
0.49
0.45
0.356
0.688
0.855
0.345
0.615
0.408
0.46
0.459
0.592
0.259
0.39
0.609
0.511
0.133
0.585
0.41
0.588
0.577
0.456
0.495
0.186
0.87
0.75
0.66
0.632
NA
0.481
0.604
0.674
0.589
0.272
0.586
0.563
0.572
0.353
0.541
0.587
0.728
0.616
0.603
0.609
0.576
0.55
0.414
0.303
0.331
0.933
0.698
0.767
0.075
0.088
0.973
0.643
0
0.075
0.405
0.299
0.678
0.967
0.656
0.518
0.468
0.826
0.369
0.922
0.63
0.811
0.278
0.237
0.388
0.361
0.037
0.654
0.935
0.94
0.504
0.264
0.882
0.036
0.595
NA
0.775
0.851
0.767
0.124
0.186
0.526
0.541
0.47
0.491
NA
0.25
NA
0.511
0.568
0.962
NA
NA
NA
NA
NA
NA
NA
0.336
0.676
0.975
0.219
0.629
0.517
0.305
0.554
0.578
0.47
0.311
0.317
0.456
0.449
0.305
0.494
0.132
0.562
0.973
0.384
0.933
0.706
0.544
0.953
0.907
0.255
0.949
0.949
0.505
0.422
NA
0.642
0.965
0.288
0.027
0.538
0.243
0.724
0.308
0.257
0.436
0.166
0.192
0.586
0.889
0.517
0.602
0.489
0.453
0.607
0.597
0.639
0.307
0.499
0.24
0.26
0.554
0.543
0.501
0.949
0.395
0.436
0.687
0.923
0.254
0.209
0.519
0.423
NA
0.435
0.668
0.521
0.603
0.408
0.373
0.373
0.277
0.458
0.625
0.533
0.974
0.491
0.28
0.476
0.022
0.259
0.585
0.404
0.655
0.657
0.572
0.646
0.817
0.527
0.53
0.657
0.657
0.583
0.949
0.735
0.426
0.498
0.524
0.417
0.598
0.665
0.49
0.708
0.692
0.657
NA
0.981
0.557
0.568
0.042
0.54
0.036
0.977
0.401
0.362
0.305
0.847
NA
0.358
0.196
0.622
0.445
0.47
0.506
0.21
0.895
0.725
0.608
0.895
0.895
0.664
0.515
0.94
0.688
0.895
0.238
0.331
0.118
0.203
0.294
0.405
0.624
0.563
0.796
NA
0.824
0.94
0.94
0.537
0.929
0.269
0.916
0.885
0.885
0.953
0.138
0.216
0.209
0.112
0.231
0.34
0.077
0.603
0.957
0.644
0.349
0.336
0.796
0.946
0.237
0.948
0.948
0.601
0.599
0.477
NA
0.289
0.327
0.213
0.249
0.462
0.35
0.389
0.447
0.418
0.397
0.377
0.377
0.382
0.341
0.473
0.972
NA
0.324
0.339
0.602
0
0.986
0.135
NA
0.887
0.213
0.464
0.93
0.686
0.903
0.867
0.775
0.816
0.571
0.812
0.496
0.953
0.656
0.575
0.842
0.674
0.459
0.37
0.695
0.915
0.117
0.916
NA
0.677
NA
0.371
0.556
0.66
0.508
0.337
0.454
0.239
0.914
0.648
0.706
0.583
0.433
0.697
0.613
0.546
0.487
0.614
NA
0.46
0.605
0.822
NA
0.615
0.597
0.646
0.342
0.559
0.643
NA
0.437
0.472
0.552
NA
NA
0.535
0.897
0.411
0.374
0.16
0.322
0.598
0.618
0.527
0.565
0.433
0.6
0.405
0.247
0.518
0.831
0.072
NA
0.091
0.583
0.817
0.71
0.957
0.701
0.099
0.138
0.457
0.242
0.346
0.437
0.099
0.508
0.506
NA
0.09
0.423
0.957
0.388
NA
NA
0.32
0.723
0.527
0.6
0.58
0.273
NA
0.767
0
0.036
0.701
0.977
0.337
0.261
0.403
0.949
0.496
0.083
0.643
0.676
0.166
0.903
0.903
0.903
0.898
0.149
0.06
0.903
0.903
0.903
0.262
0.864
0.472
0.547
0.284
0.499
0.723
0.716
NA
0.994
0.235
0.6
0.575
0.235
0.038
0.585
0.651
0.922
0.8
0.538
0.693
0.946
0.906
0.956
0.949
0.949
0.949
0.949
0.027
0.949
0.949
0.949
0.225
0.021
0.087
0.657
NA
0.586
0.411
NA
0.966
0.432
0.906
0.58
0.231
0.174
NA
NA
NA
0.738
0.564
0.817
0.125
0.732
0.981
0.841
0.957
0.613
0.381
NA
0.468
0.526
NA
NA
0.449
0.347
0.292
NA
0.517
0.682
0.585
0.502
0.304
0.011
0.889
0.685
0.024
0.483
0.38
0.502
0.062
0.555
0.436
0.316
0.778
0.267
0.937
0.634
0.506
0.558
0.574
0.817
NA
0.996
0.385
0.996
0.422
0.996
0.817
0.839
0.388
0.505
0.361
0.509
0.464
0.599
0.354
0.603
0.481
0.557
NA
NA
0.407
0.295
0.969
0.498
0.767
0.456
0.279
0.407
0.957
NA
0.972
0.464
0.598
0.115
0.134
NA
NA
0.669
0.492
0.687
NA
0.919
0.549
0.94
0.817
NA
NA
0.871
0.636
0.456
0.466
0.491
0.266
0.313
0.636
0.313
0.313
0.237
0.44
0.523
0.367
0.882
0.708
0.916
0.547
0.444
0.623
0.701
0.709
0.268
0.513
0.753
0.512
0.56
0.949
0.957
0.518
0.382
0.178
0.142
0.137
0.35
0.025
0.685
0.842
0.078
0
0.252
0.295
0.021
0.685
0.388
0.59
NA
NA
NA
NA
0.215
0.423
0.115
NA
NA
0.513
0.94
0.56
0.343
NA
0.949
0.64
0.829
0.68
0.599
0.589
0.606
NA
0.533
0.476
NA
0.334
NA
0.353
0.476
0.949
0.466
0.696
0.439
0.4
0.436
0.524
0.531
0.458
0.283
0.3
0.316
0.398
0.27
0.94
0.518
0.431
0
0.651
0.949
0.563
0.571
0.723
0.524
NA
0.723
0.525
0.931
0.896
0.78
0.667
0.456
NA
0.484
0.198
0.196
0.5
0.347
0.235
0.415
0.525
0.572
0.536
0
0.556
0.436
0.436
0.283
0.458
0.675
0.615
0.488
0.436
0.429
0.524
0.272
0.424
NA
NA
NA
0.523
0.366
0.534
0.49
0.429
0.594
0.189
NA
0.551
0.421
0.477
0.22
NA
0.516
0.463
0.262
0.375
0.94
0.702
0.532
0.561
0.602
0.617
0.491
0.556
0.438
0.491
0.293
0.675
0.684
0.672
0.605
0.857
0.938
0.823
0.565
0.407
0.564
0.586
NA
0.056
0.817
0.239
0.511
0.545
0.407
0.656
0.617
0.485
0.415
0.578
0.572
0.491
0.491
0.314
0.432
0.267
0.328
0.407
NA
0.469
0.38
0.407
NA
NA
0.442
0.527
0.484
0.555
0.56
0.586
0.586
0.483
0.399
0.09
0.817
0
0.574
0.536
0.536
0.486
0.451
0.566
0.216
0.546
0.485
0.497
0.683
0.707
0.696
0.93
0.579
0.762
0.621
0.949
NA
0.538
0.459
NA
0.724
0.612
0.493
0.469
0.546
0.168
0.294
0.404
NA
0.366
0.172
0.075
0.26
0.732
0.395
0.784
0.23
0.565
0.55
0.24
NA
0.778
0.611
NA
0.62
0.949
0.373
0.498
0
0.482
0.54
NA
NA
0.25
0.27
0.66
0.544
0.94
NA
0.648
0.898
0.482
NA
0.426
0.495
0.527
0.365
0.383
0.297
0.297
0.802
0.992
0.018
0.018
0.018
0.018
0.016
0.882
NA
0.986
0.168
0.01
NA
0.412
0.015
0.817
0.504
0.598
0.814
0.594
0.402
NA
0.297
0.305
NA
NA
0.521
0.685
0.573
0.55
0.251
0.563
0.303
0.382
0.615
NA
NA
0.307
0.304
0.276
0.979
0.975
0.643
0.998
0.545
0.633
0.485
0.216
0
0.903
0.903
0.903
0.86
0.481
0.257
NA
0.241
0.655
0.429
0.956
0.446
0.334
NA
NA
NA
NA
NA
NA
NA
NA
0
0.02
0.303
0.929
0
0.02
0.567
0.954
0.199
0.701
0.523
0.413
0.874
0.394
0.672
0.596
0.73
NA
0.461
0.534
0.614
0.577
0.479
0.586
0.682
0.867
0.788
0.398
0.491
0.682
0.817
0.502
0.919
0.014
0.036
0.272
NA
0.817
0.615
0.817
0.235
0.165
0.338
0.817
0.615
NA
NA
0.817
NA
0.817
NA
NA
0.817
0.117
NA
NA
NA
NA
NA
0.19
0.514
0.356
0.377
0.454
0.714
0.912
0.028
0.811
0.841
0.925
0.555
0.767
0
0
0.903
0.611
0.66
0.414
0.453
0.657
0.719
0.695
0.629
0.611
0.467
0.166
0.301
0.769
0.19
0.489
0.635
0.5
0.171
0.392
0.613
0.807
0.887
0.603
NA
0.851
0.543
0.189
0.606
0.575
0.804
0.803
NA
NA
NA
NA
NA
NA
NA
NA
NA
NA
0.949
0.343
0.684
0.439
0.201
NA
0.102
NA
0.355
0.431
0.366
0.983
0.453
0.647
0.431
0.374
0.354
0.354
0.278
0.451
0.227
NA
NA
0
NA
0.768
0.598
0.674
0.537
0.698
0.793
0.971
0.53
0.698
0.767
0.451
0.43
0.689
0.634
0.529
0.874
0.945
0.402
0.689
0.286
0.704
0.245
0.027
0.264
0.951
0.329
0.278
0.247
0.333
NA
0.023
0.365
0.675
0.768
0.461
0.689
0.903
0.636
0.892
0.529
0.565
0.706
0.269
0.985
0
0
0.028
0.952
0.586
0.549
NA
0.334
0.949
0.483
NA
0
0.2
0.899
NA
0.778
0.999
0.617
0.719
0.527
0.936
0.741
0.552
0.294
0.618
0.337
0.191
0.515
0.929
0.903
0.903
NA
0.903
0.903
0.767
0.545
0.584
0.624
0.537
0.58
0.312
0.356
0.752
0.903
0.811
0.511
0.624
0.537
0.94
NA
NA
0.652
0.595
0.557
0.657
NA
0.903
0.723
0.628
0.584
0.323
0.624
0.66
0.204
0.903
0.903
0.767
0.47
0.755
0.94
0.511
0.297
0.548
0
0
0
0.558
0.733
0.026
0.502
0
0.235
0.235
0.235
0.957
0.235
0.957
0.696
0.879
NA
0
0
0.864
0.94
NA
0.793
0.956
0.129
NA
0.032
NA
0.021
0.977
0.641
0.511
0.65
0.861
0.382
0.821
0.577
0.908
0.643
0.332
0.855
NA
0.275
0.475
0.482
0.3
0.928
NA
0.021
0.069
0.983
0.194
0.156
0.223
0.212
0.048
NA
NA
0.873
0.025
0.44
0.356
0.323
0.371
0.229
0.951
0.744
0.209
0.317
0.23
0.15
0.485
0.314
0.202
0.032
0.216
0.217
0.356
0.321
0.373
0.176
0.929
0.032
0.606
1
NA
NA
0.978
0.011
0.977
0.953
0.905
0.124
0.107
0.124
0.165
0.127
0.124
0.863
0.573
0.667
0.489
NA
0.2
NA
0.999
0.489
0.076
0.94
0.94
0.94
0.94
0.94
0.527
0.94
0.94
0.94
0.94
NA
0.539
0.941
0.468
0.882
0.162
0.471
0.205
0.425
0.603
0.603
0.385
0.969
0.728
0.943
0.234
0.949
0.446
0.369
0.245
0.607
0.596
0.463
0.501
0.611
0.387
0.072
0.983
0.576
0.425
0.85
0.448
0.088
0.625
0.439
0.223
0.363
0.503
0.919
0.474
0.433
0.324
0.457
0.705
0.231
0.569
0.472
0.211
0.449
0.574
0.462
0.212
0.707
0.767
0.921
0.422
0.454
NA
NA
NA
NA
NA
NA
NA
NA
NA
NA
NA
0.985
0.223
0.283
0.542
0.873
0.348
0.312
0.482
0.6
0.612
0.463
0.425
0.683
0.686
0.969
0.329
0.177
0.683
0.555
0.098
0.246
0.528
0.768
NA
0.489
0.444
0.628
0.29
0.316
0.205
0.484
0.44
0.931
0.458
0.446
0.446
0.431
NA
NA
NA
NA
NA
NA
NA
NA
NA
NA
NA
0.36
0.254
0.173
0.26
0.293
0.301
0.279
0.84
0.397
NA
0.371
0.388
0.321
0.25
NA
NA
0.676
0.254
0.45
0.717
0.926
0.513
0
0.475
0.417
0.583
0.408
0.296
0.685
0.736
0.907
NA
0.531
0.135
0.099
NA
0
0.663
NA
0.919
0.817
0.44
0.224
0.478
0.33
0.878
0.523
0.495
0.463
NA
0.526
0.532
0.397
0.456
0.685
0.699
0.631
0.288
0.602
0.482
0.387
0.607
0.94
0.38
0.668
NA
0.786
0.777
NA
NA
NA
0.817
0.55
0.042
0.724
0.617
0.65
0.892
0.818
0.495
0.814
0.831
0.658
NA
0.551
0.488
0.629
0.64
0.515
0.199
0.878
0.85
0.758
0.562
0.577
0.633
0.456
0.513
0.435
0.524
NA
0.817
0.456
0.64
0.699
0.407
0.939
NA
0.939
0.608
0.61
0.965
0.489
0.491
0.496
0.277
0.882
0.561
0.573
0.363
0.831
0.245
0.962
NA
0.767
0
NA
NA
NA
NA
NA
0.44
NA
0.389
0.544
0.328
0.549
0.154
0.238
0.238
0.253
0.326
0.404
0.468
0.23
0.273
0.446
0.452
0.378
0.556
0.498
0.569
0.512
0.94
0.289
0.269
0.372
0.472
0.058
0.419
0.43
0.433
0.937
0.394
0.465
0.703
0.501
0.195
0.342
0.241
0.819
0.461
0.37
0.521
0.417
0.474
0.471
0.209
0.393
0.612
NA
0.93
0.438
0.954
0.441
0.561
0.07
0.233
0.447
0.391
0.964
NA
0.986
0.021
0.967
NA
NA
0.058
0.882
0.029
0.303
0.471
0.393
NA
0.297
0.578
0.619
0.933
0.403
0.639
0.264
0.636
0.296
0.009
0.986
0.196
0.422
0
0
0.349
0
0
0.67
0.522
0.099
0.342
0.409
0
0
0.767
0
0.56
0.542
0.171
0.509
0.539
0.267
NA
0.963
0.649
0.575
0.977
0.949
NA
NA
0.817
0.817
0.776
0.979
0.355
0.718
0.585
0.34
0.364
0.528
0.594
0.352
0.323
0.594
0.401
0.3
0.321
NA
0.551
0.92
0
0.419
0.429
0.376
0.368
0.429
0.745
0.174
NA
NA
0.763
NA
NA
NA
NA
NA
0.437
0.903
0.318
0.929
0.592
0.486
0.491
0.416
0.329
0.379
0.322
0.341
0.974
0.364
0.131
0.17
0.289
0.574
0.525
NA
0.497
0.401
0.577
0.947
0.645
0.438
NA
0.113
0.989
0.331
NA
0.657
0.373
0.388
0.467
0.641
0.785
0.13
0.242
NA
0.423
0.927
0.977
0.639
0.877
0.921
0.266
0.364
0.201
0.007
0.267
0.642
0.398
0.429
0.652
0.595
0.397
0.864
0.483
NA
0.564
0.239
0.565
0.297
0.394
0.208
NA
0.839
0.239
0.654
0.949
0.294
0.526
0.396
0.701
0.113
NA
NA
NA
NA
NA
NA
0.539
0.331
0.875
0.486
0.391
0.169
NA
NA
NA
NA
NA
NA
NA
NA
NA
NA
0.708
NA
0.528
0.569
0.556
0.274
0.838
0.753
0.685
NA
0.607
0.701
0.964
0.161
0.596
0.112
0.494
0.532
0.508
0.564
0.555
0.684
0.203
0.499
NA
0.478
0.625
0.51
0.723
NA
0.661
0
NA
0.817
0.724
NA
NA
0.817
NA
NA
0.359
NA
0.615
0.235
NA
0.817
0.817
NA
0.817
0.463
0.401
0.413
0.543
NA
0.387
0.293
0.811
0.32
NA
0.328
NA
0.524
0.286
NA
NA
0.674
0.288
NA
0.233
0.441
0.184
0.865
0.577
NA
0.03
0.929
0.466
NA
0.93
0.393
0.294
0.207
0.362
0.371
0.307
0.604
0.36
0.971
0.212
0.163
0.99
0.359
NA
0.972
0.407
0.999
0.328
0.362
0.282
0.282
0.581
0.482
0.425
0.623
0.471
0.473
0.466
0.932
0.547
0.46
0.632
0.676
0.259
0.602
0.483
0.441
0.78
0.625
0.714
0.408
0.949
0.479
NA
0.148
0.619
0.405
0.654
0.63
0.563
0.353
0.702
0.776
0.925
0.554
0.973
0.358
0.604
0.539
0.667
0.755
0.163
0.685
0.097
0.666
0.689
0.451
NA
0.014
0.39
0.41
0.689
0.67
NA
NA
NA
0.263
0.197
0.476
0.565
0.414
0.588
NA
NA
NA
NA
NA
0.929
0.525
0.532
0.679
0.459
NA
0.618
0.235
0.235
NA
NA
NA
NA
NA
0.574
0.554
0.679
0.685
0.685
0.685
0.597
0.806
1
NA
NA
0.444
0.405
0.691
0.403
0.407
0.595
0.582
0.709
0.43
NA
NA
0.94
0
0.917
0.397
0.724
0.519
0.884
0.767
0.949
0.949
0.826
0.686
0.915
0.615
0.615
0.172
0.276
0.436
0.395
0.602
0.721
NA
0.421
0.333
0.44
0.264
0.8
0.927
0.189
0.484
0.343
NA
0.941
0.353
0.516
0.953
NA
0.512
0.209
0.235
NA
0.344
0.176
0.173
0.54
0.58
0.438
0.942
0.347
0.491
0.779
0.372
0.511
0.841
0.711
0.461
0.258
0.41
0.217
0.331
0.387
0.036
0.213
1
0.607
0.724
0.269
NA
0.585
0.519
0.679
0.512
0.54
0.524
0.491
0.546
0.484
0.308
0.491
0.238
0.614
0.682
0.563
0.773
0.679
0.449
0.643
0.382
NA
0.877
0.11
0.383
0.55
0.397
0.368
0.56
0.225
0.361
0.363
0.11
0.689
0.943
0.839
0.923
0.325
0.817
0.712
0.565
0.945
0.7
0.224
0.727
0.6
0.861
0.641
0.727
0.727
0.977
1
0.041
0.64
0.467
0.25
0.65
0.75
0.507
0.601
0.566
0.409
0.883
0.463
0.675
0.593
0.554
0.34
0.476
0.498
0.649
0.649
0.62
0.653
0.532
0.503
0.533
0.531
0.435
NA
0.458
0.622
0.297
0.59
0.542
0.515
0.43
0.486
0.452
0.833
0.816
0.572
0.882
0.881
0.582
0.661
0.481
0.543
0.62
0.33
0.556
0.245
0.503
0.954
0.32
0.236
0.241
0.538
0.512
NA
0.957
0.659
0.479
NA
0.857
0.175
0.114
0.333
NA
NA
0.998
0.957
NA
NA
0.957
0.724
0.328
0.389
0.637
0.51
0.567
0.872
0.582
0.612
0.335
0.466
0.411
0.823
0.71
0.622
0.426
NA
NA
NA
NA
NA
NA
0.602
0.403
0.449
0.406
0.949
0.336
0.326
0.559
0.47
0.519
NA
0.382
0.37
NA
0.593
0.413
0.866
NA
0.038
NA
0.96
0.471
0.94
0.94
0.94
0.642
0.94
0.94
NA
0.303
0.615
0.94
0.94
0.94
0.94
0.358
0.557
0.817
0.949
0.949
0.949
0.848
0.998
0.662
0.618
0.963
0.56
0.627
0.538
0.583
0.488
0.476
0.552
0.423
0.903
0.551
0.377
NA
NA
NA
0.562
0.963
0.367
0.216
0.748
0.75
0.728
0.829
0.507
0.018
0.627
0.032
0.736
0.427
0.028
0.85
NA
NA
NA
NA
NA
NA
NA
NA
0.398
0.516
0.282
0.693
0.536
0.24
0.038
0.772
0.056
0.32
NA
NA
0.685
0.685
0
0.685
0.637
0.701
0.955
0.197
0.17
0.235
0.957
0.701
NA
0.957
0.957
NA
0.957
0.949
0.25
0.027
0.027
0.949
0.949
0.34
0.382
0.949
0.949
0.949
0.949
0.903
0.956
0.632
0.966
0.979
0.549
0.42
NA
NA
0.186
0.358
0.974
0.957
NA
NA
0.903
0.903
0.903
0
0
0.197
NA
0.545
0.275
0.817
0.935
NA
NA
NA
NA
0.583
0.926
0.565
NA
0.456
0.323
0.222
0.565
0.078
0.087
0.526
NA
0.682
NA
0.202
0
0.641
0.087
NA
0.235
0.299
0.595
0.56
0.781
0.87
0.619
0.453
0.745
0.307
0.94
0.393
NA
NA
0.111
0.618
0.62
NA
0.576
0.6
0.597
0.428
0.977
0.956
0.009
0.013
0.355
0.419
0.319
0.419
0.974
0.445
NA
NA
NA
NA
NA
0
NA
0.957
0.466
0.522
0.331
0.751
NA
0.311
0.646
0.383
0.396
0.211
0.166
0.367
0.36
0.376
0.448
0.281
0.366
0.286
0.398
0.218
0.424
0.322
0.264
0.184
0.965
0.335
0.51
NA
0.209
0.893
0.361
0.291
0.341
0.615
0.882
0.356
0.882
0.356
0.524
0.882
0
0.49
0.965
0.111
0.4
0.892
0.15
0.187
0.042
0
0.269
0.175
0.324
0.417
NA
NA
NA
NA
NA
NA
NA
NA
0.208
0.28
NA
0.183
0
NA
0.485
0.192
0.376
0.252
NA
0.024
0.435
NA
0.145
0.219
0.015
NA
0.41
0.014
0.192
0.372
NA
0.01
0
0
NA
0.951
0.593
0.629
0
NA
0.28
0.023
NA
0.536
0
0.55
0.436
0.023
0.197
0.127
0.398
NA
0.34
0.977
0.378
0.967
0.688
0.528
0.507
0.522
0.502
0.428
0.486
0.572
0.389
0.701
0.456
0.85
0.809
0.81
0.436
0.456
0.263
0.62
0.454
0.593
0.539
0.801
0.527
0.956
0.177
0.676
0.54
0.465
0.47
NA
0.469
0.269
0.176
0.45
NA
0.256
0.351
0.331
NA
0.572
0.654
0.592
0.652
0.654
0.853
0.563
0.593
0.594
0.497
0.465
0.505
0.167
0.474
0.666
0.803
0.377
0.94
0.94
0.566
0.656
0.446
0.723
0.63
0.473
0.882
0.462
0.35
0.253
0.127
0.922
0.184
0.987
0.799
0.98
NA
NA
NA
NA
0.935
NA
NA
NA
NA
0.578
0.604
0.757
0.66
0.934
0.75
0.435
0.18
0.239
0.058
0.277
0.319
0.329
0.4
0.27
0.56
0.399
0.869
0.573
0.441
0.487
0.815
0.864
0.436
0.424
0.449
0.877
0.538
0.447
0.937
0.766
0.553
0.966
0.964
0.552
0.516
0.651
0.911
0.626
0.404
0.332
0.237
0.402
0.456
0.461
0.269
0.358
0.916
0.404
0.607
0.949
0.382
0.949
0.949
0.549
0.569
NA
NA
0.817
0.817
0.817
0.817
0.817
0.817
NA
0.817
0.817
0.817
0.817
0.817
NA
0.615
0.879
0.604
0.657
0.407
0.459
0.64
0.64
0.559
0.666
0.38
0.635
0.879
0.483
0.61
0.621
0.879
0.522
0.51
0.64
0.539
0.028
0.53
0.769
NA
0.581
0.591
0.538
0.532
0.504
0.568
0.454
0.475
0.68
0.864
0.426
0.992
0.358
0.385
0.596
0.732
0.373
0.947
0.406
0.385
0.996
0.404
0.549
0.549
0.385
0.933
0.549
0.996
0.549
0.385
0.816
0.53
0.572
0.456
0.429
0.385
0.751
0.362
0.903
0.33
0.33
0.17
0.013
NA
0.564
0.563
0.306
0.609
0.281
0.17
0.29
0.366
0.585
0.478
0.427
0.348
0.255
NA
0.364
0.518
0.428
0.562
0.297
NA
0.443
0.57
0.377
0.441
0.44
0.499
0.314
0.381
0.525
0.544
0.297
0.281
0.564
0.564
0.399
0.521
0.44
0.419
0.284
0.54
0.335
0.442
0.542
0.508
0.499
0.533
0.437
0.56
0.581
0.569
0.56
0.528
NA
0.455
0.249
0.475
NA
0.517
0.504
0.941
0.527
0.386
0.276
0.219
0.338
0.685
0.419
0.481
0.177
0.616
0.542
0.351
0.553
0.558
0.592
0.482
0.015
0.949
0.475
0.476
0.453
0.64
0.922
0.615
0.507
0.697
0.915
0.597
0.589
0.628
0.5
0.924
0.283
NA
0.631
0.817
0.817
0.896
0.727
0.866
0.946
0.373
0.651
0.527
0.529
0.53
0.611
0.547
0.488
0.596
0
0
0
0
0
0.031
0.644
0.323
0.308
0.486
0.357
0.151
0.947
0.947
0.526
0.571
NA
0.683
0.382
0.2
0.726
0.612
0.582
0.412
0.638
0.386
0.54
0.42
0.253
0.432
0.94
0.661
0.545
0.461
0.688
0.589
0.671
0.855
0.94
0.686
0.758
0.38
0.94
0.94
0.583
0.193
0.021
0.484
0.437
0.012
0.02
0.02
0.509
0.507
0.288
0.43
0.421
0.409
0.338
0.429
0.945
0.068
0.185
0.658
0.629
0.019
0.042
0.028
0.488
0.493
0.796
0.848
0.074
0.284
0.708
0.299
0.985
0.817
0
NA
0.848
0.616
0.73
0.563
0.53
0.671
NA
0.398
0.976
0.508
0.841
0.498
0.51
0.847
0.508
0.611
0.238
0.211
0.277
0.025
0.282
0.977
0.635
0.566
0.662
0.482
0.414
NA
0.407
0.607
0.611
0.362
NA
0.355
0.808
0.864
0.949
0.945
0.371
0.457
0.334
0.15
0.498
0.454
0.242
0.44
0.359
0.382
0.532
0.542
0.258
0.222
0.461
0.401
0.399
0.347
0.416
0.354
0.685
0.399
0.351
0.382
0.817
0.095
0.392
0.35
0.385
0.25
0.314
0.471
0.355
0.168
0.493
0.466
0.275
0.731
0.517
0.165
0.55
0.239
0.239
0.239
0.178
0.566
0.55
0.998
0.923
0.993
0.515
0.151
0.143
0.401
0.983
0.214
0
0
0
0.067
0.047
NA
0.548
0.885
0.407
0.485
0.586
0.373
0.352
0.325
0.557
0.697
0.511
0.701
0.502
0.647
0.697
0.555
0.521
0.98
0.609
0.601
0.871
0.71
0.704
0.776
0.696
0.715
0.594
0.583
0.53
0.821
0.796
0.985
0.561
0.596
0.593
0.46
0.503
0.522
0.614
0.643
0.759
0.724
0.726
0.929
0.685
0.639
0.65
0.776
0.814
0.675
0.853
0.66
0.771
0.752
0.608
0.936
0.788
0.687
0.678
0.817
0.742
0.581
0.878
0.558
0.018
NA
0.3
NA
0.994
0.994
0.476
0.64
0.592
0.566
0.603
0.594
0.489
0.841
0.49
0.667
1
0.615
0.411
0.523
0.801
0.985
0.634
0.661
0.817
0.488
0.453
0.929
NA
0.999
0.543
NA
NA
0.641
0.267
0.522
0.615
0.81
0.906
0.817
0.355
0.447
0.59
0.838
0.765
0.613
0.736
0.441
NA
0.906
0.492
0.46
0.72
0.819
0.817
0.817
0.49
0.657
0.879
0.817
0.066
0.509
0.817
0.382
0.259
0.676
0.542
0.369
0.949
0.549
0.57
0.58
0.547
0.502
0.562
0.439
0.854
0.331
0.271
0.287
0.439
0.663
NA
0.601
0.57
0.423
0.136
0.062
0.998
0.016
0.382
0.597
0.671
0.555
0.509
0.866
0.615
0.94
0.588
0.523
0.949
0.225
0.732
0.569
0.967
0.597
0.359
0.868
0.7
0.35
0.447
0.635
0.321
0.415
0.984
0.359
0.514
0.499
0.603
0.926
0.157
0.429
0.508
0.349
0.355
0.43
0.993
0.382
0.949
0.263
0.458
0.263
0.277
0.458
0.599
0.344
0.439
0.615
0.817
0.817
0.817
0.814
NA
0.957
0.93
0.647
0.627
0.903
0.6
0.642
0.822
0.928
0.293
0.659
0.16
0.94
0.592
0.505
0.492
0.477
0.236
0.97
0.332
0.465
0.564
0.589
0.175
0.39
0.511
0.436
0.671
0.931
0.708
0.059
0.183
0.087
0.118
0.287
0.117
0.079
0.036
0.452
0.35
0.463
0.424
0.597
0.976
0.01
0.04
0.578
0.709
0.244
0.317
0.685
0.709
0.698
0.665
0.644
0.573
0.728
0.186
0.06
0.437
0.214
0.216
0.264
0.185
0.188
0.404
0.101
0.196
0.174
0.805
0.335
0.118
0.225
0.182
0.038
0.456
0.251
0.141
0.284
0.33
0.597
0.961
0.097
0.56
0.374
0.339
0.563
0.313
0.505
0.607
0.25
0.767
0.519
0.422
0.648
0.597
0.471
0.561
0.437
0.15
0.664
0.372
0.967
0.245
0.013
0.618
0.667
0.684
0.665
0.72
0.551
0.202
0.695
0.663
0.736
0.639
0.353
0.549
0.903
0.34
0.757
0.706
0.502
0.655
0.648
0.624
0.951
0.546
0.947
NA
0.427
0.687
0.595
0.723
0.569
0.612
0.681
0.596
0.629
0.723
0.376
0.576
0.902
0.373
0.491
0.704
0.613
0.578
0.614
0.536
0.613
0.456
0.75
0.94
0.905
0.484
0.07
0.534
0.799
0.274
0.817
0.652
0.647
0.652
0.203
0.504
0.194
0.461
0.435
NA
0.35
0.334
0.412
0.384
0.45
0.985
0.398
0.579
0.903
0.728
0.728
0.228
0.159
0.85
0.85
0.803
0
0.711
0.518
0.377
0.553
0.636
0.731
0.176
0.935
0.602
NA
0.08
0.247
0.949
NA
0.949
0.382
NA
NA
NA
NA
NA
NA
NA
NA
NA
NA
NA
NA
NA
NA
NA
NA
NA
NA
NA
NA
NA
NA
NA
NA
NA
NA
NA
NA
0.879
0.238
0.882
0.243
0.324
0.701
0.265
0.324
0.426
0.632
0.917
0.776
0.618
0.734
0.747
0.753
0.42
0.542
0.335
0.335
0.263
0.551
0.769
0.566
0.398
0.939
0.482
0.633
0.43
0.983
0.8
0.024
0.913
0.892
NA
0.968
0.949
0.771
0.099
0.949
NA
0.22
0.645
0.746
0.982
0.8
0.512
0
0.836
0.994
0.994
0.994
0.642
0.898
0.562
0.492
0.594
0.469
0.549
0.139
0.558
0.608
0.019
0.581
0.577
0.636
0.522
0.784
0.727
0.559
0.554
0.094
0.391
0.736
0.717
0.727
0.554
0.554
0.219
0.423
0.647
0.725
0.023
0.564
0.373
0.761
0.51
0.679
0.616
0.384
NA
0.278
0.5
0.523
0.124
0.429
0.363
0.559
0.94
0.665
0.691
0.945
0.5
0.5
0.604
0.337
0.563
0.188
0.55
0.022
0.599
0.593
0.606
0.591
0.62
0.449
0.535
0.447
0.259
0.397
0.238
0.418
0.42
0.297
NA
0.949
NA
0.925
0.425
0.268
0.419
NA
0.362
0.183
NA
NA
0.631
0.975
0.3
0.906
NA
0.884
0.354
0.842
NA
0.972
0.415
0.389
NA
NA
0.94
0.94
NA
NA
0
0.685
0.163
0
0.042
0.376
0.231
NA
0.163
NA
0.353
0.225
0.685
NA
0.394
0.163
0.257
0.112
0.684
0.372
NA
0.375
NA
NA
NA
0.202
0.443
0.947
0.573
0.225
0.196
NA
0.949
NA
0.366
0.587
0.468
0.474
0.24
0.209
0.087
0.345
0.373
NA
NA
0.223
0.233
0.506
NA
0.472
NA
0.363
0.394
NA
0.256
0.983
0.792
0.348
0.949
0.287
0
0.445
NA
NA
0.925
0.256
0.243
0.099
0.381
NA
0.444
0.457
0.457
NA
0.278
0.538
0.3
0.514
0.418
0.501
0.414
0.394
0.361
0.56
0.514
0.931
0.561
0.508
NA
0.386
0.352
0.427
NA
0
0.294
0
0.929
0.178
0.452
0.476
0.452
0.021
0.994
0.338
0.163
NA
0.552
0.525
0.057
0.418
0.541
NA
0.146
0.308
0.078
0.032
0.029
0.637
0.357
0.036
0.307
0.593
0.551
0.749
0.34
0.218
0.026
0.453
0.278
0.027
0.283
0.585
0.28
0.241
0.744
0.929
0.282
0.305
0.474
0.673
0.372
0.953
0.322
0.929
0.48
0.686
0.433
0.388
0.564
0.555
NA
0.47
0.308
0.582
0.567
0.501
NA
0.496
0.508
0.369
0.489
0.597
0.472
0.393
0.552
0.235
0.356
0.442
0.21
0.903
0
0.524
0.062
0.44
0.356
0.323
0.371
0.649
0.44
0.372
0.229
0.203
0.231
0.398
0.317
0.951
0.15
0.677
NA
0.497
NA
NA
0.145
0.255
0.39
0.32
0.418
0.692
0.449
0.688
0.482
0.824
NA
0.93
0
0.296
0.444
0.855
0.815
0.718
0.494
0.649
0.685
0.685
0.685
0.685
0.685
0.685
0.111
0
0.087
0.946
0.067
0.047
NA
0.121
NA
0.277
0.313
0.288
0.304
0.963
NA
0
0.576
0.93
0.817
0.817
0.817
0
0.024
0.977
0.028
0.027
0.382
0.834
0.611
0.545
0.474
0.749
0.905
0.412
0.543
0.93
0.623
0.949
0.434
0.555
0.432
0.94
0.461
0.417
0.344
0.568
0.94
0.159
0.431
NA
0.371
0.346
0.449
0.333
NA
0.414
0.762
0.403
0.436
0.588
NA
NA
0.951
0.383
NA
NA
NA
0.536
NA
0.249
0.514
0.821
0.301
0.563
NA
0.609
0.536
0.264
0.521
NA
0.667
0.69
0.718
0.636
0.579
0.597
0.489
0.488
NA
0.685
0.484
0.611
0.173
0.543
0.124
0.143
0.523
0.668
0.52
0.545
0.679
0.817
0.817
0.705
0.918
NA
0.542
0.609
0.526
0.346
NA
NA
0.379
0.402
0.73
NA
0.342
0.659
0.061
0.428
0.46
0.751
NA
0.172
NA
NA
NA
NA
NA
NA
NA
NA
NA
NA
NA
NA
NA
NA
NA
NA
NA
NA
NA
NA
NA
NA
NA
NA
NA
NA
0.644
0.526
0.526
0.325
0.263
0.817
0.957
0.535
NA
0.248
0.353
0.376
0.682
0.819
NA
0.858
0.421
0.379
0.335
0.898
0.481
0.656
0.471
0.237
0.483
0.714
0.68
0.91
0.689
0.482
0.187
0.949
0.949
0.949
0.382
0.374
0.558
0.918
NA
NA
NA
NA
NA
NA
NA
NA
0.007
0.196
0.951
NA
0.177
0.575
0.564
0.539
0.481
NA
NA
NA
NA
NA
0
0
NA
NA
NA
0.77
0.65
NA
NA
0.497
0.974
0.509
NA
0.298
0.291
0.242
0.388
0.266
0.429
0.604
0.018
0.966
0.292
0.417
0.796
0.234
0.656
0.489
0.458
0.469
0.394
0.879
0.608
0.529
0.389
0.466
0.23
0.247
0.395
0.034
0.337
0.306
NA
NA
NA
NA
NA
NA
NA
NA
NA
NA
0.544
0.538
0.893
0.499
0.39
0.909
0.39
0.559
0.552
0.626
0.464
0.651
0.628
0.538
0.474
0.554
0.895
0.348
0.577
0.587
0.489
0.515
0.549
0.479
0.685
0.384
0.579
0.654
0.51
0.514
0.509
0.603
0.884
0.531
0.595
0.472
0.715
0.755
0.666
0.96
0.425
0.386
0.681
0.38
0.566
0.372
0.278
0.52
0.681
0.471
0.92
0.701
0.36
0.194
0.822
0.354
0.413
0.08
0.275
0.209
0.077
0.261
0.562
0.568
0.555
0.166
0.39
NA
0.346
0.394
0.817
0.215
0.402
0.444
0.288
0.563
NA
0.949
NA
0.634
0.638
0.155
NA
0.817
0.497
0.077
0.505
0.949
0.462
0.392
0.923
0.647
0.591
0.479
0.527
0.949
0.324
0.533
0.245
0.612
0.949
0.486
0.531
0.409
0.529
0.274
0.93
0.697
0.479
0.591
0.576
0.422
0.69
0.402
0.433
0.426
0.582
0.793
0.522
0.483
0.575
NA
0.449
0.626
0.133
0.136
0.598
0.602
0
0.817
0.211
0.615
0.661
0.245
0.376
0.523
0.465
0.949
0.36
0.51
0.511
0.619
NA
0.882
0.882
0.581
0.462
0.113
0.019
0.466
0.02
0.633
0.715
0.665
0.611
0.282
0.616
0.211
0.163
0.503
0.445
0.449
0.598
0.965
0.448
0.598
0.463
0.389
0.138
0.651
0.609
0.71
0.419
0.858
0.036
0.036
0.882
NA
NA
NA
NA
NA
NA
0.949
0.639
0.858
0.406
0.393
0.425
0.407
0.524
0.475
NA
NA
NA
NA
NA
NA
0.331
0.382
0.441
0.451
0.042
0.305
NA
0.506
0.015
NA
NA
NA
0.388
0.723
0.259
0.329
0.104
0.454
0.395
0.027
0.027
0.882
0.631
0.653
0.435
0.552
0.37
0.343
NA
0.531
0.665
0.944
0.576
0.7
0.478
0.751
0.569
0.957
0.388
0.949
0.817
0.817
NA
0.495
0.598
0.382
0.285
0.347
0.366
0.398
0.92
NA
0.561
0.817
0.25
0.453
NA
NA
0.921
0.884
0.169
0.235
0.314
0.99
0.99
0.523
0.949
NA
NA
NA
NA
0.817
0.817
0.687
0.719
0.263
0.611
0.074
0.568
NA
NA
NA
NA
0.712
NA
0.724
0.17
0.346
0.382
0.296
0.261
0.572
NA
NA
NA
0.855
0.025
0.547
0.553
0.441
0.73
0.73
0.493
0.135
0.701
NA
NA
0.949
0.382
0.953
0.434
0.698
0.94
NA
NA
NA
0.94
0.726
0.492
0.479
0.503
0.727
0.658
0.314
0.43
0.32
1
0.574
NA
0.579
NA
NA
NA
NA
0.285
0.285
0.177
0.105
0.285
0.177
0.461
0.565
0.312
0.963
0.099
NA
NA
0.292
0.655
NA
NA
NA
0.246
NA
0.448
0.616
0.863
NA
0.72
0.675
NA
NA
0.685
NA
NA
0.538
0.949
0.949
0.949
0.525
0.88
0.476
0.431
0.566
0.738
0.619
0.704
0.494
0.542
0.161
NA
NA
0.813
0.695
NA
0.368
0.546
0.66
0.68
0.673
0.957
0.839
0.528
NA
NA
0.349
0.223
0
0.494
0.4
0.175
0.994
0.994
0.73
0.32
0.168
0.743
NA
0
NA
0.903
0.903
0.271
0
0.248
0.313
0.794
0.561
0.59
0.675
NA
0.385
NA
0.442
0.406
0.348
0.438
0.373
0.103
0.43
NA
NA
0.556
0.296
0.335
0.287
0.269
0.654
NA
0.593
0.5
0.903
NA
NA
0.326
0.404
0.395
NA
NA
NA
NA
NA
0.99
0.41
0.29
0.634
0.349
0.904
0.567
0.601
0.562
0.639
0.501
0.441
0.479
0.494
0.401
0.3
0.604
0.949
0.498
0.401
0.365
0.924
0.328
0.41
0.181
0.445
0.354
0.949
0.942
0.393
0.417
0.372
0.261
0.55
0.48
0.371
0.566
0.453
0.4
NA
0.464
0.59
0.61
0.369
0.896
0.309
NA
NA
NA
0.94
0.94
0.94
0.94
0.94
NA
0.507
0.612
0.352
0.985
0.573
0.279
0.703
0.378
0
0.545
0.559
0.704
0.606
0.537
0.721
0.604
0.702
0.63
0.556
0.562
0.652
0.498
0.483
0.652
0.701
0.373
0.519
NA
0.488
0.85
0.434
0.646
NA
0.55
0.998
0.923
0.578
0.595
0.256
0.295
0.298
0.445
0.516
0.577
0.476
0.521
0.461
0.569
0.594
0.737
0.262
0.485
0.67
0.367
0.608
0.454
0.571
0.608
0.694
0.437
0.437
0.644
0.744
0.562
0.476
0.163
0.552
0.942
0.633
0.422
0
0.653
0.272
0.248
0.4
NA
NA
NA
NA
NA
NA
0.469
0.469
0.171
0.393
0.436
0.607
0.672
0.558
0.575
0.274
0.427
0.431
0.537
0.389
0.252
NA
0.939
0.432
0.426
0.892
0.557
0.508
0.43
0.43
0.318
0.22
0.282
0.218
0.439
0.374
0.163
0.399
0.074
0.08
0.456
0.448
0.303
0.099
0.53
NA
0.142
0
0.201
0.272
0.408
NA
0.222
0.15
NA
NA
NA
NA
0.183
0.227
0.238
0.27
0.27
0.243
0.027
0
NA
0.244
NA
NA
NA
0.339
0.099
0.098
NA
NA
NA
NA
NA
NA
NA
NA
NA
NA
0.579
0.882
0.042
0.1
NA
NA
NA
NA
NA
NA
NA
NA
NA
NA
NA
NA
NA
NA
NA
NA
NA
NA
NA
NA
NA
NA
NA
NA
NA
NA
NA
NA
NA
NA
NA
NA
NA
NA
0.554
NA
0.949
NA
NA
0.117
0.095
0.027
NA
0.358
0
0.226
0.031
0.419
0.106
NA
NA
NA
NA
0
NA
0.949
NA
NA
NA
NA
0.526
NA
NA
NA
NA
NA
NA
NA
NA
NA
NA
NA
NA
0
NA
NA
NA
NA
NA
NA
NA
NA
NA
NA
NA
NA
NA
NA
NA
NA
NA
NA
NA
NA
NA
NA
NA
NA
NA
NA
NA
NA
NA
NA
NA
NA
NA
NA
NA
NA
NA
NA
NA
NA
0.159
0.045
0.261
NA
NA
NA
NA
NA
NA
NA
0.558
NA
0.191
0.042
0.882
0.036
NA
NA
NA
NA
NA
NA
NA
NA
NA
NA
NA
NA
NA
NA
NA
NA
NA
0.183
0.351
NA
NA
NA
NA
NA
0
NA
NA
NA
NA
0.249
NA
NA
NA
NA
NA
0.03
0.03
NA
NA
NA
0.205
0.402
NA
NA
NA
0.191
0.479
0.439
0.331
0.233
0.587
0.464
0.1
NA
NA
NA
NA
NA
0.24
0.3
NA
0.421
NA
NA
0.103
0.236
NA
NA
0
NA
NA
0.376
NA
NA
NA
NA
0.036
0.036
NA
NA
NA
NA
NA
NA
NA
NA
NA
0.328
0.027
NA
NA
NA
NA
NA
0.55
NA
NA
0.524
NA
NA
NA
NA
NA
NA
NA
NA
0.616
0.058
NA
0.191
NA
NA
0.597
0.33
NA
0.72
NA
NA
NA
NA
0.481
NA
NA
NA
NA
NA
NA
NA
NA
NA
NA
NA
NA
NA
NA
NA
NA
NA
NA
NA
NA
NA
NA
NA
NA
NA
NA
NA
NA
NA
NA
NA
NA
NA
NA
NA
NA
0.464
NA
NA
0.223
NA
0.719
NA
0.178
0.378
NA
NA
NA
NA
NA
NA
NA
NA
NA
NA
NA
NA
NA
0.452
0.02
NA
0.291
NA
NA
NA
NA
NA
NA
NA
NA
NA
0.252
0.125
NA
NA
0.377
0.404
NA
0.434
0.638
NA
0.113
0.382
NA
0.253
0.652
NA
NA
NA
NA
NA
NA
NA
NA
NA
NA
NA
NA
NA
0.184
0.135
0.456
0.481
0.17
0.882
0.145
0.19
NA
NA
NA
NA
NA
0.444
NA
NA
0.658
0.949
0.027
NA
NA
NA
0
0.479
NA
NA
NA
NA
NA
NA
NA
0.191
0.033
0.561
0.313
0.614
NA
NA
0.024
0.568
NA
NA
0.285
0.187
0.119
NA
0.324
0.305
NA
NA
NA
NA
0
NA
0.033
NA
NA
0.427
0.353
0.516
NA
NA
NA
NA
NA
NA
NA
NA
NA
0.027
NA
NA
NA
NA
NA
NA
NA
NA
NA
0.408
0.94
NA
0.267
NA
NA
NA
NA
0.532
0.029
NA
NA
NA
NA
NA
NA
NA
NA
NA
NA
NA
NA
0.065
0.263
NA
NA
NA
NA
NA
NA
NA
NA
NA
NA
NA
NA
0.111
NA
0.11
NA
NA
NA
NA
0.219
NA
NA
0.579
NA
NA
NA
0.41
NA
NA
0.539
NA
NA
NA
NA
NA
NA
0.322
NA
NA
NA
NA
0.24
NA
NA
0
0.957
0.398
NA
NA
0.319
0.368
NA
NA
NA
NA
0.384
NA
NA
NA
0.23
NA
0
NA
NA
NA
0.133
0.153
NA
0.234
NA
0.251
0.09
NA
0
0
NA
NA
0.652
0.121
0.949
0.262
NA
NA
NA
0.346
0.403
NA
NA
0.466
0.264
NA
NA
0.483
NA
0.246
NA
0.099
NA
0.028
NA
0.028
NA
NA
NA
0.977
NA
NA
0.068
NA
0.204
0.383
NA
NA
NA
NA
NA
NA
NA
NA
0.363
0.292
NA
NA
NA
NA
0.382
0
0.17
NA
NA
0.086
NA
0.57
NA
0.346
NA
0.174
NA
NA
NA
0.362
0.476
NA
NA
NA
0.153
0.544
NA
0.239
NA
0.264
NA
NA
NA
NA
NA
NA
0.427
NA
NA
NA
0.294
0.033
NA
NA
0.267
NA
NA
0.248
0.21
0.282
NA
NA
NA
NA
NA
NA
NA
0.415
0.473
NA
NA
NA
NA
NA
NA
NA
0.263
NA
0.332
NA
NA
0.307
0.436
NA
0.042
NA
NA
0.238
NA
0.315
0.231
0.28
NA
NA
NA
0.615
NA
0.102
NA
0.382
0.512
0.658
0.338
0.385
0.461
NA
0.224
0.229
0.496
NA
NA
NA
NA
NA
NA
NA
NA
0.319
NA
0.701
0
0.253
0.541
NA
0
NA
NA
NA
0.376
0.019
0.034
0.652
0.515
NA
NA
NA
NA
NA
NA
NA
NA
NA
0.38
0.069
NA
0.33
NA
0.445
NA
0
0
0
NA
NA
NA
NA
NA
NA
NA
NA
NA
NA
NA
NA
0.588
NA
NA
NA
NA
NA
NA
0.16
0.423
NA
NA
NA
0.582
NA
NA
0.483
0.542
0.292
NA
NA
NA
0.404
0.168
0.288
NA
NA
NA
NA
0.338
NA
NA
NA
NA
NA
NA
NA
NA
NA
NA
NA
NA
NA
NA
NA
0.816
NA
NA
NA
NA
NA
NA
NA
NA
NA
NA
NA
NA
NA
0.218
NA
NA
NA
NA
NA
NA
NA
NA
NA
NA
NA
NA
NA
NA
0.217
0.398
0.288
0.22
0.014
NA
NA
NA
NA
NA
0.632
NA
NA
NA
0.658
NA
0.054
NA
NA
NA
0.173
NA
0.903
0.767
0
0.233
NA
NA
NA
NA
0.66
NA
NA
NA
NA
0.444
NA
0
NA
0
0.451
NA
NA
NA
NA
NA
0.294
0.614
NA
NA
NA
NA
NA
NA
NA
NA
NA
NA
NA
NA
NA
0.277
0.301
NA
NA
NA
NA
NA
NA
NA
0.429
NA
NA
NA
NA
NA
0.142
0.487
NA
NA
NA
NA
NA
0.197
NA
0.334
NA
NA
NA
NA
NA
NA
NA
NA
NA
0.497
NA
NA
0.035
0.15
0.136
NA
0.642
NA
0.263
0.565
0.484
0.157
NA
0.957
0.435
NA
0.362
NA
0.044
0.224
NA
NA
NA
NA
NA
0.117
0.153
NA
NA
NA
NA
NA
NA
NA
NA
NA
NA
0.014
0.685
NA
0.394
0.315
NA
NA
NA
NA
NA
NA
NA
NA
0
0.013
0.441
NA
NA
NA
0.249
NA
0.123
NA
NA
NA
0.305
NA
0.093
0.282
NA
NA
NA
NA
NA
NA
NA
NA
0.153
0.277
NA
0.903
NA
0
NA
NA
NA
NA
NA
NA
NA
NA
NA
NA
NA
0.262
NA
NA
NA
NA
NA
NA
NA
NA
NA
NA
NA
NA
NA
NA
0.027
NA
NA
NA
NA
NA
NA
0.37
NA
0.006
NA
0.469
0.752
NA
NA
NA
NA
NA
NA
NA
NA
NA
NA
NA
NA
NA
NA
NA
NA
NA
NA
0.261
0.601
NA
NA
NA
NA
0.302
0.455
0.499
NA
0.15
0.949
0.027
NA
0.356
NA
NA
NA
NA
0.169
NA
NA
NA
0.293
NA
NA
NA
NA
NA
NA
NA
NA
NA
NA
0.453
0.396
NA
NA
0
NA
NA
NA
0.367
NA
NA
NA
NA
NA
NA
NA
NA
0.449
NA
NA
NA
NA
NA
NA
0.226
0.042
NA
0.146
NA
NA
0.375
NA
0.08
0
NA
NA
NA
NA
NA
NA
NA
NA
0.367
NA
NA
NA
NA
NA
0.545
NA
NA
NA
NA
NA
0.264
NA
NA
NA
NA
NA
NA
NA
NA
0.186
NA
NA
NA
NA
NA
NA
NA
0.221
0.23
0.382
0.36
0.367
0.224
NA
NA
NA
NA
NA
NA
NA
NA
NA
NA
NA
NA
0.437
0.289
NA
NA
NA
NA
NA
NA
NA
0.949
0.949
NA
NA
NA
NA
NA
NA
NA
NA
NA
NA
NA
NA
NA
NA
NA
NA
NA
NA
0.309
NA
NA
NA
0.489
NA
0.426
NA
NA
NA
NA
NA
NA
NA
NA
NA
NA
NA
NA
0.141
NA
0.018
0.036
NA
NA
NA
NA
0.405
0.415
0.193
0.155
0.399
NA
NA
NA
NA
NA
NA
NA
NA
NA
NA
NA
NA
NA
NA
NA
NA
NA
NA
NA
0.289
NA
NA
NA
NA
NA
NA
NA
NA
NA
NA
0.214
0.714
0.156
0.215
NA
NA
NA
0.405
NA
NA
NA
NA
NA
NA
NA
NA
NA
NA
0.021
NA
NA
NA
NA
NA
NA
NA
0.636
0.032
0.143
NA
0.335
NA
0.279
NA
NA
NA
NA
NA
NA
NA
NA
0.179
0.817
0.118
NA
NA
NA
NA
0.237
0.213
NA
NA
NA
NA
NA
NA
0.024
NA
NA
0.136
0.149
0.012
NA
NA
NA
NA
NA
0.303
NA
0.591
NA
0.596
NA
NA
NA
NA
NA
NA
0.644
NA
NA
NA
NA
0.112
0.241
NA
0.402
NA
NA
NA
NA
NA
NA
0.022
NA
NA
NA
NA
NA
NA
NA
NA
NA
NA
0
0.194
NA
NA
NA
0.213
0.164
0.129
NA
NA
NA
0.2
0.379
0.393
NA
0.247
NA
NA
NA
0.201
0.337
0.251
0.882
0.172
NA
0.485
NA
NA
NA
NA
0.129
NA
0.41
0.03
0.03
NA
NA
NA
0.114
NA
NA
NA
NA
NA
NA
NA
NA
NA
NA
0.307
NA
NA
NA
NA
NA
NA
NA
NA
NA
NA
NA
NA
NA
0.133
NA
NA
NA
0.057
NA
0.113
NA
0.234
NA
NA
NA
NA
0
0.636
0.701
0.957
NA
NA
0.378
0.007
0.092
NA
NA
0.348
NA
0.485
NA
NA
0.008
NA
0.255
NA
NA
NA
NA
NA
0.478
0.166
NA
0.156
NA
NA
NA
0.479
NA
NA
NA
NA
NA
0
NA
NA
NA
NA
0.311
0.519
0.882
0.111
0.43
NA
0.17
NA
NA
NA
NA
NA
NA
NA
NA
NA
NA
NA
NA
0.029
NA
NA
0
0.237
0.619
NA
NA
NA
NA
NA
NA
NA
NA
NA
0.035
0.234
0.307
NA
NA
NA
NA
NA
NA
NA
NA
0.102
NA
NA
NA
NA
NA
NA
NA
NA
NA
NA
NA
NA
NA
NA
NA
NA
NA
NA
NA
NA
NA
NA
NA
0.182
0.53
NA
NA
NA
NA
NA
NA
NA
NA
NA
NA
NA
NA
NA
NA
NA
NA
NA
0
0
NA
0.211
NA
NA
NA
NA
NA
NA
NA
0.767
0.025
0.38
NA
NA
0
0.382
NA
0.235
NA
0
NA
NA
NA
NA
NA
NA
NA
NA
NA
0.028
0.817
NA
0.309
NA
NA
NA
NA
NA
0.133
0.648
0.438
0.476
0.253
NA
NA
NA
0.03
NA
NA
NA
NA
NA
NA
NA
NA
NA
NA
NA
NA
NA
NA
NA
NA
NA
0.257
NA
NA
NA
0.178
NA
NA
NA
NA
NA
NA
0.309
0.03
NA
NA
NA
0.318
0.327
NA
0.319
0.388
0.415
0.41
0
NA
NA
NA
NA
NA
NA
0.138
0.402
0.446
NA
NA
0.712
NA
0.423
0.477
NA
NA
NA
NA
NA
0.426
NA
NA
NA
0.394
0.469
0.949
NA
NA
NA
NA
0.433
NA
NA
0.242
NA
0
0
NA
NA
NA
0.588
NA
0.241
NA
NA
NA
0.489
NA
NA
NA
NA
NA
NA
NA
NA
NA
NA
NA
NA
NA
NA
0.068
0.46
NA
NA
0.505
0.242
NA
0
NA
0.184
NA
NA
0.408
0.767
NA
NA
0.48
0.028
NA
NA
NA
NA
NA
NA
0.685
NA
0.013
NA
NA
NA
0.339
NA
NA
NA
0.223
NA
NA
NA
NA
NA
NA
NA
NA
0.099
NA
NA
NA
NA
NA
0.194
NA
NA
NA
NA
NA
NA
NA
NA
NA
NA
NA
NA
NA
NA
NA
NA
NA
NA
NA
NA
NA
NA
0.077
NA
NA
NA
NA
NA
0.184
0.644
NA
NA
NA
NA
NA
NA
NA
NA
NA
NA
NA
NA
NA
NA
NA
NA
0.611
NA
0.448
0.365
NA
NA
NA
0.502
NA
NA
NA
NA
0.337
NA
NA
NA
NA
NA
NA
NA
NA
0.407
NA
NA
NA
NA
NA
0.319
NA
NA
NA
0.275
NA
NA
NA
NA
NA
0.596
0.174
NA
NA
NA
NA
NA
NA
NA
NA
NA
NA
NA
NA
NA
NA
0.261
0.949
NA
0.345
NA
NA
0.315
0.403
0.372
NA
0.239
NA
NA
NA
NA
0.487
NA
NA
NA
NA
NA
0.016
0.33
0.302
0.193
NA
NA
NA
NA
NA
NA
NA
NA
NA
NA
NA
NA
NA
0.817
NA
NA
NA
NA
NA
0.159
NA
NA
0.013
NA
NA
0.191
NA
NA
0.191
0.181
0.349
NA
NA
NA
0.254
0.224
NA
NA
0.639
0.107
0.351
NA
NA
NA
NA
NA
NA
NA
NA
NA
NA
NA
NA
NA
NA
0.114
0.419
0.94
NA
0.252
0.379
NA
NA
NA
NA
NA
NA
NA
NA
NA
NA
NA
NA
NA
NA
NA
NA
NA
NA
NA
NA
0.11
NA
NA
NA
0.243
NA
0.524
NA
0.243
0.282
NA
0.499
0.341
NA
0.042
0.243
NA
NA
0.451
0
NA
0.151
NA
NA
NA
NA
NA
0.036
NA
NA
NA
NA
NA
NA
NA
NA
NA
NA
NA
NA
NA
NA
NA
NA
NA
0
0.042
0.42
0.489
NA
NA
NA
NA
0.426
0.319
0.349
0.307
NA
0.286
NA
NA
0.098
0.449
NA
0.391
NA
NA
NA
NA
0.129
0.073
NA
0.229
0.712
0.024
0.533
NA
NA
NA
NA
NA
NA
0.191
0.324
0.312
0.246
0.186
NA
NA
NA
NA
0.402
NA
NA
NA
NA
NA
NA
NA
NA
NA
0.206
0.94
NA
NA
NA
NA
NA
NA
0.105
NA
0.264
0.019
NA
NA
0.305
0
0.382
0.099
NA
0.701
0.022
0.704
0.882
NA
0.294
0.148
0.744
0.94
0
0.202
NA
NA
NA
0.615
NA
0.08
NA
0.382
NA
0.52
NA
NA
NA
0.363
0.246
NA
NA
0.213
NA
0.602
0.285
NA
0.645
NA
0.133
NA
NA
NA
0.685
NA
NA
NA
NA
0.343
0.287
0.63
NA
NA
NA
NA
NA
NA
NA
0.042
NA
0.03
NA
NA
0.128
NA
NA
NA
NA
0.029
0.94
NA
0
NA
0.232
0.382
0.349
NA
0
0.701
0
NA
0.303
NA
NA
NA
0.359
NA
NA
0.552
NA
0.685
NA
0.701
NA
NA
NA
0.446
0.555
NA
NA
NA
NA
NA
NA
0.355
NA
NA
0.099
0.202
0.179
0.414
NA
0.117
NA
0.767
NA
NA
0.374
NA
NA
NA
0.137
NA
0.174
NA
NA
NA
NA
NA
0.773
NA
0.214
NA
NA
NA
NA
NA
NA
0.036
0.882
NA
NA
NA
NA
NA
NA
NA
NA
NA
0.957
NA
NA
NA
NA
NA
NA
NA
NA
NA
NA
NA
NA
NA
NA
NA
NA
NA
NA
0.58
0.095
NA
NA
0.539
0.615
NA
NA
0.08
NA
0.949
NA
0.461
NA
NA
NA
0.977
NA
NA
NA
NA
NA
NA
NA
NA
NA
NA
0.219
NA
0.429
0.428
NA
NA
0.485
0.347
NA
NA
NA
0.636
NA
NA
0.06
NA
NA
NA
NA
NA
NA
0.295
0.19
0.539
NA
NA
NA
NA
NA
0.45
NA
NA
NA
0.106
0.51
0.132
0.389
NA
NA
0.015
0.359
NA
NA
0.283
NA
0.477
0.475
0.213
NA
NA
0.356
0.494
0.817
0.207
0.316
0.269
NA
NA
NA
0.17
NA
0.221
NA
NA
NA
NA
0.125
NA
NA
NA
NA
NA
NA
0.27
NA
0.093
NA
NA
NA
NA
0.531
NA
0.241
NA
0.344
NA
0.276
0.093
0.124
NA
NA
NA
NA
NA
0.206
0.448
0.083
NA
NA
NA
NA
NA
NA
NA
NA
NA
NA
0.524
NA
NA
0
0.025
0.191
0.267
NA
NA
NA
NA
NA
NA
NA
0
NA
0.235
0.161
0.032
NA
NA
0.025
0.146
0.188
NA
NA
NA
NA
0.472
0.18
NA
NA
NA
NA
NA
NA
0.957
NA
NA
NA
NA
NA
NA
NA
0.957
0.408
0.146
NA
NA
NA
NA
0.009
NA
NA
NA
NA
0.521
NA
NA
NA
NA
NA
0.023
0.021
0.023
NA
NA
NA
NA
0.02
NA
NA
0.344
0.353
0.459
0.949
NA
0.133
NA
0.149
0.23
0
0
0
NA
NA
0.431
NA
NA
NA
NA
NA
NA
NA
0.191
NA
NA
NA
NA
NA
NA
0.817
NA
0.423
0.623
NA
NA
0.451
NA
0
0.527
NA
NA
NA
0.315
0.335
NA
NA
NA
NA
NA
0.488
NA
NA
NA
NA
0.767
NA
NA
NA
NA
NA
0.168
NA
NA
0.441
0.643
NA
NA
NA
NA
NA
NA
NA
NA
NA
NA
NA
NA
NA
NA
NA
NA
NA
NA
NA
NA
NA
NA
NA
NA
NA
NA
0.014
0
NA
0.098
NA
NA
NA
NA
NA
NA
NA
NA
NA
0.397
NA
NA
NA
0.223
NA
NA
NA
NA
NA
NA
NA
0.138
NA
NA
0.231
0.373
NA
NA
NA
0.466
NA
0.014
NA
NA
0.08
NA
0.393
0.308
0.282
NA
NA
NA
NA
0.237
NA
0.252
NA
0.199
NA
NA
0.226
NA
0.46
0.41
NA
NA
NA
NA
0.535
NA
NA
NA
0.349
0.949
NA
0.043
0.101
0.18
NA
0.392
NA
0.146
0.272
NA
NA
NA
NA
NA
0.17
NA
0.175
NA
NA
0.235
NA
0.235
NA
0.272
0.712
NA
NA
NA
NA
0
0.17
NA
NA
NA
NA
NA
NA
NA
NA
NA
NA
0.32
NA
0.817
NA
NA
NA
NA
NA
NA
NA
NA
NA
NA
NA
0.419
NA
NA
0.179
NA
NA
NA
NA
NA
NA
NA
NA
0.415
NA
NA
NA
NA
NA
NA
0
NA
NA
NA
NA
NA
NA
NA
NA
NA
NA
NA
NA
NA
0.555
NA
NA
NA
NA
0.817
NA
NA
0.232
NA
NA
NA
NA
NA
NA
NA
NA
NA
NA
NA
NA
0.94
0.191
NA
NA
NA
NA
NA
0.3
NA
NA
0.949
NA
NA
NA
NA
NA
NA
NA
NA
NA
NA
NA
0.241
NA
NA
0.042
NA
NA
NA
NA
NA
NA
NA
NA
NA
NA
NA
NA
NA
0.267
NA
NA
NA
NA
NA
NA
0.562
0.485
NA
0.949
0.382
NA
NA
NA
NA
NA
NA
NA
NA
NA
NA
0
0
NA
NA
0.185
NA
NA
NA
NA
NA
NA
NA
NA
NA
NA
NA
NA
NA
NA
NA
NA
NA
NA
NA
NA
0.027
NA
NA
NA
NA
NA
NA
NA
NA
NA
NA
NA
NA
NA
0
0.259
NA
NA
0.242
NA
NA
0.31
NA
0.217
0.382
0.523
0.486
NA
NA
NA
NA
NA
NA
NA
NA
NA
NA
NA
NA
NA
NA
NA
0.302
NA
NA
NA
NA
NA
NA
NA
NA
NA
NA
0
NA
NA
NA
NA
NA
NA
0.302
NA
NA
NA
NA
NA
NA
NA
0.349
0.576
0.524
0
NA
NA
NA
NA
0.42
NA
NA
0.245
0.492
NA
0.081
NA
0.628
NA
NA
0.382
NA
NA
NA
NA
NA
NA
NA
NA
NA
NA
NA
0.378
0.346
NA
NA
0
NA
0.192
NA
NA
NA
0.119
NA
NA
NA
NA
NA
NA
NA
NA
NA
NA
NA
NA
NA
NA
NA
NA
0.119
NA
NA
NA
NA
NA
NA
NA
NA
NA
NA
NA
NA
NA
NA
NA
NA
NA
NA
NA
0.382
NA
NA
NA
NA
NA
NA
NA
NA
NA
NA
0.212
NA
0.018
0.348
0
0.052
NA
NA
NA
NA
NA
NA
0
NA
0.523
0.276
NA
0.352
NA
NA
NA
NA
NA
0.25
0.102
0.348
0.382
NA
NA
0.384
NA
NA
NA
NA
NA
0.235
0.345
0.246
0.353
NA
NA
NA
NA
NA
0.362
0.382
0.685
NA
NA
NA
NA
NA
0.335
NA
NA
NA
NA
NA
NA
NA
0.335
NA
NA
NA
NA
0.195
NA
NA
NA
NA
NA
NA
NA
NA
NA
0.099
NA
0.102
0
0.141
NA
NA
NA
0.161
0.167
0.171
NA
NA
NA
NA
NA
NA
NA
0.191
NA
NA
NA
NA
NA
0.701
NA
NA
0.323
0.119
NA
0.334
NA
0.544
0.642
NA
0.035
0.419
NA
NA
NA
NA
NA
NA
0.475
NA
NA
NA
NA
NA
NA
NA
0.328
NA
NA
NA
NA
NA
NA
NA
0.08
NA
NA
0.584
NA
NA
NA
NA
NA
NA
NA
NA
NA
NA
NA
0.206
NA
NA
NA
NA
NA
0.372
NA
NA
NA
NA
NA
NA
NA
NA
NA
NA
NA
NA
NA
NA
NA
NA
NA
NA
NA
NA
NA
NA
NA
NA
NA
0.367
0.356
0.187
NA
NA
0.471
0.558
NA
NA
0.34
NA
0.381
NA
NA
0.219
NA
NA
0.241
NA
NA
NA
NA
NA
NA
NA
NA
0.328
0.476
NA
NA
NA
NA
NA
NA
NA
0.141
NA
NA
NA
NA
NA
0.147
0.747
0.339
NA
NA
NA
0.062
0.585
NA
NA
NA
NA
NA
NA
NA
0.271
NA
0
NA
NA
NA
NA
NA
NA
NA
0.148
0.143
0
NA
NA
0
NA
NA
NA
NA
NA
NA
0.294
NA
NA
NA
NA
NA
NA
NA
NA
NA
0.613
0.264
0.361
0.5
NA
NA
NA
NA
NA
NA
NA
NA
NA
NA
NA
NA
NA
0.402
0.549
0.385
0.362
NA
NA
NA
NA
NA
NA
NA
NA
NA
NA
0.524
NA
NA
NA
0.084
NA
0.279
0.101
NA
NA
NA
NA
0.382
NA
0.531
NA
NA
NA
0.218
NA
NA
NA
NA
NA
NA
0.042
NA
NA
NA
NA
NA
NA
NA
NA
NA
0.298
0.222
NA
NA
0.024
0.181
NA
NA
NA
NA
NA
NA
0.192
0.49
NA
NA
0.209
NA
NA
NA
NA
0.245
0.18
NA
0.25
0.197
0.163
0.274
0.213
NA
NA
NA
NA
NA
NA
NA
NA
NA
NA
NA
NA
0.501
0.392
0.572
0
0.292
NA
NA
0.615
NA
NA
0.321
NA
NA
NA
0.276
NA
NA
NA
NA
NA
0.331
0.239
NA
NA
0
NA
NA
NA
NA
NA
NA
NA
NA
0.168
NA
NA
NA
NA
NA
0.141
NA
NA
NA
0.107
NA
0.701
NA
NA
0.019
NA
NA
NA
NA
NA
NA
NA
NA
NA
NA
NA
0.051
NA
NA
NA
NA
0.434
0.229
NA
0.338
NA
0.224
0.229
0.164
0.422
0.479
0.315
NA
0.11
NA
0.025
NA
NA
NA
NA
NA
NA
NA
0.235
0.132
0
NA
NA
NA
NA
NA
NA
0.345
0.03
0.533
NA
0.025
0.025
0.016
NA
NA
NA
NA
NA
NA
NA
NA
NA
0.311
NA
NA
0.23
NA
NA
NA
NA
NA
NA
0.636
0.249
NA
NA
NA
NA
NA
NA
NA
NA
NA
NA
NA
NA
NA
NA
0.504
NA
NA
NA
NA
NA
NA
0
NA
0.608
0.191
NA
NA
NA
0.29
0.163
NA
NA
NA
NA
0.209
NA
NA
NA
NA
NA
0
NA
NA
NA
NA
0.505
NA
0.136
NA
0.717
NA
NA
NA
NA
NA
NA
0.379
0
NA
NA
NA
NA
0
NA
NA
0.116
0.581
NA
NA
NA
NA
NA
NA
NA
NA
NA
NA
NA
NA
NA
NA
0.029
NA
0.422
0.25
0.276
NA
NA
NA
NA
NA
NA
NA
NA
NA
0.349
NA
NA
NA
NA
0.396
NA
NA
NA
NA
NA
NA
NA
NA
NA
NA
0
NA
NA
NA
NA
NA
NA
NA
0.327
NA
NA
NA
NA
NA
NA
NA
NA
NA
NA
NA
0.677
NA
NA
0.029
0.33
0
NA
NA
NA
NA
NA
NA
NA
NA
NA
NA
NA
NA
NA
NA
NA
NA
NA
NA
NA
NA
NA
NA
NA
NA
NA
NA
NA
NA
NA
0.17
NA
NA
NA
0.042
NA
0.568
NA
NA
NA
NA
NA
NA
0.244
0.23
NA
NA
NA
NA
0
NA
0.333
0.615
0.615
0
NA
NA
NA
NA
NA
NA
NA
NA
NA
NA
NA
NA
NA
0.422
NA
NA
NA
NA
NA
NA
NA
NA
NA
NA
NA
0.817
0.192
0.817
NA
0.036
0.615
NA
NA
NA
NA
NA
NA
NA
0.414
0.269
NA
0.033
0.31
NA
NA
NA
NA
NA
NA
0.22
NA
NA
NA
NA
NA
0.325
NA
NA
NA
NA
NA
NA
NA
NA
NA
NA
NA
NA
NA
NA
NA
NA
NA
0.029
0.307
NA
NA
NA
0.299
0.282
NA
NA
NA
0.494
0
NA
NA
0.327
NA
NA
NA
NA
NA
NA
NA
0.471
0.404
NA
NA
NA
NA
NA
0
0.419
0
NA
NA
NA
NA
NA
NA
NA
NA
NA
NA
0
0.949
0.382
NA
NA
NA
NA
0.278
0.235
NA
NA
NA
NA
NA
0.436
0.569
0.59
NA
NA
NA
NA
NA
0.56
0.319
0.357
0.176
NA
NA
NA
0.046
NA
NA
NA
NA
NA
NA
NA
0.414
NA
NA
NA
NA
NA
NA
NA
NA
0.142
NA
NA
NA
NA
NA
NA
NA
NA
NA
NA
NA
NA
NA
NA
NA
NA
NA
NA
NA
0.436
NA
NA
NA
NA
NA
NA
NA
0
0
NA
0
NA
NA
0
0
NA
0
NA
NA
NA
NA
NA
NA
0.246
NA
NA
NA
NA
NA
NA
0.903
0
NA
NA
NA
NA
NA
0.041
NA
0.3
NA
0.179
NA
NA
NA
0.324
NA
0.317
0
NA
0.096
NA
NA
NA
0.017
0.548
NA
0.26
NA
0.055
0.028
NA
0.615
0
NA
0.042
NA
0.377
0.381
0.39
NA
NA
NA
NA
NA
NA
NA
0.099
0.287
NA
NA
0.402
0.213
NA
NA
NA
NA
0.352
NA
NA
NA
0.196
NA
NA
NA
NA
0.305
NA
NA
NA
NA
NA
NA
NA
NA
NA
NA
NA
0.015
0.148
NA
NA
NA
NA
NA
NA
NA
NA
NA
NA
NA
NA
NA
NA
NA
NA
NA
NA
NA
NA
NA
NA
NA
NA
NA
NA
0
NA
NA
NA
0.17
NA
NA
NA
0.054
0.274
0.282
NA
NA
NA
NA
NA
NA
NA
NA
NA
NA
0.275
NA
NA
0.14
NA
0.347
0.273
NA
0.362
NA
0.27
NA
NA
NA
NA
0.382
NA
NA
0.154
0.949
NA
0.117
NA
NA
NA
NA
NA
NA
NA
NA
NA
NA
NA
NA
NA
0.137
NA
NA
NA
0.481
0.078
NA
NA
NA
NA
NA
0.244
0.331
NA
NA
NA
NA
NA
0.382
NA
NA
NA
0.403
NA
NA
NA
NA
NA
NA
NA
NA
NA
NA
NA
NA
NA
NA
0.301
NA
NA
NA
NA
NA
NA
NA
NA
NA
NA
0.247
NA
NA
0.817
0.46
0.206
NA
0
0.347
NA
0.286
NA
0.245
NA
0.511
NA
NA
0.588
NA
NA
NA
NA
NA
0.247
NA
0.434
0.265
0.028
0.279
0.24
0.347
NA
NA
0.267
NA
NA
0.045
NA
NA
NA
NA
NA
0.522
0.315
NA
0.101
NA
NA
0.27
0.424
0.172
0.882
NA
NA
0.174
NA
NA
NA
NA
0.222
0.507
NA
0.332
0.198
NA
0.081
0.977
0.191
0.272
NA
NA
NA
NA
NA
NA
NA
NA
NA
NA
NA
0.035
NA
NA
0.302
NA
NA
NA
NA
NA
NA
NA
NA
0.563
NA
NA
NA
NA
NA
NA
NA
NA
NA
NA
NA
NA
0.28
NA
NA
0.317
NA
NA
NA
NA
NA
NA
NA
NA
NA
NA
NA
NA
0.274
0
NA
NA
NA
NA
NA
NA
NA
NA
NA
NA
NA
NA
NA
NA
NA
NA
NA
NA
NA
NA
NA
NA
NA
NA
NA
NA
NA
NA
NA
NA
0
NA
NA
NA
NA
NA
NA
NA
NA
NA
NA
NA
NA
NA
NA
NA
NA
0.154
NA
0.349
NA
NA
NA
NA
NA
NA
NA
NA
NA
NA
NA
NA
NA
NA
NA
NA
NA
0.949
0.125
0.185
0.145
NA
0.313
0.159
0.402
0.657
NA
0.166
0.206
0.685
NA
0.548
0.315
NA
NA
NA
NA
NA
NA
NA
NA
0.477
NA
0.219
NA
NA
NA
NA
NA
0.234
NA
NA
NA
NA
NA
NA
NA
NA
NA
NA
NA
NA
NA
NA
0.059
0.251
NA
NA
NA
0.443
NA
NA
0.027
0.042
NA
0.022
NA
0.025
0.019
NA
NA
0.215
0.027
0.719
NA
0.368
NA
NA
NA
NA
NA
NA
0.701
NA
NA
NA
NA
NA
NA
NA
NA
NA
NA
NA
NA
0.331
NA
NA
NA
NA
NA
NA
NA
NA
NA
NA
0.011
NA
NA
NA
0
NA
0.209
0.539
NA
NA
NA
NA
NA
NA
NA
NA
NA
NA
0.027
NA
NA
NA
NA
NA
NA
0.027
0
0.021
NA
0.11
NA
NA
0.111
0.401
NA
NA
0.541
NA
0.701
0.226
NA
0.313
NA
0.236
NA
NA
NA
NA
NA
NA
NA
NA
0.208
NA
0.183
0.253
NA
NA
0.395
0.016
NA
NA
NA
NA
0.308
NA
NA
NA
NA
NA
NA
0.493
0.37
NA
NA
NA
0.264
0.176
NA
NA
NA
NA
NA
NA
0.106
NA
NA
NA
0.162
NA
0.018
0.194
NA
NA
NA
0
NA
NA
NA
NA
0.036
0
0.036
0.036
0.036
NA
NA
0.103
NA
NA
NA
NA
0.495
NA
NA
NA
NA
NA
NA
0.542
NA
NA
NA
NA
0.382
NA
0.685
NA
0.685
NA
NA
NA
0.165
0.372
NA
NA
NA
0.36
NA
NA
0.157
NA
NA
NA
0.882
0.685
NA
NA
NA
0.307
NA
NA
NA
NA
NA
NA
0.235
NA
0.282
NA
NA
NA
0.705
NA
NA
NA
NA
NA
NA
0.882
NA
0.012
NA
NA
NA
NA
0.065
NA
0
NA
NA
NA
NA
NA
NA
NA
NA
NA
0
NA
NA
NA
0.248
NA
NA
NA
NA
NA
0.319
0.011
NA
NA
NA
0.782
NA
NA
NA
NA
0.328
0.232
NA
0.028
NA
NA
NA
NA
NA
NA
NA
NA
0.34
NA
NA
NA
NA
NA
NA
0.701
NA
NA
NA
NA
NA
0.511
NA
NA
0.081
0.239
NA
0.01
0.327
NA
NA
NA
NA
NA
0.27
0.289
NA
0.393
NA
0.289
0.503
0.147
0.319
0.027
0.53
NA
NA
NA
NA
NA
0.213
NA
NA
NA
NA
0
NA
0.216
NA
NA
NA
0.361
0.357
NA
NA
NA
0.274
NA
NA
NA
NA
NA
NA
NA
NA
NA
0.115
NA
0.113
0.642
NA
0.194
NA
NA
NA
NA
NA
NA
NA
NA
0.203
NA
NA
NA
NA
NA
NA
NA
NA
NA
NA
0.517
0.624
0.176
NA
NA
NA
NA
NA
NA
NA
NA
0.263
0.282
NA
NA
0.589
NA
0.26
NA
NA
0.099
NA
0.615
0.036
NA
NA
NA
NA
NA
NA
NA
NA
NA
0.504
0.817
NA
0.503
NA
NA
NA
NA
NA
0.2
NA
0.615
0.239
NA
NA
0.292
0.382
0.229
0.183
NA
NA
NA
0.31
NA
NA
NA
NA
NA
NA
0.158
NA
0.235
NA
NA
NA
NA
NA
NA
NA
NA
0.191
NA
NA
NA
0.344
0.685
NA
NA
NA
NA
NA
NA
NA
NA
0.17
NA
0
NA
NA
NA
NA
NA
NA
NA
0.219
0
NA
NA
0.127
0.106
0.518
0.031
NA
0.603
NA
NA
NA
NA
NA
NA
NA
NA
NA
0.426
0.254
NA
NA
0.195
0.193
NA
NA
NA
0.029
0.294
NA
NA
NA
NA
NA
NA
NA
0.315
0.28
0.379
NA
NA
NA
NA
0.767
0
NA
0.358
NA
0.025
0.882
0.251
NA
0.518
NA
0.286
0
NA
NA
NA
NA
NA
NA
NA
NA
0.481
NA
0
NA
NA
NA
NA
NA
NA
NA
NA
NA
NA
NA
NA
NA
NA
0.33
0.94
0.143
0.235
NA
0.439
0.817
NA
0.217
0.285
NA
0.582
NA
0.02
NA
NA
NA
NA
NA
NA
0.351
NA
NA
0.264
NA
0
NA
0
0
NA
0
0.143
NA
0.622
NA
NA
NA
0
0.701
0
NA
NA
NA
NA
NA
NA
NA
NA
NA
NA
NA
NA
NA
NA
NA
NA
0.437
NA
0.213
0.345
0
0.909
NA
0.203
0.481
NA
NA
0.977
0
NA
0
0.403
0
0.048
0.166
0.198
0
NA
NA
NA
NA
NA
NA
NA
NA
NA
NA
NA
NA
NA
NA
NA
NA
NA
NA
NA
NA
NA
NA
NA
NA
NA
0.235
NA
0.046
NA
NA
0.581
NA
0.448
NA
0
NA
NA
0.805
NA
NA
0
0
NA
0
NA
NA
0
NA
0.295
NA
0.35
NA
0
NA
0.036
NA
NA
0.512
0.25
NA
0.701
0.025
NA
0.553
NA
NA
0
NA
0
0.1
NA
0.141
NA
0.14
0.021
0.029
NA
NA
0.636
0.576
0
NA
NA
0.105
NA
0.187
NA
0.374
NA
NA
NA
NA
NA
NA
NA
NA
NA
NA
0.481
NA
0.11
0.701
NA
0.099
NA
NA
0.025
0.653
0.088
NA
NA
0.105
0
NA
NA
NA
NA
0
NA
NA
NA
NA
NA
NA
NA
0.041
0.095
0.268
NA
NA
NA
NA
NA
NA
NA
0.109
0.524
NA
NA
NA
NA
NA
NA
0.335
NA
0.323
0.949
NA
NA
NA
NA
0.746
NA
0.94
0.034
NA
NA
0.228
NA
NA
NA
NA
NA
0
NA
NA
0.485
0.558
0.132
NA
0.589
0.024
0.235
NA
NA
NA
NA
NA
NA
NA
0.255
NA
0.292
0.191
NA
0.1
0.185
0.433
0.285
NA
0.043
0.127
NA
NA
0.193
NA
NA
NA
NA
NA
NA
NA
0.382
0.027
NA
NA
NA
0.34
NA
0.343
NA
NA
0.162
NA
0.213
NA
NA
NA
NA
0.221
0.155
0.624
NA
NA
NA
NA
NA
0.179
NA
NA
0.318
0.364
NA
0.036
NA
0.028
NA
0.203
NA
NA
0.668
NA
NA
NA
0.009
NA
NA
NA
NA
NA
NA
NA
NA
0.219
NA
NA
NA
NA
NA
NA
NA
NA
NA
NA
NA
0.047
0.796
NA
NA
NA
0.022
NA
0.28
NA
0.197
0
0.517
NA
0
NA
NA
NA
0.017
0.025
NA
0.222
0.032
NA
0.535
0.015
NA
NA
0.211
0.451
0.015
0
0.547
NA
NA
NA
NA
0.408
NA
0
NA
0.12
NA
0
0
NA
0.209
NA
0.384
NA
NA
NA
0.039
NA
NA
0.196
0.903
NA
NA
0
0
NA
NA
NA
0
NA
0.882
0.337
NA
0.455
NA
0.379
0.615
0.335
NA
NA
0.534
0.42
NA
0.348
0.282
0.596
NA
NA
0.172
0.753
NA
NA
NA
NA
0.336
NA
NA
NA
NA
NA
NA
NA
0.949
NA
0.957
0.287
NA
NA
NA
NA
NA
0.562
NA
NA
NA
NA
NA
NA
0.547
NA
NA
NA
NA
NA
NA
NA
NA
0.701
NA
NA
NA
NA
NA
NA
NA
NA
NA
NA
NA
NA
NA
NA
NA
NA
NA
NA
NA
NA
NA
NA
NA
NA
NA
NA
NA
NA
NA
NA
NA
NA
NA
0.526
NA
0.167
0.481
NA
0.767
0.767
0.767
0
NA
NA
0
0.323
0.122
0
0.685
NA
0.311
0.255
NA
NA
NA
NA
0.426
NA
NA
0.113
0
0
0.099
0.099
NA
0.382
0.949
NA
NA
NA
NA
NA
NA
NA
NA
NA
NA
NA
NA
NA
NA
NA
NA
NA
0.242
NA
NA
0.479
0.545
0.332
NA
NA
0.251
NA
NA
0.384
NA
NA
NA
NA
NA
0.267
NA
NA
NA
NA
NA
NA
0.504
0.202
NA
0
NA
0
0.238
NA
NA
NA
NA
NA
NA
NA
NA
NA
NA
NA
NA
NA
NA
NA
NA
0.353
NA
NA
NA
NA
0
NA
0.382
0.383
0.281
NA
NA
NA
NA
NA
0.41
NA
NA
0.232
0.636
0.273
NA
NA
NA
0.342
0
NA
0.31
NA
NA
NA
0.214
0.419
NA
NA
NA
0.533
0.172
0.669
NA
NA
NA
NA
NA
NA
NA
0.278
0.248
NA
NA
NA
NA
NA
0.488
0.313
NA
NA
NA
NA
0.26
0.5
NA
NA
NA
0.527
NA
0.817
NA
0.443
0.117
0.326
NA
NA
NA
NA
NA
0.414
NA
NA
0.203
0.404
NA
NA
NA
NA
NA
NA
NA
NA
NA
NA
NA
NA
NA
NA
NA
NA
0.287
0.264
0
NA
NA
NA
0.251
0.264
0.349
0.256
0.11
NA
0.649
NA
0.438
NA
0.767
0
NA
NA
NA
NA
0.219
0.521
0.009
0.337
NA
NA
NA
NA
NA
NA
NA
NA
NA
NA
0.517
NA
NA
0.028
NA
0.596
NA
NA
0.546
0.275
NA
0.94
NA
0.289
0.194
0.025
NA
NA
0.17
NA
NA
NA
NA
0.212
0.539
0.311
NA
NA
NA
NA
NA
NA
NA
NA
NA
NA
NA
NA
NA
NA
NA
NA
NA
0.6
NA
0.389
0.466
0.604
0
NA
NA
NA
NA
0.219
0.437
NA
NA
NA
0.253
NA
NA
NA
NA
NA
NA
NA
0.019
0
NA
0
NA
NA
NA
NA
0
NA
NA
0
NA
NA
NA
NA
NA
NA
NA
NA
NA
0.017
0.017
NA
0.467
NA
0.579
0.193
0.201
0.2
0.67
NA
0.028
0.399
NA
NA
NA
NA
NA
NA
0.371
0.173
NA
NA
NA
NA
0.767
NA
0.194
NA
NA
NA
NA
0.396
0.356
NA
0.393
NA
NA
NA
NA
0
0.224
0.559
NA
NA
NA
0.946
NA
0
0
NA
0.74
NA
0
NA
0.611
NA
NA
NA
0.14
0.156
NA
NA
0.689
0.421
NA
NA
NA
NA
NA
0.449
0.304
0.017
NA
0.025
0
0.015
NA
NA
NA
0.577
NA
NA
NA
NA
NA
0.348
NA
NA
NA
NA
NA
NA
NA
NA
NA
NA
NA
NA
NA
NA
NA
NA
NA
NA
NA
NA
NA
NA
NA
NA
NA
NA
NA
NA
NA
NA
NA
NA
NA
NA
NA
NA
NA
NA
NA
NA
0.292
0.059
NA
NA
NA
0.326
NA
0.368
NA
NA
0.402
0.234
NA
0.349
NA
NA
0.382
NA
0.949
NA
0.401
0.101
NA
0.408
0.028
0
0.025
0.291
NA
0.187
NA
NA
NA
NA
NA
NA
0.489
NA
NA
NA
0.275
0.334
0.365
NA
0.278
NA
NA
NA
NA
NA
NA
NA
0.817
NA
NA
0.283
NA
NA
NA
NA
0.235
0.037
NA
0.309
NA
0.21
0.194
0.008
0.015
0.32
0.658
0.14
NA
0.016
NA
NA
NA
NA
0.341
NA
NA
NA
0.252
NA
NA
0.369
0.685
0.639
0.085
0.322
0.221
NA
NA
NA
NA
NA
NA
NA
NA
0.235
NA
NA
0.94
NA
NA
0.235
NA
NA
0.39
NA
NA
NA
0.023
NA
NA
NA
NA
NA
NA
0.076
NA
NA
NA
0.026
NA
NA
NA
0.506
NA
NA
0.128
0.265
0.309
NA
0.232
NA
0.266
NA
0.13
0.26
NA
0.294
NA
NA
NA
NA
NA
NA
NA
NA
NA
NA
NA
NA
NA
NA
NA
NA
NA
NA
NA
NA
0.257
0.218
NA
0.353
0.353
NA
0.522
0.484
NA
0.042
NA
0.817
0.263
NA
NA
NA
NA
NA
NA
0.018
0.034
0.016
NA
0.286
0.615
NA
NA
NA
NA
0.028
0.107
0.229
0.502
0
0.446
0.685
NA
0.374
NA
0
0.164
0.135
NA
NA
NA
0.028
NA
NA
NA
NA
NA
NA
NA
NA
NA
NA
NA
NA
NA
NA
0.446
NA
0.487
NA
0.071
0.228
0.229
NA
0.59
NA
NA
NA
NA
NA
0.052
0
NA
NA
NA
NA
NA
NA
0.38
0.817
NA
NA
NA
NA
0.246
NA
0.604
NA
NA
NA
0.028
0.191
NA
NA
NA
0.154
NA
0.556
0.196
0.12
0.184
0.129
NA
0.434
0.023
0.416
0.473
NA
0.176
0.34
0.483
0.482
0.446
NA
0
0.449
0.601
0.017
NA
NA
NA
NA
NA
NA
0.882
0.882
NA
NA
0.031
NA
0
0.541
0.135
NA
0.334
NA
NA
0.019
0.184
0
0
NA
NA
NA
NA
0
0.198
0.508
NA
0.377
NA
0.547
NA
0.367
NA
NA
NA
NA
NA
NA
0.411
NA
NA
0.039
NA
NA
NA
NA
NA
NA
NA
NA
NA
NA
NA
NA
NA
NA
0.817
NA
NA
0.036
0.117
NA
NA
NA
NA
0.334
NA
NA
0.078
NA
0.127
0.285
NA
NA
0.026
NA
NA
NA
NA
NA
NA
NA
NA
NA
NA
NA
NA
0.258
NA
NA
NA
NA
NA
NA
NA
NA
0.067
0.11
NA
NA
0.112
NA
NA
NA
NA
NA
NA
NA
NA
NA
NA
NA
NA
0.331
0.27
0.128
0.382
0.098
0.34
0.176
NA
NA
NA
NA
NA
NA
NA
0.655
0.767
0.189
0.233
NA
NA
NA
NA
NA
NA
NA
NA
0
NA
NA
NA
NA
NA
NA
NA
0.738
0.401
0.106
0.392
NA
NA
NA
NA
NA
NA
NA
NA
NA
0.078
0.054
NA
0.055
0.558
0.31
0.013
0.11
0.264
0.493
NA
0
0.949
NA
0.052
0.282
NA
NA
NA
NA
NA
NA
NA
NA
NA
0.524
0.685
0.08
NA
NA
NA
NA
NA
NA
NA
NA
NA
0.603
NA
NA
0.238
NA
NA
NA
NA
NA
NA
NA
NA
NA
NA
NA
NA
NA
NA
NA
NA
NA
NA
NA
0.075
0.342
NA
NA
0.028
NA
NA
NA
NA
0.484
0.133
NA
NA
NA
NA
0.287
NA
0.523
NA
NA
NA
NA
NA
NA
NA
NA
0.084
0.196
NA
0.028
0.702
NA
0.271
0.251
NA
0.282
NA
0.163
0.458
0.221
NA
NA
NA
NA
NA
NA
0.592
NA
NA
NA
NA
NA
NA
NA
0.73
0.142
NA
0.032
NA
0.135
0.233
NA
NA
NA
NA
NA
NA
NA
NA
0.949
NA
NA
NA
NA
NA
NA
NA
NA
NA
NA
NA
NA
NA
0.036
NA
NA
0.422
0.232
0.468
0.197
NA
NA
NA
0.179
NA
NA
NA
NA
NA
NA
0.291
NA
NA
NA
NA
NA
NA
0.208
NA
NA
NA
NA
NA
NA
0.316
NA
NA
NA
NA
NA
NA
NA
NA
0.397
NA
NA
NA
NA
NA
NA
0.058
NA
NA
0
NA
NA
0
NA
0.023
0.437
0.226
NA
NA
0.281
0.615
NA
NA
NA
NA
NA
NA
0.282
NA
NA
NA
NA
NA
NA
NA
NA
0
NA
NA
NA
NA
0.259
0.017
NA
NA
0.215
NA
NA
NA
NA
NA
NA
NA
NA
NA
0.263
NA
NA
NA
NA
NA
NA
NA
NA
NA
NA
NA
0.581
NA
NA
NA
NA
NA
NA
NA
0.198
NA
NA
NA
NA
0.036
NA
NA
NA
NA
NA
NA
NA
NA
0.034
NA
NA
NA
NA
0.257
NA
NA
NA
NA
NA
NA
NA
0.415
NA
NA
NA
NA
NA
NA
NA
NA
NA
NA
NA
NA
NA
0.957
NA
NA
NA
0.488
NA
0.103
0.222
0.362
NA
NA
NA
NA
0.3
0.215
0.206
NA
NA
NA
NA
NA
NA
NA
NA
NA
NA
NA
NA
NA
NA
0.458
NA
NA
NA
NA
NA
NA
NA
NA
NA
NA
NA
NA
NA
NA
NA
NA
NA
0.347
NA
0.099
0.027
0.382
NA
0.134
NA
NA
NA
NA
NA
NA
NA
NA
NA
0.311
NA
0.065
0.267
NA
NA
0.817
NA
0.376
0.579
NA
NA
NA
NA
NA
NA
NA
NA
NA
NA
NA
NA
NA
NA
NA
0.685
NA
0.304
0.392
NA
NA
NA
NA
0.14
NA
NA
NA
NA
NA
NA
NA
0.388
NA
NA
NA
NA
NA
NA
0.181
NA
NA
NA
NA
NA
NA
NA
NA
NA
0.396
0.601
NA
NA
NA
NA
NA
NA
NA
NA
NA
NA
NA
0.299
0.224
0.036
0.194
NA
NA
NA
NA
NA
0.048
NA
0
NA
0.447
NA
NA
0.211
NA
0.171
NA
NA
NA
NA
NA
0.332
NA
NA
NA
0.312
0.177
NA
NA
NA
NA
NA
NA
NA
NA
NA
0
NA
0.235
0.244
NA
NA
NA
NA
NA
NA
NA
NA
0.346
0.282
NA
NA
NA
NA
NA
NA
0.493
0.181
0.17
0.033
0.245
NA
NA
NA
0
NA
0.287
NA
NA
0
0.32
NA
NA
NA
NA
NA
NA
NA
NA
NA
0
0
NA
NA
NA
NA
NA
NA
0.244
0.313
NA
0.032
0.212
0.13
0.292
NA
NA
NA
NA
0.264
NA
NA
0.043
0.593
NA
NA
0.363
NA
NA
NA
NA
0.035
0.247
0.949
NA
NA
NA
NA
NA
NA
NA
NA
0.191
0.358
NA
0.266
0.348
0.411
NA
0.7
NA
NA
NA
NA
NA
NA
NA
0.251
0.223
0.254
NA
NA
0.816
NA
NA
NA
NA
0.064
0.458
0.115
0.305
0.289
0
NA
NA
NA
NA
NA
NA
0.167
0.199
0.699
0.127
0.187
NA
NA
NA
0.025
0.342
0.377
NA
NA
NA
NA
NA
NA
NA
NA
NA
NA
0
NA
NA
0.18
NA
NA
0.357
NA
NA
NA
NA
NA
NA
NA
NA
0.225
NA
0
NA
NA
NA
0.949
0.283
NA
NA
NA
NA
NA
NA
NA
NA
NA
0.539
0.36
NA
NA
NA
NA
NA
0.333
0
NA
NA
NA
NA
NA
NA
NA
0.949
0.021
NA
0.285
NA
NA
NA
NA
0.558
NA
0.112
NA
NA
NA
NA
NA
NA
0.254
NA
NA
0.371
0.467
NA
NA
NA
0.467
NA
NA
0.524
NA
0.882
NA
NA
NA
NA
NA
NA
NA
NA
NA
NA
NA
0.411
NA
NA
NA
NA
NA
NA
NA
NA
NA
NA
NA
NA
NA
NA
NA
NA
NA
0.957
0.366
NA
0.336
NA
NA
NA
NA
0.378
NA
NA
NA
NA
NA
NA
NA
NA
NA
NA
0.594
0.462
NA
0.538
0
NA
NA
NA
0.011
0.248
0.549
0.94
0.091
0.245
NA
NA
NA
NA
NA
0.602
NA
NA
NA
NA
NA
NA
NA
NA
0.56
0.124
0.532
NA
NA
NA
0.817
NA
NA
NA
0.598
0.517
0.237
NA
0.141
0.272
NA
NA
0.34
NA
NA
NA
NA
NA
NA
0.017
NA
NA
NA
NA
NA
NA
NA
NA
NA
NA
0.502
NA
NA
NA
NA
NA
0.124
0.665
NA
NA
NA
NA
NA
NA
NA
NA
NA
0.494
NA
NA
0.322
NA
NA
0
0.817
NA
NA
0.331
0
0.335
NA
NA
NA
NA
NA
NA
NA
NA
NA
NA
NA
NA
NA
NA
0.485
NA
NA
NA
NA
NA
0.563
NA
NA
NA
NA
NA
NA
NA
NA
0.396
NA
NA
0.235
NA
NA
NA
NA
NA
NA
NA
0.022
0.099
0.121
NA
NA
NA
0
NA
NA
0.309
NA
0.143
NA
NA
NA
NA
NA
NA
NA
NA
NA
0
NA
NA
NA
NA
0.377
NA
NA
NA
NA
NA
NA
NA
NA
NA
NA
0.353
0.621
NA
NA
NA
NA
NA
0.236
NA
NA
0.447
NA
NA
0
NA
NA
NA
NA
NA
NA
NA
NA
NA
NA
NA
NA
NA
NA
NA
NA
NA
NA
NA
NA
NA
NA
NA
NA
0.766
NA
NA
NA
NA
NA
NA
NA
NA
NA
NA
NA
NA
NA
NA
NA
NA
NA
NA
NA
NA
NA
0.482
0.447
NA
NA
NA
NA
0.31
NA
NA
NA
NA
NA
NA
NA
NA
NA
0.637
NA
NA
NA
NA
NA
NA
NA
NA
NA
NA
NA
NA
NA
NA
NA
NA
0.226
0.347
NA
0.289
NA
NA
NA
NA
NA
NA
NA
NA
0
NA
0
NA
NA
0.235
NA
NA
0.313
NA
NA
NA
NA
NA
NA
NA
0.113
NA
NA
NA
NA
0.545
0.612
NA
NA
NA
NA
NA
NA
NA
0.348
NA
NA
NA
NA
NA
NA
NA
NA
NA
NA
NA
NA
NA
NA
NA
0.208
NA
NA
NA
NA
NA
NA
NA
NA
NA
0.293
NA
NA
NA
NA
NA
0.343
NA
0.238
0.27
NA
NA
NA
NA
NA
NA
NA
NA
0.467
0.18
NA
NA
NA
0.297
NA
NA
NA
NA
NA
NA
NA
NA
NA
NA
NA
NA
NA
NA
NA
NA
NA
NA
0.194
NA
NA
NA
0.372
NA
NA
NA
NA
NA
NA
NA
NA
NA
0.317
NA
NA
NA
NA
NA
NA
NA
NA
NA
NA
NA
NA
NA
NA
NA
NA
NA
NA
NA
NA
NA
0.144
NA
0.362
0.068
NA
NA
NA
NA
NA
NA
NA
NA
NA
NA
NA
NA
0.09
NA
NA
NA
NA
NA
NA
NA
NA
0.285
0.336
NA
NA
NA
NA
NA
NA
NA
NA
0
0.036
NA
NA
NA
NA
NA
NA
NA
NA
NA
NA
NA
NA
NA
NA
NA
NA
NA
NA
NA
NA
NA
NA
NA
NA
NA
NA
NA
NA
NA
NA
NA
0.817
0.817
0.642
0.296
NA
NA
NA
NA
NA
NA
0.386
0.382
NA
NA
0
0.126
NA
NA
NA
NA
NA
NA
0.034
NA
NA
0.208
NA
0.448
0.957
NA
NA
0.042
NA
NA
0.615
0.573
0.957
0.237
NA
0.161
NA
0.13
NA
0.382
0.028
NA
NA
NA
NA
0.755
0.26
NA
0.302
0.276
0.372
NA
NA
0.482
NA
NA
NA
NA
NA
0.029
NA
0.202
0.638
NA
NA
NA
0.236
0.263
NA
0.582
NA
NA
NA
0.324
0.254
NA
NA
NA
0.282
NA
NA
NA
NA
0.278
0.381
NA
NA
NA
NA
0.167
NA
0.405
0.422
NA
NA
0.299
NA
0.017
0.235
NA
NA
NA
0
0.347
NA
NA
0.235
NA
NA
NA
NA
NA
NA
NA
NA
0.138
NA
0.368
NA
NA
NA
NA
0.569
NA
NA
NA
0.326
0.236
NA
0.289
NA
NA
NA
NA
NA
NA
NA
NA
NA
NA
NA
NA
NA
NA
NA
0.037
NA
NA
NA
0.551
NA
NA
NA
0.283
0.333
0.241
NA
0.319
NA
0.241
0.286
NA
0.235
0.385
0.328
NA
NA
NA
NA
NA
0.235
NA
0.352
NA
NA
NA
NA
NA
NA
NA
NA
NA
NA
NA
NA
NA
0.127
NA
NA
NA
NA
NA
NA
NA
NA
NA
NA
NA
NA
0.099
NA
NA
NA
0.29
NA
NA
0.148
0.957
0.663
NA
0.615
NA
NA
NA
NA
NA
NA
NA
NA
0.817
0.977
NA
NA
NA
NA
NA
NA
NA
NA
NA
NA
NA
NA
NA
NA
NA
NA
0.382
NA
0.013
0.434
NA
NA
NA
NA
NA
NA
NA
NA
NA
NA
0.382
NA
NA
NA
NA
0.382
NA
NA
NA
NA
NA
NA
NA
NA
NA
NA
NA
NA
NA
NA
NA
NA
NA
NA
NA
NA
NA
NA
0.453
NA
NA
NA
NA
0.406
0.203
0.206
NA
NA
0.569
NA
NA
NA
NA
0.01
NA
NA
0.107
0.295
NA
NA
0.27
NA
NA
0.515
NA
NA
0.116
NA
NA
NA
0
0
NA
NA
NA
NA
NA
NA
0.753
0
0.957
NA
NA
NA
0.339
NA
NA
NA
NA
0.568
0.568
NA
NA
NA
0.457
NA
NA
NA
NA
NA
NA
NA
NA
NA
NA
NA
NA
NA
NA
NA
NA
0.118
NA
0.276
NA
NA
NA
NA
NA
NA
NA
NA
NA
NA
NA
NA
NA
NA
NA
NA
NA
NA
NA
NA
NA
NA
NA
0.114
0.363
NA
0.099
0.382
0.382
NA
NA
NA
NA
NA
NA
NA
NA
NA
NA
NA
0.186
NA
NA
0.191
NA
0.239
NA
NA
NA
NA
NA
NA
NA
NA
NA
NA
NA
NA
NA
NA
0.348
NA
NA
NA
NA
NA
NA
NA
NA
NA
NA
NA
NA
NA
NA
0.021
NA
NA
NA
NA
NA
0
NA
NA
NA
NA
NA
NA
NA
NA
NA
NA
NA
NA
NA
NA
NA
NA
NA
NA
NA
NA
0.508
NA
NA
NA
NA
NA
NA
NA
NA
NA
NA
NA
NA
NA
NA
NA
NA
NA
NA
NA
NA
NA
NA
0.23
NA
NA
NA
NA
NA
NA
NA
NA
NA
NA
0.492
0.484
0.168
NA
0.019
NA
NA
NA
NA
NA
NA
0.026
NA
NA
NA
NA
NA
NA
NA
NA
NA
NA
NA
NA
NA
NA
NA
NA
NA
0.132
0.103
NA
0.603
NA
NA
0.246
NA
NA
0.173
0.319
NA
NA
NA
NA
NA
NA
NA
NA
NA
NA
NA
NA
NA
NA
0.371
NA
0.068
NA
NA
NA
NA
NA
NA
NA
NA
NA
NA
NA
NA
NA
0.149
0.165
NA
NA
NA
NA
NA
NA
NA
NA
NA
NA
NA
0.358
0.028
NA
NA
NA
NA
NA
NA
NA
0.456
NA
NA
NA
0.45
NA
NA
NA
NA
NA
NA
NA
NA
NA
NA
NA
NA
NA
NA
NA
NA
NA
NA
NA
NA
NA
NA
NA
NA
NA
0.028
NA
NA
0.174
0.077
NA
0.508
NA
NA
NA
NA
NA
NA
NA
NA
NA
NA
NA
NA
NA
0.037
NA
NA
NA
NA
NA
0.2
NA
NA
NA
NA
NA
NA
NA
NA
NA
NA
NA
NA
NA
NA
NA
NA
NA
NA
NA
NA
NA
NA
NA
NA
NA
NA
NA
NA
NA
NA
NA
NA
NA
NA
NA
NA
NA
NA
NA
NA
NA
NA
NA
NA
NA
NA
NA
NA
NA
NA
NA
NA
0.784
NA
NA
NA
NA
NA
NA
NA
NA
NA
NA
NA
NA
NA
NA
NA
0.41
0.239
0
0.233
NA
0.47
NA
NA
NA
0
NA
NA
NA
0
NA
NA
NA
NA
NA
0.24
0.68
NA
NA
NA
NA
NA
NA
0.4
NA
NA
NA
NA
NA
NA
NA
NA
NA
NA
NA
NA
0.356
NA
NA
NA
NA
NA
NA
NA
NA
NA
NA
NA
NA
NA
NA
NA
NA
NA
NA
NA
NA
NA
NA
NA
NA
NA
NA
NA
NA
NA
NA
NA
NA
NA
NA
NA
NA
NA
NA
NA
NA
NA
NA
NA
NA
NA
NA
NA
NA
NA
0.984
0.41
0.408
NA
NA
NA
NA
NA
NA
NA
NA
NA
NA
NA
NA
NA
NA
NA
0.817
NA
NA
NA
NA
NA
NA
NA
NA
NA
NA
NA
NA
NA
NA
NA
NA
0.316
0.46
0.122
0.221
NA
NA
NA
NA
NA
NA
NA
NA
NA
NA
NA
NA
NA
NA
NA
NA
NA
NA
NA
NA
NA
NA
NA
NA
NA
NA
NA
NA
NA
NA
NA
NA
NA
NA
NA
NA
NA
NA
NA
NA
NA
NA
NA
NA
NA
NA
NA
NA
NA
NA
NA
NA
NA
NA
NA
NA
NA
NA
NA
NA
NA
NA
NA
0.605
0.475
NA
NA
NA
0
0
NA
NA
NA
NA
0.1
NA
0.662
NA
NA
NA
0.33
NA
NA
NA
NA
NA
NA
NA
NA
NA
NA
NA
NA
NA
NA
NA
NA
0.685
NA
NA
NA
NA
NA
NA
NA
NA
NA
NA
NA
0.43
NA
NA
NA
0
NA
NA
NA
NA
NA
NA
NA
0.016
NA
NA
NA
NA
0.469
NA
NA
NA
NA
NA
NA
NA
NA
0.382
NA
NA
NA
NA
NA
NA
NA
NA
NA
NA
NA
NA
NA
NA
NA
NA
NA
NA
NA
NA
NA
NA
NA
NA
NA
0.188
0.608
0.365
0.635
0.42
NA
NA
NA
NA
NA
0.235
0.307
NA
NA
NA
NA
NA
0.042
NA
NA
NA
NA
NA
NA
NA
NA
NA
0.085
0.499
0
0
NA
NA
NA
NA
NA
NA
NA
NA
NA
NA
NA
NA
NA
NA
NA
0.018
NA
NA
NA
NA
NA
NA
0.436
NA
NA
NA
NA
NA
NA
NA
NA
NA
0.013
0.458
NA
0.235
0.068
0
NA
NA
NA
NA
0.133
NA
NA
NA
NA
NA
NA
NA
NA
NA
NA
NA
NA
NA
0.369
0.292
0.235
NA
NA
NA
NA
NA
NA
NA
NA
NA
NA
NA
NA
NA
NA
0.39
0.272
NA
NA
0.949
NA
NA
NA
NA
NA
NA
NA
NA
0.08
0.301
NA
NA
0.261
0.129
0.52
NA
0.259
0.024
NA
NA
NA
0.467
NA
NA
NA
NA
NA
NA
NA
NA
NA
NA
0.042
NA
NA
NA
NA
NA
NA
0.33
NA
NA
NA
NA
NA
NA
NA
0.163
0.382
NA
NA
0.701
0.327
0.251
NA
NA
NA
NA
NA
0.265
0.353
NA
0.297
0.286
NA
0.219
NA
NA
0.259
NA
0.817
NA
0.214
NA
0.115
0.436
0.203
NA
NA
NA
NA
NA
NA
NA
NA
NA
NA
NA
0.188
NA
NA
NA
NA
NA
NA
0.483
0.389
0.266
0.949
NA
NA
NA
NA
NA
NA
NA
NA
NA
NA
NA
NA
NA
NA
NA
NA
NA
NA
NA
0.359
NA
NA
NA
NA
NA
NA
NA
NA
NA
NA
NA
NA
NA
NA
NA
NA
0
NA
NA
NA
NA
NA
0.511
NA
0.342
NA
NA
NA
NA
NA
NA
0.264
NA
NA
NA
NA
NA
0.107
NA
0.155
0.148
NA
NA
NA
0.357
0.409
0
0.31
NA
0.612
NA
NA
NA
NA
NA
NA
NA
NA
NA
NA
0.348
0.246
0.267
NA
NA
NA
NA
NA
NA
NA
NA
NA
NA
NA
0.235
0.524
0.524
NA
NA
0.325
NA
NA
NA
NA
NA
NA
NA
NA
NA
NA
NA
NA
0.392
0.311
NA
NA
NA
NA
0.451
NA
NA
NA
0.172
NA
NA
NA
0.032
NA
NA
NA
0
NA
NA
NA
0.723
NA
NA
0
0.627
0.099
NA
0.441
0.685
0.014
NA
0.018
NA
NA
NA
NA
0.607
0.882
0.035
NA
NA
0.325
NA
NA
NA
NA
NA
NA
NA
NA
0.235
NA
NA
NA
NA
NA
0.21
NA
0.44
0.234
0.039
0.403
0.578
NA
NA
NA
NA
0.225
NA
0.206
0.94
NA
NA
0.182
NA
NA
NA
0.562
NA
NA
NA
NA
0.163
NA
NA
NA
NA
NA
NA
NA
NA
0.458
NA
NA
NA
NA
NA
NA
NA
NA
NA
NA
0.025
0.027
NA
NA
NA
0.949
0
0.282
NA
0.298
NA
NA
0.259
NA
0.163
0.676
0.477
0.018
NA
NA
NA
NA
NA
NA
NA
NA
0.22
NA
NA
NA
NA
NA
NA
NA
NA
0.029
NA
NA
NA
NA
NA
0.327
0.483
0.397
NA
0.11
NA
NA
NA
NA
NA
0.205
0.205
NA
NA
NA
NA
NA
NA
NA
NA
NA
NA
NA
0.631
0.642
0.153
0.153
NA
NA
0.388
0.422
NA
0.175
NA
NA
NA
0.078
0.603
0
NA
NA
NA
0.949
0.24
NA
NA
NA
0
NA
0.147
0.411
NA
NA
NA
NA
NA
NA
NA
0.089
0.606
0.182
NA
NA
0.284
0.427
NA
NA
NA
0.282
NA
0.553
0.221
NA
NA
0.188
0.019
0.56
NA
0.163
NA
NA
NA
NA
0.222
NA
0.66
NA
0.348
NA
NA
NA
0.092
NA
0.433
NA
0.117
NA
NA
NA
NA
NA
NA
NA
NA
0.166
0.358
0.329
0.099
0.006
NA
NA
NA
NA
0.685
NA
NA
NA
NA
NA
NA
NA
NA
NA
NA
NA
NA
NA
NA
NA
NA
NA
NA
NA
NA
0.468
0.767
NA
0
0.807
NA
NA
0.382
0.293
NA
0.067
0.129
NA
NA
NA
NA
NA
NA
NA
0.223
0.538
NA
0.496
NA
NA
0.028
NA
NA
0.458
0.949
0.382
NA
NA
0.296
0.503
0.263
NA
NA
NA
0.415
NA
0.474
NA
0.656
NA
NA
NA
NA
NA
NA
0.516
NA
0.015
NA
0.283
NA
NA
NA
NA
NA
NA
NA
NA
NA
0.203
NA
0.949
0.531
NA
0.366
NA
0.799
0
NA
NA
NA
0.196
0.463
NA
NA
NA
0.307
NA
0.682
0.197
NA
NA
NA
NA
0.027
0.042
0.015
NA
0
NA
NA
NA
NA
NA
NA
NA
NA
0.419
0.232
0.129
0.163
NA
NA
0.473
0.226
NA
0.134
NA
NA
NA
0
NA
NA
NA
NA
NA
0.025
NA
NA
NA
NA
NA
0.453
NA
0.556
NA
0.378
NA
0.957
NA
NA
NA
NA
NA
NA
0.636
0
NA
NA
0.042
0.042
0.052
0.032
NA
0.025
NA
NA
0
NA
0.342
NA
0.31
NA
NA
NA
NA
NA
NA
0.018
NA
0.093
0.274
0.191
NA
NA
0.496
0.431
NA
NA
0.949
0.4
NA
0.287
0.455
NA
0.504
0.508
0.314
0.063
NA
0.266
NA
NA
NA
0.24
0.02
NA
NA
NA
NA
0.724
NA
NA
NA
NA
NA
NA
NA
NA
NA
NA
NA
NA
NA
NA
0.199
NA
NA
NA
0.013
0.316
NA
NA
NA
NA
0.443
NA
NA
NA
0.949
NA
0.434
0.43
0.588
NA
NA
NA
NA
NA
NA
NA
0.445
0
NA
NA
NA
0.407
NA
0.636
NA
NA
NA
NA
NA
NA
NA
NA
0.94
0.473
0.282
NA
NA
NA
NA
NA
0.516
NA
NA
0.261
NA
NA
0.305
0.273
NA
NA
NA
0.322
NA
NA
NA
NA
0.031
0.271
NA
0.814
NA
NA
NA
NA
NA
0.193
NA
NA
NA
NA
NA
NA
NA
NA
NA
NA
NA
0.527
NA
0.428
NA
NA
0.382
0
NA
NA
NA
NA
NA
NA
NA
NA
NA
NA
NA
NA
NA
0.136
0.382
NA
NA
NA
0
NA
NA
NA
NA
NA
NA
0.057
NA
0
NA
NA
NA
0.492
NA
NA
NA
NA
NA
NA
NA
NA
NA
NA
NA
NA
0.542
0.025
NA
NA
NA
0.34
NA
NA
NA
NA
NA
NA
NA
NA
NA
NA
NA
NA
0.151
NA
NA
NA
NA
NA
NA
NA
NA
NA
0.491
NA
NA
NA
NA
NA
NA
0.047
NA
0.424
0.327
NA
0.541
NA
0
NA
NA
NA
0.658
0
NA
0.152
0.145
0.337
NA
NA
0.369
NA
NA
NA
0.163
NA
NA
NA
NA
0.213
0.285
NA
NA
NA
NA
NA
NA
NA
NA
NA
0.03
NA
0.437
NA
NA
0.289
NA
0.223
NA
NA
NA
NA
NA
0.139
NA
0.365
0.642
NA
NA
NA
NA
NA
NA
NA
NA
0.302
0.066
0.02
NA
0.411
NA
NA
NA
NA
0.267
NA
NA
NA
0.283
0.028
NA
NA
NA
NA
NA
NA
NA
NA
NA
NA
0.349
0.362
0.025
NA
NA
NA
NA
NA
NA
NA
0.228
NA
0.326
0.326
0.528
0.255
NA
NA
0.272
0.252
0.475
NA
NA
NA
NA
NA
NA
0.322
NA
NA
NA
NA
NA
NA
NA
0
NA
NA
0
0
NA
NA
NA
NA
NA
NA
NA
NA
0.015
0
NA
0.236
NA
0.163
NA
NA
NA
0
NA
NA
NA
NA
0.307
NA
NA
NA
NA
NA
NA
0.025
NA
NA
NA
NA
NA
NA
NA
0.101
0.02
0.017
NA
0.14
NA
0
0.221
0.318
NA
NA
NA
NA
NA
NA
NA
NA
0.351
0.349
0.541
NA
0.272
NA
NA
NA
NA
NA
NA
NA
NA
NA
NA
0.538
NA
NA
NA
NA
0.076
NA
NA
NA
NA
NA
NA
NA
NA
NA
NA
NA
0.558
NA
NA
NA
NA
NA
NA
0.504
0.26
NA
NA
NA
NA
NA
NA
NA
NA
NA
0
0.088
0.25
NA
NA
NA
NA
NA
NA
NA
NA
NA
0.191
NA
NA
NA
NA
NA
NA
NA
NA
NA
NA
0.321
NA
0.345
0.362
0.317
NA
NA
NA
NA
NA
NA
NA
NA
NA
NA
NA
NA
NA
NA
NA
NA
NA
NA
NA
NA
NA
NA
NA
NA
0.263
NA
NA
NA
0.441
NA
NA
NA
0.235
0.712
NA
NA
0.025
NA
0.43
NA
0.191
NA
NA
NA
NA
NA
NA
NA
0.318
0.314
NA
NA
0.387
NA
NA
0.325
NA
NA
0.245
NA
NA
NA
NA
0.261
NA
NA
NA
NA
NA
0.53
NA
NA
NA
NA
NA
0.429
NA
NA
NA
NA
NA
0.148
NA
NA
0.041
NA
NA
0.649
NA
NA
NA
0.452
0.324
0.418
0
NA
NA
NA
0.387
NA
NA
NA
NA
NA
0.151
NA
0.293
0.219
NA
0.287
NA
NA
NA
0.132
NA
0
NA
0.233
NA
NA
0.836
0.233
0.389
NA
0
NA
NA
NA
NA
0.493
NA
0.65
NA
NA
NA
NA
0.375
0.256
NA
NA
0
0.157
NA
0.254
NA
0.125
NA
NA
NA
NA
NA
NA
NA
NA
NA
0.354
NA
0.304
NA
0.288
NA
NA
0.112
0.149
0.274
NA
NA
NA
NA
NA
NA
NA
NA
NA
NA
NA
0.591
0.235
NA
0.957
NA
0.554
NA
NA
NA
NA
NA
NA
NA
NA
NA
NA
NA
NA
NA
0.301
NA
0.406
0.141
0.085
NA
NA
0.649
NA
0.255
0.029
0.109
NA
0.472
0.209
0.181
NA
0.281
NA
0
NA
NA
NA
NA
0.296
NA
0.621
NA
NA
NA
NA
0.382
NA
NA
NA
NA
NA
NA
0.326
0.614
NA
0.362
NA
NA
NA
0.382
NA
NA
NA
0.231
NA
NA
NA
NA
NA
NA
NA
NA
NA
NA
NA
NA
