0.026
NA
0.194
0.156
0.175
0.19
0.119
0.153
0.169
0.22
0.204
0.204
0.168
0.218
0.193
0.104
0.109
0.139
0.148
0.126
0.292
0.113
0.28
0.184
0.254
0.104
0.183
0.198
0.164
0.226
0.157
0.153
0.127
0.269
NA
NA
NA
NA
0.303
0.33
0.319
0.233
0.215
0.654
0.08
0.243
0.424
0.204
0.198
0.269
0.104
0.193
0.187
0.044
0.043
0.269
NA
0.026
0.082
0.256
0.162
0.198
0.152
0.223
NA
0.083
0.137
0.239
NA
NA
NA
NA
NA
NA
NA
NA
NA
NA
0.284
0.295
0.387
0.421
0.336
0.184
0.21
0.105
0.193
0.413
0.253
0.178
NA
0.178
0.254
0.153
0.162
0.078
0.264
0.085
0.285
0.285
0.285
0.285
0.193
0.193
0.193
0.193
0.193
0.138
NA
0.159
0.472
0.136
0.059
0.341
0.341
0.318
0.107
0.387
0.223
0.114
0.104
0.369
0.362
0.271
0.234
NA
0.366
0.282
0.193
0.266
NA
0.104
0.451
0.096
0.117
0.129
0.107
0.107
0.119
0.029
0.034
0.129
0.069
0.084
0.171
0.085
0.338
0.223
0.153
0.178
0.137
0.25
0.113
0.269
0.391
0.155
0.144
0.219
0.195
0.232
0.1
0.285
0.05
0.219
0.219
0.219
0.219
0.219
0.219
0.195
0.099
0.265
0.127
0.092
0.219
0.197
0.189
0.189
0.127
0.129
0.284
0.055
0.068
0
0.193
0.112
0.143
0.103
0.115
NA
NA
NA
0.33
0.33
0.177
0.085
0.285
0.285
0.193
0.223
0.214
0.34
0.397
0.198
0.288
0.118
0.096
NA
NA
NA
0.369
0.222
0.254
0.153
0.21
0.153
0.254
0.169
0.243
0.185
0.145
0.212
0.143
0.158
0.216
0.189
0.253
0.168
0.184
0.296
0.218
0.129
0.033
0.104
0.03
NA
0.153
0.148
0.209
0.161
0.253
0.095
NA
NA
0.05
0.632
0.163
0.078
0.108
0.342
0.178
0.122
0.193
NA
0.143
0.134
0.223
0.13
0.205
0.059
0.059
0.228
0.243
0.171
0.104
0.097
0.113
0.101
0.101
0.101
0.353
0.192
0.136
0.2
0.255
0.123
0.717
NA
NA
0
0.096
0.097
0.311
0.295
0.244
NA
0.254
0.259
0.198
0.28
0.171
0.659
0.126
0.183
0.254
0.161
0.172
0.256
0.279
0.25
0.182
0.267
0.105
0.39
0.19
NA
0.174
0.129
0.181
NA
0.133
0.149
0.132
0.149
0
NA
0.077
0.069
0.08
0
0.041
0
0.015
0.313
0.113
0.176
0.218
0.182
0.23
0.223
0.115
0.147
0.402
0.091
0.119
0.164
0.05
NA
0.104
0.104
0.104
0.104
0.115
0.129
0.15
0.309
0.23
NA
0.145
0.168
0.168
0.149
0.254
0.05
0.338
0.177
0.154
0.049
0.251
0.199
0.234
0.168
0.131
NA
0.113
0.188
0.154
0.212
NA
NA
NA
0.22
0.393
0.087
0.149
0.08
NA
0.107
0.192
0.136
0.143
0.107
0
0.25
0
0.269
0.173
0.076
0.171
0.194
0.164
0.273
0.026
0.058
0.198
0.195
0.149
0.285
0.096
0.378
0.392
0.153
0.254
0.153
0.191
0.264
0.254
0.243
0.376
0.245
0.175
0.153
0.153
0.21
0.21
0.371
0.224
0.492
0.168
0.269
0.197
0.249
0.374
0.313
0.54
NA
0.068
0.172
0.132
0.225
0.178
0.141
0.254
0.141
0.072
0.116
0.315
0.12
0.139
0.152
0.132
NA
0.273
NA
0.261
0.074
0.394
0.185
0.337
0.026
0.263
0.287
NA
NA
0.166
NA
0.134
NA
NA
0.824
0.254
0.254
0.254
0.254
0.254
0.287
0.094
0.039
0.189
0.153
0.102
0.132
0
0.083
0.264
0.187
0.062
0.046
0.243
0.046
0.14
0.198
0.127
0.191
0.198
0.123
NA
NA
0.133
0.14
0.396
0.144
0.241
0.05
0.135
0.153
0.521
0.21
0.387
0.39
NA
0.026
0.262
0.393
0.251
0.266
NA
0.375
0.442
NA
0
NA
0.099
0.218
0.106
NA
0.237
0.231
0.162
0.067
NA
0.058
0.115
0.193
0.163
0.075
NA
0.128
0.204
0.165
0.178
0.173
0.156
0.204
0.14
0.171
0.18
0.071
0.082
0.05
0.153
0.153
0.153
0.153
0.292
0.213
0.153
0.436
NA
0.204
0.167
0.194
0.403
0.106
0.144
0.161
0.161
0.295
0.204
0.225
0.096
0.178
0.042
0.309
0.179
0.162
0.127
0.162
0.16
0.146
0.129
0.15
0.157
0.163
0.225
0.164
0.192
0.132
0.283
0.116
NA
NA
NA
NA
0.03
0.156
0.144
0.175
0.177
0.181
0.199
0.171
0.261
0.204
0.149
0.254
0.254
0.225
0.026
0.254
0.225
0.254
0.225
0.254
0.254
NA
NA
NA
NA
NA
NA
NA
0.133
0.129
0.127
0.124
0.106
0.285
0.085
0
NA
0.204
0.161
0.097
0.219
0.173
0.153
0.209
0.116
0.435
0.551
0.489
0.435
0.184
0
0
0.21
0.21
0
0.223
0.074
0.098
0.196
0.208
0.167
0.14
0.159
0.112
NA
0
0.112
0
0.112
0.112
0.112
0.112
0.112
0.112
0
0.112
0.182
0.051
0.257
0.201
0.192
NA
NA
NA
NA
NA
NA
NA
0.337
0.12
0.318
0.136
0.241
0.216
0.151
0.206
0.145
0.154
0.037
0.222
0.077
0.269
0.115
0.175
0.123
0.121
0.075
0.104
0.104
0.104
0.104
0.153
0.243
0.121
0.091
0.13
0.151
0.049
0.05
0.317
0.202
0.206
0.206
0.197
0.269
0.15
0.368
0.434
0.153
0.166
0.174
0.163
0.077
0.087
0.106
0.066
NA
NA
0.342
0.173
0.04
0.168
0.075
0.103
0.1
0.097
0.088
0.139
0.07
0.099
0.142
0.11
0.076
0.154
0.153
0.257
0.274
0.167
0.167
0.165
0.347
0.247
0.162
0.225
0.407
0.162
0.088
0.168
0.049
0.139
0.113
0.255
0.162
0.212
0.168
0.162
0.054
NA
NA
NA
NA
0.57
0.265
0.342
0.099
0.287
0.288
0.078
0.161
0.158
0.208
0.183
0.243
0.184
0.089
0.169
0.181
0.154
0.154
0.172
0.391
0.508
0.293
0.235
NA
0.232
0.019
0.272
NA
0.187
0.168
0.237
NA
0.122
0.248
0.291
0.026
0.029
0.025
0.167
NA
NA
NA
NA
NA
NA
0.154
0.257
0.163
0.184
0.214
0.082
NA
NA
0.131
0.202
0.204
0.204
0.229
0.169
NA
0.157
0.092
0.11
0.168
NA
0.211
0.198
0.441
0.09
0.256
NA
0.551
0.489
0.489
0.435
0.277
0.417
0.157
0.163
NA
0.186
NA
0.163
0.092
0.21
0.21
0
0.285
0.085
0.101
0.159
0.205
0.14
0.206
NA
0.091
0.146
0.098
0.614
0.193
0.026
0.193
NA
0.193
0.051
0.249
0.119
0.113
0.193
0.158
0.174
0.117
NA
NA
NA
0.484
0.269
0.137
0.18
0.16
0.187
0
0.22
0.301
NA
0.327
0.178
0.245
0.149
0.2
0.214
0.227
0.228
0.228
0.318
0.191
0.205
NA
0.198
0.21
0.097
0
0.129
0.115
0.127
0.127
0.076
0.018
0.106
0.094
0.216
0
0.216
0.216
0.188
0.19
0.242
0.149
0.114
0.189
0.138
0.114
0.147
0.151
0.194
0.199
0.126
0.12
NA
0.283
NA
0.264
0.316
0.298
0.268
0.129
0.268
0.268
0.185
0.112
0.257
0.264
0.327
0.189
0.134
0.12
0.207
0.268
0.294
NA
0.38
0.187
0.701
0.195
0.468
0.349
0.05
NA
0.167
0.307
0.155
0.115
0.154
0.106
NA
0.409
0.26
0.267
0.406
0.235
0.278
0.094
0.068
0.172
0.137
0.103
0.052
0.24
0.312
0.103
0.192
0.405
0.308
0.153
0.153
0.314
0.185
NA
0.107
0.307
0.339
0.201
0.215
0.153
0.097
0.089
0.11
0.188
0.188
0.182
0.131
0.192
0.14
0.179
0.281
0.181
0.129
0.111
0.154
NA
0.275
0.17
0.111
0.094
0.172
0.095
0.108
NA
0.186
0.186
0.472
NA
NA
0.203
NA
NA
NA
0.093
0.204
NA
NA
NA
NA
NA
NA
0.179
0.096
0.15
0.114
0.117
0.133
0.098
0.115
0.107
NA
0.371
NA
0.303
0.25
0.21
0.248
0.231
0.136
0.146
0.122
0.105
0.487
0.154
0.208
0.316
0.096
0.092
0.071
0.157
0.08
0.146
0.162
0.162
0.098
0.071
0.338
0.14
0.163
0.11
0.105
0.367
0.148
0.116
0.055
0.026
0.157
0.151
0.208
0.091
0.171
0.171
NA
0.111
0.221
0.083
0.265
0.085
0.243
0.233
NA
0.22
NA
0.182
0.026
0.085
0.173
0.126
NA
NA
0.153
0.341
0.146
0.129
0.237
0.139
0.191
0.023
0.066
0.055
0.133
0.255
0.158
0.116
0.197
0.125
NA
NA
NA
NA
NA
0.16
0.156
0.17
0.253
0.167
0.17
0.262
0.144
0.26
0.253
0.159
0.174
0.173
0.304
NA
0.034
0.433
0.25
0.48
0.073
0.463
0.187
0.136
NA
NA
NA
NA
NA
NA
NA
NA
NA
NA
0.269
0.201
0.184
0.157
0.32
0.293
0.301
NA
0.299
0.09
0.072
0
0.12
0.077
NA
0.09
NA
0.125
NA
0.357
0.195
0.201
0.172
0.188
0.252
NA
0.243
NA
0.115
0.179
0.365
NA
NA
0.085
0.065
0.068
0.117
0.101
0.09
0.173
0.132
0.142
0.106
0.371
0.134
0.186
0.089
0.078
0.1
0.04
0.101
0.04
0.091
0.129
0.129
0.129
0.129
0.114
0.124
0.127
0.129
0.152
0.171
0.142
0.088
NA
0.209
0.143
0.269
0.026
NA
NA
0.097
0.21
0.146
0.314
0.332
0.462
0.331
NA
0.308
0.335
0.402
0.464
0.319
NA
0.254
NA
0.205
0.296
0.068
0.138
0.085
0.151
0.355
0.294
0.345
NA
NA
NA
0.357
0.099
NA
NA
0.162
0.179
0.18
0.168
NA
NA
0.562
0.138
0.112
0.237
0.103
NA
0.269
0.317
0.093
0.052
0.082
0.204
0.279
0.366
0.377
0.279
0.404
0.302
0.312
0.194
0.193
0.232
0.134
0.69
0
0
0.356
0.068
0.33
0.097
0.083
0.125
0.109
0.109
0.223
0.46
0.192
0.325
0.133
0.166
0.242
0.269
0.285
0.2
0.403
0.44
0.149
0.14
0.267
0.419
0.168
0.572
0.109
0.249
0.135
0.29
0.194
NA
0.266
NA
0.119
0.148
0.378
0.387
0.228
0.193
0.131
0.253
0.187
0.24
0.221
0.126
0.21
0.141
0.348
0.133
0.135
0
0
0.109
0.267
0
0
0
0.109
0
0
0
NA
0.234
0.267
NA
0
0
0
NA
0.099
0.211
0.285
0.305
0.164
NA
NA
0.124
0.192
0.149
0.194
0.153
0.157
0.049
0.157
0.176
0.246
0.229
NA
NA
0.131
NA
0.085
0.285
0.538
0.21
0.135
0.51
0.443
0.464
0.272
0.125
0.238
0.395
0.129
0.13
0.266
0.25
0.125
NA
0.194
NA
0.339
NA
0.282
0.082
0.081
0.383
0.378
0.057
0.419
0.233
0.223
0.191
0.24
0.085
0.124
0.205
0.153
0.131
0.12
0.134
0.203
0.146
0.153
0.05
0.153
0.153
0.153
0.267
0
0
0
0
0
0.219
0.126
0.097
NA
NA
NA
NA
0.276
0.57
0.196
NA
NA
NA
NA
NA
0.276
0.089
0.145
0.134
NA
NA
NA
NA
0.026
0.228
0.05
0.153
0.356
0.204
0.152
0.153
0.19
0.192
0.198
0.295
0.153
0.081
0.252
0.168
0.141
0.139
0.123
0.088
0.153
0.198
0.216
0.264
0.086
0.188
0.188
0.193
0.079
0.189
0.203
0.153
0.295
0.247
0.275
0.161
0.227
0.225
0.228
0.435
0.168
0.178
0.225
0.153
0.194
0.196
0.264
0.219
0.178
0.254
0.104
0.139
0.163
0.254
0.189
0.192
0.288
0.095
0.151
0.252
0.163
0.178
0.276
0
NA
0
0.14
0.226
0.166
0.138
NA
0.267
NA
0
NA
0
0.074
0.067
0.085
0.155
NA
0.161
0.114
0.172
0.162
0.132
0.205
0.026
0.099
NA
0.287
0.017
0.047
0.052
0.063
0.152
NA
0.139
0.17
0.15
0.219
0.163
0.118
0.078
0.129
0.152
0.05
NA
0.115
0
0.093
0.063
0
NA
0.094
0.148
0.11
NA
0.072
0.116
0.05
0.037
0.141
0.175
NA
0.05
0.279
0.233
0.153
NA
0.153
0.153
0.153
0.109
0.111
0.026
0.134
0.047
0.213
0.181
0.17
0.191
0.181
0.181
0.17
0.129
NA
NA
NA
NA
NA
NA
NA
NA
NA
NA
NA
0.146
0.304
0.245
0.225
0.178
0.157
0.21
0.12
0.12
NA
0.129
0.147
0.157
0.15
0.181
0.18
0.187
0.151
0.125
0.097
0.152
0.139
0.148
0.163
0.149
0.166
0.187
0.117
0.147
0.192
0.156
0.067
0.111
0.269
0.254
0.189
0.151
0.152
0.206
0.193
0.18
0.171
0.134
0.162
NA
0.326
0.147
0.35
0.135
0.105
0.21
0
0.511
0.342
0.121
0.193
0.109
0.287
0.149
0.16
0.242
0.221
0.127
0.244
0.152
NA
0.127
0.049
0.157
0.181
0.14
0.117
0.088
0.112
0.241
0.137
0.164
0.149
0.195
0.269
0.159
0.179
0.118
NA
0.176
0.164
0.269
NA
0.095
0.135
0.129
0.159
0.226
0.158
0.132
0.459
0.164
0.181
0.208
0.132
0.199
0.136
0.026
0.116
0.088
0.078
NA
0.157
0.389
0.413
0.234
0.182
0.139
0.199
0.177
0.125
0.226
0.251
0.06
0.162
0.176
0.171
0.218
0.225
0.225
0.179
0.176
0.1
0.042
0.254
0.166
NA
0.191
NA
0.161
0.111
0.229
NA
0.146
NA
0.143
0.169
0.125
0.197
0.223
0.226
0.28
NA
0.148
0.169
0.195
0.159
0.152
0.146
0.185
0.177
0.183
0.177
0.088
0.178
0.201
0.026
0.204
0.26
0.172
0.051
0.154
0.169
0.15
NA
0.16
NA
0.146
0.04
0.139
0.084
0.134
0.178
0.084
0.145
0.154
0.095
0.198
0.125
0.074
0.173
0.169
0.145
0.108
0.166
0.015
0.164
0.205
0.018
0.082
0.097
0.171
0.14
0.089
NA
0.374
0.199
0.168
NA
0.269
0.269
0.269
0.309
0.184
0.168
0.224
0.21
0.152
0.16
0.103
0.224
0.08
0.22
0.08
0.273
0.074
0.201
0.295
0.138
0.156
0.164
0.209
0.182
0.112
0.204
0.248
0.104
0.202
NA
0.384
0.134
NA
0.102
0.21
0.213
0.395
0.193
0.086
0.251
0.154
0.111
0.301
0.193
0.095
0.146
0.19
0.278
0.168
0.288
0.085
0.102
0.13
0.192
0.116
0.114
0.144
0.153
0.152
NA
0.193
0.163
0.104
0.104
0.104
0.344
0.205
0.199
NA
NA
0.212
0.127
0.086
0.123
0.123
0.205
0.282
0.168
0.124
NA
0.204
0.21
0.168
0.203
0.107
0.213
0.118
0.2
0.173
0.078
NA
0.189
0.137
0.143
0.143
0.141
0.083
NA
0.266
0.172
0.214
0.103
0.159
0.159
0.167
0.085
0.244
0.24
0.055
0.205
0.177
NA
0.188
0.24
0.257
0.334
0.093
0.122
0.085
0.132
0.139
0.193
0.168
0.223
0.138
0.14
0.152
0.093
0.374
0.356
NA
0.32
0.32
0.104
0.167
NA
NA
NA
NA
NA
NA
NA
NA
NA
NA
NA
NA
NA
0.326
0.174
0.294
0.28
0.281
0.093
0.216
0.253
0.25
0.187
0.162
0.094
0.262
0.358
0.463
0.205
NA
0.241
NA
0.144
NA
NA
0.25
0.454
0.245
0.205
0.121
0.121
0.152
0.263
0.081
0.066
NA
NA
0.077
0.297
0.283
0.283
0.278
0.189
0.281
0.167
0.423
0.389
0.322
0.349
0.403
0.219
0.23
0.2
0.344
NA
0.359
0.263
0.219
0.143
0.188
0.147
0.155
0.078
0.008
0
0.122
0.129
0.094
0.125
0.165
0.348
0.182
0.194
0.042
0.312
0.177
0.05
0.395
0.085
0.257
0.181
0.132
0.354
0.198
NA
0.204
NA
NA
NA
0.3
0.126
0.177
0.196
0.269
0.269
0.193
0.471
0.39
0.39
0.39
0.457
0.334
0.447
0.25
0.201
0.221
0.208
0.19
0.184
0.257
0.13
0.089
0.15
0.192
0.327
0.113
0.177
NA
0.153
0.09
NA
0.165
0.198
NA
0.217
0.485
0.398
0.149
0.113
0.395
0.369
0.368
0.327
0.184
0.219
0.232
0.193
0.247
0.02
0.201
0.126
0.213
NA
0.162
0.105
0.353
0.314
0.292
0.34
0.224
0.215
0.02
0.2
0.23
0.146
0.284
0.541
0.147
0.357
0.361
0.361
0.361
0.343
0.344
0.355
0.193
0.122
0.139
0.404
0.325
0.094
0.258
0.167
0.122
0.173
0.165
0.278
0.296
0.154
0.279
0.133
0.316
NA
0.143
0.059
0.172
0.188
0.211
0.257
NA
0.153
0.502
0.118
0.19
0.195
0.244
0.226
0.227
0.239
0.12
0.108
0.026
NA
0.096
0.21
0.14
0.151
0.112
0.02
0.022
0.149
0.15
0.313
0.207
0.109
0.201
0.2
0.082
0.213
0.205
0.194
0.22
0.185
0.05
0.05
0.14
0.155
0.162
0.115
0.108
0.206
0.146
0.091
0.104
0.508
0.299
0.216
0.432
0.057
0.21
0.255
0.21
0.21
0.21
0.057
0.093
0.27
0.207
0.267
0.195
0.23
0.015
0.026
0.015
0.444
0.306
0.126
0.267
0.119
0.155
0.254
0.254
0.237
0.203
0.192
0.193
NA
0.139
0.038
0.165
0.182
0.106
0.056
0.275
0.126
NA
0.125
0.038
0.153
0.162
0.026
0.097
0.056
0.084
NA
0.153
0.155
NA
0.131
0.14
0.162
0
0.253
0.051
0.089
0.133
0.101
NA
0.118
0.077
0.111
0.349
0.121
0.417
0.22
0.144
0.26
NA
NA
NA
NA
NA
0.384
0.219
NA
0.186
NA
0.173
NA
0.143
0.106
0.178
0.153
0.198
0.139
0.153
0.153
0.231
0.18
0.18
0.05
0.148
0.136
0.128
0.142
0.157
0.396
0.269
0.19
0.203
0.104
0.106
0.14
0.135
0.149
0.129
0.136
0.118
0.098
0.158
0.301
0.102
0.186
0.137
NA
0.151
0.153
0.174
NA
0.118
0.099
NA
0.206
0.131
0.269
0.269
0.129
0.269
0.05
NA
0.05
0.269
0.269
0.269
0.05
0.104
0.313
0.15
0.219
0.194
0.161
0.204
0.254
0.178
0.254
0.254
0.254
0.254
0.254
0.254
0.254
0.254
0.207
0.401
0.233
0.254
0.254
0.254
0.254
0.254
0.303
0.269
0.167
0.154
0.179
0.216
0.159
0.171
0.128
0.104
0.128
0.079
0.303
0.206
0.192
0.161
0.175
0.144
0.136
0.108
0.163
0.141
NA
0.189
0.193
0.104
0.105
0.08
0.152
0.222
0.135
0.166
0.153
0.139
0.123
0.122
0.265
0.265
0.149
0.114
0.157
0.07
0.162
0.151
0.117
0.455
0.41
0.455
0.096
0.455
0.186
NA
0.202
0.026
0.17
0.201
0.197
0.193
0.093
0.114
0.121
0.085
0.099
0.17
0.113
0.224
0.181
0.139
0.168
0.193
0.173
0.302
0.155
0.146
0.332
0.182
0.137
0
0.105
0.099
0.093
0.109
0.267
0.157
0.182
0.397
NA
0.05
NA
0.119
0.245
0.075
0.272
0.102
0.222
0.114
0.124
0.243
0.196
0.426
0.171
0.153
0.177
0.222
NA
0.129
0.179
0.103
0.114
0.059
0.205
0.167
0.159
0.126
0.252
0.063
0.161
0.256
0.236
0.226
0.148
0.136
0.163
0.161
0.125
0.078
0.242
0.206
0.363
0.242
0.216
NA
NA
NA
NA
NA
0.047
0.13
0.141
0.133
0.242
0.202
0.135
0.13
0.15
0.105
0.142
0.141
0.113
0.145
0.155
0.202
0.188
0.215
0.24
0.223
NA
0.21
0.21
0.099
0.026
NA
NA
NA
NA
NA
NA
NA
NA
0.102
0.207
0.243
0.146
0.199
0.217
0.274
0.013
0.251
0.274
0.013
0.102
0.013
0.013
0.215
0.138
0.093
0.075
0.073
0.099
0.193
0.276
0.276
0
0
0.193
0.193
0.193
NA
0.069
NA
0.123
0.109
0.021
0
0.289
0
0.209
0
0.193
0.131
0.077
0
0
0.276
0
0
0
0
0
0.204
0.11
0.061
0.026
0.276
0.154
0.223
0.066
0.082
0.165
0.063
NA
0.426
0.507
0.097
NA
0.384
0.21
0.316
0.398
0.441
0.485
0.122
0.321
NA
0.187
0.106
NA
0.193
0
0.193
0.193
0.193
0.193
0.026
0.026
0.172
0.082
0
0.152
0
0.138
0.144
0.168
0.169
0
0.11
0.304
0.167
0.094
0
0.141
0.069
0.496
0.153
0.144
NA
0.342
0.342
0.237
0
0.172
0
0.334
0
0.621
0.565
0.727
0.175
0.026
0
0.342
0.342
0.266
0.026
0.081
0.367
0
0.342
0.342
0.026
0.342
0.342
NA
0.137
0.153
0.162
0.126
0.15
0.187
0.22
0.3
0.341
0.085
0.165
0.152
0.21
0.716
0.131
0.241
0.326
0.015
0.28
0.223
0
0.276
0.129
NA
NA
NA
NA
0.269
0.134
0.274
0.335
NA
NA
NA
NA
0.211
0.181
0.179
0.178
0.158
0.195
0.018
0.161
0.124
0.109
0.189
0.154
0.099
0.225
0.119
0.158
0.162
0.182
0.164
0.333
0.168
0.162
0.113
0.142
0.213
0.169
0.098
0.143
0.192
0.141
0.051
0.216
0.109
0.163
0.201
0.119
0.122
0.106
0.246
0.274
0.173
0.172
NA
0.146
0.156
0.241
0.178
0.087
0.138
0.164
0.117
0.118
0.142
0.175
0.272
0.202
0.156
0.198
0.174
0.129
0.119
0.129
0.148
0.433
0.382
0.21
0.069
0.073
0.519
0.382
0
0.06
0.144
0.142
0.27
0.43
0.306
0.277
0.219
0.378
0.149
0.398
0.35
0.382
0.107
0.114
0.183
0.136
0.039
0.225
0.297
0.415
0.307
0.095
0.193
0.026
0.209
NA
0.438
0.49
0.43
0.038
0.063
0.215
0.248
0.226
0.119
NA
0.134
NA
0.244
0.299
0.594
NA
NA
NA
NA
NA
NA
NA
0.181
0.379
0.561
0.08
0.244
0.24
0.079
0.257
0.237
0.155
0.095
0.136
0.242
0.173
0.079
0.188
0.053
0.252
0.476
0.169
0.433
0.391
0.2
0.351
0.343
0.13
0.269
0.269
0.231
0.174
NA
0.231
0.334
0.085
0.026
0.148
0.133
0.285
0.113
0.131
0.193
0.087
0.09
0.178
0.315
0.156
0.21
0.146
0.15
0.205
0.16
0.159
0.106
0.121
0.108
0.141
0.251
0.266
0.204
0.269
0.181
0.193
0.259
0.407
0.129
0.112
0.185
0.156
NA
0.135
0.19
0.159
0.154
0.148
0.188
0.188
0.139
0.192
0.266
0.248
0.428
0.192
0.141
0.161
0.031
0.109
0.173
0.187
0.192
0.188
0.215
0.286
0.153
0.211
0.152
0.188
0.188
0.197
0.409
0.278
0.165
0.167
0.173
0.138
0.231
0.246
0.144
0.253
0.266
0.188
NA
0.417
0.246
0.178
0.026
0.295
0.026
0.509
0.123
0.104
0.145
0.366
NA
0.189
0.119
0.307
0.22
0.208
0.234
0.124
0.204
0.169
0.145
0.204
0.204
0.358
0.283
0.396
0.304
0.204
0.139
0.109
0.091
0.098
0.098
0.113
0.275
0.243
0.267
NA
0.356
0.396
0.396
0.16
0.267
0.117
0.354
0.282
0.282
0.389
0.088
0.062
0.081
0.055
0.114
0.093
0.04
0.212
0.401
0.291
0.219
0.141
0.267
0.365
0.102
0.486
0.486
0.145
0.131
0.108
NA
0.085
0.08
0.062
0.077
0.1
0.093
0.142
0.177
0.148
0.133
0.146
0.146
0.136
0.116
0.222
0.419
NA
0.16
0.161
0.224
0
0.518
0.079
NA
0.339
0.087
0.237
0.257
0.192
0.21
0.265
0.264
0.304
0.213
0.296
0.197
0.373
0.248
0.195
0.335
0.304
0.172
0.157
0.304
0.394
0.079
0.408
NA
0.173
NA
0.219
0.158
0.18
0.174
0.125
0.17
0.095
0.375
0.178
0.301
0.184
0.186
0.251
0.228
0.19
0.157
0.176
NA
0.155
0.137
0.185
NA
0.153
0.141
0.162
0.075
0.18
0.151
NA
0.159
0.133
0.17
NA
NA
0.167
0.291
0.13
0.117
0.067
0.118
0.186
0.209
0.137
0.172
0.163
0.179
0.094
0.067
0.147
0.295
0.036
NA
0.031
0.136
0.153
0.175
0.285
0.237
0.05
0.069
0.147
0.14
0.127
0.125
0.05
0.11
0.115
NA
0.066
0.158
0.285
0.131
NA
NA
0.132
0.287
0.22
0.201
0.191
0.076
NA
0.21
0
0.019
0.237
0.342
0.107
0.097
0.144
0.269
0.178
0.032
0.326
0.348
0.108
0.21
0.21
0.21
0.406
0.101
0.023
0.21
0.21
0.21
0.128
0.22
0.148
0.129
0.091
0.149
0.213
0.213
NA
0.463
0.085
0.293
0.28
0.085
0.035
0.192
0.201
0.405
0.321
0.206
0.251
0.279
0.268
0.448
0.269
0.269
0.269
0.269
0.026
0.269
0.269
0.269
0.075
0.02
0.029
0.155
NA
0.344
0.178
NA
0.432
0.152
0.268
0.192
0.069
0.055
NA
NA
NA
0.288
0.223
0.341
0.042
0.27
0.401
0.313
0.285
0.21
0.108
NA
0.119
0.168
NA
NA
0.101
0.126
0.105
NA
0.312
0.186
0.222
0.107
0.072
0.016
0.248
0.104
0.023
0.127
0.074
0.107
0.045
0.133
0.138
0.085
0.274
0.147
0.427
0.244
0.158
0.19
0.24
0.153
NA
0.497
0.198
0.497
0.216
0.497
0.153
0.299
0.156
0.202
0.127
0.173
0.221
0.277
0.148
0.253
0.18
0.231
NA
NA
0.132
0.11
0.394
0.156
0.21
0.158
0.085
0.132
0.285
NA
0.406
0.193
0.245
0.067
0.052
NA
NA
0.252
0.144
0.178
NA
0.33
0.18
0.254
0.153
NA
NA
0.279
0.266
0.129
0.12
0.161
0.095
0.123
0.266
0.111
0.111
0.077
0.137
0.163
0.086
0.193
0.277
0.315
0.187
0.135
0.187
0.237
0.188
0.121
0.202
0.253
0.222
0.177
0.269
0.285
0.144
0.104
0.058
0.057
0.056
0.085
0.02
0.104
0.397
0.028
0
0.071
0.056
0.026
0.104
0.141
0.222
NA
NA
NA
NA
0.111
0.18
0.075
NA
NA
0.135
0.254
0.164
0.109
NA
0.269
0.157
0.24
0.242
0.179
0.15
0.179
NA
0.173
0.148
NA
0.112
NA
0.128
0.158
0.269
0.128
0.257
0.123
0.125
0.136
0.142
0.188
0.193
0.125
0.147
0.13
0.179
0.104
0.254
0.188
0.135
0
0.259
0.269
0.191
0.219
0.268
0.142
NA
0.321
0.187
0.491
0.445
0.305
0.202
0.134
NA
0.131
0.148
0.14
0.199
0.1
0.085
0.177
0.171
0.205
0.193
0
0.172
0.136
0.136
0.11
0.171
0.259
0.193
0.181
0.136
0.143
0.142
0.101
0.126
NA
NA
NA
0.152
0.185
0.232
0.194
0.131
0.208
0.112
NA
0.248
0.241
0.173
0.11
NA
0.182
0.195
0.115
0.198
0.254
0.278
0.185
0.192
0.318
0.238
0.131
0.192
0.135
0.131
0.107
0.228
0.296
0.306
0.251
0.418
0.464
0.374
0.192
0.125
0.153
0.228
NA
0.042
0.153
0.09
0.145
0.2
0.125
0.242
0.194
0.182
0.146
0.214
0.196
0.131
0.131
0.17
0.209
0.101
0.139
0.125
NA
0.198
0.157
0.125
NA
NA
0.159
0.229
0.195
0.186
0.218
0.208
0.255
0.218
0.154
0.061
0.153
0
0.261
0.198
0.182
0.199
0.142
0.186
0.062
0.149
0.177
0.177
0.23
0.302
0.313
0.435
0.184
0.286
0.171
0.269
NA
0.187
0.143
NA
0.268
0.187
0.176
0.17
0.149
0.098
0.135
0.14
NA
0.143
0.086
0.041
0.095
0.293
0.129
0.248
0.094
0.178
0.217
0.097
NA
0.182
0.178
NA
0.177
0.269
0.143
0.153
0
0.143
0.155
NA
NA
0.111
0.081
0.154
0.131
0.254
NA
0.157
0.331
0.136
NA
0.177
0.187
0.254
0.139
0.097
0.133
0.133
0.435
0.435
0.026
0.026
0.026
0.026
0.026
0.193
NA
0.46
0.072
0.017
NA
0.123
0.02
0.153
0.103
0.14
0.171
0.193
0.114
NA
0.146
0.123
NA
NA
0.126
0.104
0.183
0.177
0.098
0.113
0.133
0.104
0.185
NA
NA
0.133
0.129
0.133
0.416
0.374
0.327
0.547
0.306
0.327
0.157
0.133
0
0.21
0.21
0.21
0.304
0.181
0.129
NA
0.129
0.179
0.155
0.318
0.171
0.121
NA
NA
NA
NA
NA
NA
NA
NA
0
0.019
0.145
0.267
0
0.019
0.172
0.277
0.094
0.413
0.11
0.162
0.33
0.141
0.251
0.28
0.313
NA
0.202
0.199
0.261
0.251
0.168
0.136
0.258
0.324
0.338
0.113
0.163
0.258
0.153
0.18
0.394
0.015
0.026
0.096
NA
0.153
0.153
0.153
0.085
0.096
0.153
0.153
0.153
NA
NA
0.153
NA
0.153
NA
NA
0.153
0.085
NA
NA
NA
NA
NA
0.081
0.188
0.092
0.157
0.168
0.217
0.287
0.026
0.261
0.276
0.272
0.155
0.21
0
0
0.21
0.2
0.204
0.13
0.122
0.177
0.215
0.243
0.219
0.21
0.11
0.068
0.135
0.204
0.078
0.141
0.202
0.17
0.071
0.103
0.173
0.193
0.298
0.156
NA
0.233
0.14
0.071
0.154
0.136
0.168
0.182
NA
NA
NA
NA
NA
NA
NA
NA
NA
NA
0.269
0.102
0.159
0.143
0.062
NA
0.043
NA
0.147
0.15
0.137
0.586
0.185
0.386
0.201
0.179
0.135
0.147
0.12
0.161
0.085
NA
NA
0
NA
0.258
0.227
0.232
0.208
0.226
0.271
0.323
0.196
0.226
0.21
0.136
0.174
0.21
0.19
0.179
0.299
0.292
0.142
0.21
0.099
0.225
0.123
0.026
0.077
0.369
0.096
0.088
0.098
0.101
NA
0.024
0.109
0.337
0.372
0.151
0.21
0.21
0.193
0.202
0.172
0.187
0.338
0.119
0.478
0
0
0.021
0.344
0.173
0.17
NA
0.104
0.269
0.112
NA
0
0.068
0.334
NA
0.302
0.653
0.201
0.193
0.254
0.366
0.26
0.129
0.098
0.196
0.089
0.107
0.142
0.267
0.21
0.21
NA
0.21
0.21
0.21
0.181
0.192
0.158
0.158
0.192
0.079
0.09
0.221
0.21
0.268
0.149
0.158
0.158
0.276
NA
NA
0.168
0.189
0.184
0.195
NA
0.21
0.232
0.206
0.186
0.1
0.158
0.244
0.106
0.21
0.21
0.21
0.149
0.223
0.276
0.149
0.086
0.251
0
0
0
0.17
0.286
0.019
0.216
0
0.085
0.085
0.085
0.285
0.085
0.285
0.186
0.204
NA
0
0
0.22
0.254
NA
0.311
0.408
0.049
NA
0.026
NA
0.026
0.342
0.28
0.158
0.196
0.233
0.104
0.195
0.226
0.416
0.278
0.084
0.489
NA
0.099
0.139
0.144
0.105
0.344
NA
0.026
0.043
0.371
0.072
0.063
0.105
0.092
0.032
NA
NA
0.222
0.02
0.159
0.132
0.112
0.131
0.108
0.334
0.214
0.117
0.11
0.064
0.076
0.121
0.132
0.088
0.026
0.062
0.077
0.123
0.103
0.122
0.072
0.267
0.026
0.151
0.865
NA
NA
0.44
0.019
0.374
0.277
0.323
0.069
0.059
0.069
0.098
0.075
0.069
0.28
0.172
0.17
0.225
NA
0.133
NA
0.589
0.225
0.079
0.254
0.254
0.254
0.254
0.254
0.254
0.254
0.254
0.254
0.254
NA
0.138
0.303
0.14
0.193
0.081
0.097
0.082
0.115
0.127
0.127
0.094
0.418
0.311
0.317
0.105
0.269
0.225
0.161
0.104
0.244
0.256
0.197
0.212
0.261
0.136
0.041
0.432
0.212
0.154
0.24
0.16
0.045
0.259
0.176
0.097
0.132
0.167
0.448
0.124
0.154
0.162
0.184
0.345
0.147
0.291
0.162
0.107
0.155
0.253
0.15
0.107
0.2
0.21
0.319
0.145
0.175
NA
NA
NA
NA
NA
NA
NA
NA
NA
NA
NA
0.387
0.124
0.129
0.22
0.222
0.104
0.155
0.217
0.27
0.2
0.148
0.147
0.199
0.32
0.432
0.125
0.094
0.199
0.231
0.053
0.083
0.223
0.322
NA
0.194
0.153
0.298
0.095
0.124
0.149
0.137
0.148
0.362
0.201
0.171
0.171
0.129
NA
NA
NA
NA
NA
NA
NA
NA
NA
NA
NA
0.09
0.092
0.058
0.075
0.084
0.113
0.103
0.288
0.136
NA
0.071
0.146
0.115
0.052
NA
NA
0.463
0.119
0.197
0.379
0.508
0.24
0
0.175
0.111
0.165
0.113
0.094
0.304
0.274
0.339
NA
0.176
0.096
0.05
NA
0
0.264
NA
0.33
0.153
0.181
0.098
0.151
0.119
0.267
0.16
0.19
0.141
NA
0.157
0.148
0.114
0.157
0.104
0.216
0.163
0.075
0.157
0.124
0.087
0.17
0.254
0.147
0.166
NA
0.231
0.189
NA
NA
NA
0.153
0.184
0.026
0.192
0.159
0.208
0.314
0.301
0.128
0.321
0.301
0.161
NA
0.168
0.168
0.208
0.175
0.175
0.079
0.344
0.343
0.179
0.172
0.117
0.182
0.129
0.128
0.132
0.162
NA
0.153
0.16
0.17
0.269
0.156
0.452
NA
0.452
0.234
0.185
0.378
0.174
0.189
0.215
0.07
0.193
0.2
0.211
0.143
0.362
0.082
0.369
NA
0.21
0
NA
NA
NA
NA
NA
0.18
NA
0.117
0.187
0.123
0.196
0.09
0.124
0.124
0.14
0.157
0.184
0.239
0.148
0.14
0.178
0.179
0.124
0.22
0.135
0.172
0.169
0.359
0.089
0.081
0.146
0.179
0.026
0.132
0.148
0.137
0.29
0.11
0.122
0.3
0.228
0.077
0.162
0.078
0.212
0.116
0.154
0.152
0.117
0.115
0.167
0.09
0.187
0.206
NA
0.422
0.146
0.408
0.155
0.211
0.039
0.088
0.137
0.192
0.568
NA
0.404
0.02
0.313
NA
NA
0.026
0.193
0.017
0.195
0.234
0.191
NA
0.131
0.266
0.22
0.393
0.153
0.203
0.087
0.193
0.109
0.013
0.404
0.082
0.219
0
0
0.219
0
0
0.279
0.24
0.069
0.129
0.135
0
0
0.21
0
0.172
0.173
0.061
0.167
0.18
0.105
NA
0.373
0.188
0.218
0.374
0.269
NA
NA
0.187
0.153
0.312
0.458
0.131
0.228
0.202
0.112
0.099
0.165
0.201
0.127
0.109
0.201
0.14
0.113
0.092
NA
0.186
0.293
0
0.127
0.149
0.135
0.123
0.149
0.242
0.085
NA
NA
0.284
NA
NA
NA
NA
NA
0.147
0.21
0.088
0.267
0.175
0.16
0.218
0.182
0.124
0.124
0.119
0.172
0.468
0.099
0.057
0.074
0.093
0.142
0.171
NA
0.164
0.117
0.22
0.416
0.265
0.214
NA
0.074
0.439
0.123
NA
0.184
0.15
0.131
0.164
0.155
0.167
0.062
0.104
NA
0.096
0.473
0.342
0.144
0.231
0.248
0.093
0.172
0.109
0.013
0.109
0.235
0.12
0.141
0.163
0.16
0.119
0.205
0.134
NA
0.168
0.129
0.149
0.11
0.113
0.133
NA
0.189
0.129
0.225
0.269
0.091
0.213
0.114
0.237
0.061
NA
NA
NA
NA
NA
NA
0.164
0.123
0.297
0.152
0.093
0.104
NA
NA
NA
NA
NA
NA
NA
NA
NA
NA
0.283
NA
0.154
0.256
0.193
0.139
0.318
0.354
0.104
NA
0.23
0.237
0.361
0.051
0.257
0.061
0.137
0.147
0.141
0.15
0.136
0.232
0.049
0.17
NA
0.191
0.223
0.164
0.26
NA
0.223
0
NA
0.153
0.134
NA
NA
0.153
NA
NA
0.11
NA
0.153
0.096
NA
0.153
0.153
NA
0.153
0.153
0.173
0.173
0.198
NA
0.144
0.1
0.38
0.135
NA
0.138
NA
0.112
0.219
NA
NA
0.155
0.077
NA
0.064
0.096
0.061
0.234
0.137
NA
0.021
0.267
0.173
NA
0.434
0.155
0.107
0.128
0.2
0.135
0.129
0.304
0.119
0.726
0.082
0.07
0.413
0.136
NA
0.502
0.206
0.637
0.094
0.104
0.096
0.096
0.208
0.18
0.115
0.295
0.218
0.147
0.223
0.518
0.25
0.174
0.323
0.31
0.219
0.211
0.155
0.247
0.252
0.189
0.319
0.116
0.378
0.18
NA
0.099
0.246
0.251
0.269
0.337
0.224
0.114
0.289
0.309
0.359
0.247
0.427
0.196
0.264
0.134
0.129
0.184
0.05
0.104
0.026
0.252
0.21
0.162
NA
0.018
0.142
0.182
0.21
0.285
NA
NA
NA
0.096
0.08
0.181
0.201
0.174
0.238
NA
NA
NA
NA
NA
0.267
0.128
0.15
0.168
0.131
NA
0.279
0.085
0.085
NA
NA
NA
NA
NA
0.196
0.177
0.287
0.104
0.104
0.104
0.475
0.662
0.815
NA
NA
0.183
0.138
0.304
0.165
0.101
0.147
0.157
0.15
0.119
NA
NA
0.276
0
0.318
0.142
0.354
0.177
0.269
0.413
0.269
0.269
0.379
0.338
0.417
0.153
0.153
0.107
0.109
0.142
0.134
0.265
0.24
NA
0.146
0.113
0.137
0.1
0.507
0.257
0.086
0.14
0.174
NA
0.474
0.177
0.203
0.277
NA
0.191
0.093
0.085
NA
0.16
0.101
0.111
0.211
0.258
0.151
0.396
0.125
0.181
0.358
0.078
0.194
0.207
0.178
0.121
0.074
0.085
0.096
0.129
0.209
0.026
0.219
0.937
0.186
0.134
0.095
NA
0.173
0.114
0.156
0.151
0.126
0.142
0.131
0.149
0.107
0.098
0.107
0.08
0.164
0.16
0.173
0.174
0.143
0.105
0.219
0.104
NA
0.268
0.044
0.112
0.127
0.111
0.146
0.182
0.068
0.078
0.095
0.044
0.16
0.439
0.381
0.474
0.135
0.153
0.112
0.287
0.382
0.383
0.089
0.287
0.202
0.334
0.531
0.287
0.287
0.374
0.831
0.05
0.154
0.123
0.077
0.166
0.223
0.151
0.157
0.137
0.167
0.222
0.165
0.169
0.152
0.136
0.087
0.138
0.12
0.162
0.162
0.159
0.163
0.137
0.182
0.241
0.158
0.101
NA
0.124
0.156
0.09
0.245
0.175
0.182
0.165
0.188
0.157
0.362
0.229
0.171
0.193
0.361
0.205
0.231
0.184
0.171
0.207
0.129
0.186
0.085
0.185
0.405
0.118
0.095
0.101
0.188
0.176
NA
0.511
0.285
0.167
NA
0.47
0.098
0.067
0.192
NA
NA
0.611
0.285
NA
NA
0.285
0.273
0.108
0.101
0.312
0.291
0.328
0.412
0.266
0.296
0.129
0.155
0.228
0.261
0.243
0.247
0.157
NA
NA
NA
NA
NA
NA
0.147
0.087
0.136
0.128
0.269
0.121
0.092
0.19
0.141
0.216
NA
0.104
0.1
NA
0.139
0.197
0.717
NA
0.05
NA
0.365
0.154
0.254
0.254
0.254
0.225
0.254
0.254
NA
0.133
0.153
0.254
0.254
0.254
0.254
0.128
0.183
0.153
0.269
0.269
0.269
0.497
0.589
0.242
0.226
0.353
0.193
0.202
0.228
0.222
0.213
0.213
0.207
0.222
0.134
0.135
0.141
0.121
0.094
0.125
0.103
NA
0.102
0.205
0.199
0.195
0.159
0.203
0.175
0.1
0.085
0.172
0.207
0.272
0.33
0.139
0.159
0.141
0.105
0.337
0.153
0.187
0.104
0.104
0.104
0.104
0.104
0.104
0.104
NA
0.194
0
0
0.077
0.479
0.322
0.166
0.269
0.177
0.122
0.159
0.162
0.149
0.098
0.132
0.15
0.085
0.145
0.193
0.152
0.085
0.1
0.093
0.146
0.093
0.098
0.102
0
0.217
0.174
0.178
0.14
0.41
0.356
0.183
0.139
0.184
0.222
0.145
NA
0.189
0.091
0.119
0.085
NA
0.156
0.156
0.147
0.153
0.132
0.073
0.096
0.122
0.062
0.167
0.153
0.083
0.102
0.129
0.153
0.161
0.059
0.105
0.133
0.166
0.148
0.045
0.187
0.148
0.14
0.185
0.056
0.269
0
0.245
0
0.085
0.163
0.189
0.193
0.163
0.547
0.257
NA
NA
NA
0.261
0.279
0.216
0.292
0
0.153
0.14
0.193
0.251
0.135
0.129
0.269
0.101
0.134
0.172
0.158
0.1
0.076
0.109
0.104
0.106
0.108
0.137
0.126
0.271
0.15
0.085
0.467
0
0
0.087
0.135
0.129
0.249
0.237
0.193
0.177
0.148
0.38
0.141
0.111
0.166
NA
0.128
0.269
0.263
0.129
0.295
0.175
0.335
0.255
0.168
0.28
0.227
0.186
0.433
0.195
0.304
NA
0.153
0.379
0.377
0.466
0.162
0.236
0.189
0.146
0.198
0.172
0.172
0.175
0.246
0.17
0.234
0.306
0.192
0.232
NA
0.142
0.207
0.202
0.165
0.171
0.168
0.219
0.255
0.302
0.414
0.253
0.09
0.121
0.092
0.309
0.193
0.249
0.383
0.427
0.372
0.294
0.032
0
0.193
0.232
0.202
0.217
0.204
0.415
0.194
0.267
NA
0.092
0.076
0.142
0.068
0.062
0.206
0.144
0.401
0.085
0.169
NA
0.21
0.132
0.145
0.406
0.222
0.238
0.145
0.193
0.193
0.291
NA
0.199
0.14
0.195
0.095
0.242
0.247
0.316
0.163
0.875
NA
0.212
0.128
NA
0.161
0.189
0.148
0.173
0.154
0.149
0.413
0.259
0.229
0.152
0.254
0.178
0.055
0.156
0.341
0.356
0.328
0.369
0.236
0.116
0.166
0.168
0.141
0.314
0.347
0.445
0.421
0.376
0.376
0.182
0.429
0.507
0.378
0.434
0.188
0.188
NA
0.369
0.347
0.376
0.377
0.485
0.485
0.485
0.485
0.156
0.25
0.026
0.305
0.089
0.308
NA
NA
NA
NA
NA
NA
0.185
0.104
0.311
NA
0.142
0.142
0.171
0.102
0.026
0.082
0.104
0.193
0.145
0.254
0.173
0.224
0.185
0.017
0.139
0.221
0.062
0.254
0.281
0.238
0.123
NA
NA
0.129
0.149
0.352
0.189
0.156
0.389
0
0.181
0.022
0.269
0.269
0.269
0.153
0.153
0.133
NA
NA
NA
NA
NA
NA
NA
NA
NA
0.25
NA
0.127
0.111
0.204
0.111
0.124
0.254
NA
0.204
0.127
0.204
0.254
0.078
0.173
0.168
0.172
0.154
0.192
0.23
0.185
0.168
0.179
0.217
0.185
0.316
0.234
0.094
0.29
0.307
0.239
0.333
0.099
0.269
0.252
0.298
0.138
0.116
0.117
NA
NA
NA
NA
NA
0.109
0.169
NA
0.674
NA
0
0.221
0.211
0.181
0.124
0.14
0.176
0.148
0.174
0.05
0.374
0.172
0.243
0.33
0.23
0.115
0.21
0.285
0.085
0.134
0.075
0.157
0.154
0.072
0.18
0.172
0.115
0.102
0.096
0.042
0.116
NA
0.066
0.104
0.221
NA
NA
NA
0.153
0.298
0.118
0.207
NA
NA
NA
NA
0.147
0.129
NA
NA
0.151
0.19
0.184
0.258
0.171
0.074
0.149
0.016
0.215
NA
NA
NA
0.118
0.106
0.103
NA
NA
NA
NA
NA
NA
NA
NA
NA
NA
NA
NA
NA
NA
NA
NA
NA
0.269
0.019
0.04
0.092
0.265
0.153
0.153
0.129
0.102
0.136
0.137
NA
0.147
0.239
0.163
0.171
0.168
0.108
0.203
0.158
0.141
0.179
NA
0.178
0.27
0.13
0.238
0.24
0.186
0.202
0.193
0.161
0.301
0.245
0.101
0.141
0.137
0.146
0.159
0.141
0.223
0.092
0.139
0.149
0.177
0.04
0.112
0.051
0.055
0.113
0.201
0.072
0.127
0.115
0.047
0
0.051
0.114
0.164
0.096
0.256
0.034
0.117
NA
NA
0.713
0.05
0.05
0.254
0.095
NA
NA
0.104
0.254
0.254
0.241
0.246
0.208
0.288
0.062
NA
0.131
0.112
0.06
0.137
0.104
0.162
NA
0.14
NA
0.139
0.134
0.013
NA
0.27
0.118
0.095
0.152
0.152
0.239
NA
0.269
0.026
0.191
0.138
0.071
NA
0.174
NA
0.209
0.261
0.255
0.265
0
0.054
0
NA
0.125
0.103
0.285
0.076
0.146
0.105
NA
0.374
0.16
0.285
0
NA
0.205
0.107
0.189
0.058
0.147
0.269
NA
0.153
0.157
0.146
0.158
0
0.269
0.103
0.269
0.269
0.026
0.329
0.21
0.205
0.144
0.22
0.174
0.162
0.142
0.187
0.145
0.076
0.174
0.174
0.14
0.159
0.153
0.09
0.07
0.074
0.095
0.172
0.104
NA
0.222
0.235
0.13
0.132
0.153
0.183
0.215
0.081
0.133
0.269
0.269
0.133
0.149
0.154
0.234
NA
0.112
0.07
0.101
0.109
0.09
0.078
0.143
0.161
0.197
0.134
0.153
0.243
0.229
0.269
0.269
0.216
0.187
0.373
0.13
0.066
0.237
0.13
0.094
0.176
0.233
0.096
NA
0.154
0.22
0.165
0.073
0.227
0.153
0.234
0.144
0.245
0.119
NA
0.269
0.152
0.178
0.191
0.182
0.176
0.126
0.103
0.144
0.162
0.256
0.093
0.143
NA
0.156
0.265
0.169
0.163
0.187
0.171
0.187
0.175
NA
0.104
0.104
0.153
NA
0.113
0.076
0.1
0.129
0.075
0.074
0.255
0.302
0.269
0.33
0.12
NA
0.144
0.299
0.243
0.241
NA
0.089
0.114
0.171
0.193
0.149
0.084
0.173
0.143
0.13
0.097
0.429
0.126
0.114
0.218
0.235
0.245
0.238
0.37
0.126
0.184
0.181
0.31
0.161
0.161
0.176
0.376
NA
0.089
0.139
0.162
0.409
NA
0.174
0.127
0.143
0.14
0.141
0.129
0.169
0.157
NA
0.169
0.187
0.077
0.073
0.121
0.166
0.307
NA
0.088
0.108
0.131
0.159
0.163
0.083
0.079
0.123
0.123
0.153
0.111
0.129
0.134
0.269
0.269
0.135
0.058
0.211
0.141
0.12
NA
0.119
0.164
0.196
0.147
0.049
0.079
0.165
0.103
0.269
0.185
0.266
0.143
0.124
0.151
NA
0.106
0.167
0.184
0.106
NA
0.153
0.179
0.137
0.12
0.209
0.138
0.139
0.185
0.073
NA
0.073
0.133
0.147
0.154
0.177
0.073
0.188
0.165
0.118
NA
0.172
0.138
0.152
0.107
0.136
0.137
0.18
0.16
0.152
0.174
0.193
0.071
0.071
0.139
0.214
0.132
0.114
0.16
0.054
0.163
0.101
0.127
0.078
0.154
NA
0.118
0.164
0.084
0.163
0.224
0.167
0.156
0.151
0.181
0.184
0.18
0.165
0.193
0.17
0.198
0.153
0.13
0.135
0.179
0.141
0.1
0.125
0.061
0.122
0.101
0.15
0.258
0.16
0.104
0.101
0.105
0.026
0.17
0.017
NA
0.205
0.102
0.126
NA
0.105
0.093
0.099
0.206
0.21
0.082
0.141
0.152
0.049
0.071
0.09
0.119
0.061
0.109
0.131
0.109
NA
0.113
0.167
NA
0.186
0.259
0.384
0.164
0.16
0.181
NA
0.254
0.653
0.098
0.083
0.051
0.075
0.088
0.369
0.103
0.103
0.084
0.074
0.109
0.224
0.05
NA
0.185
0.252
0.17
0.156
0.13
0.126
0.084
0.138
0.174
0.217
0.295
0.136
0.158
0.176
NA
NA
NA
NA
0.112
0.071
0.101
0.121
0.168
0.149
0.064
0.231
0.154
0.04
0.086
0.103
0.285
0.115
0.119
0.089
0.133
0.135
0.152
0.151
0.251
NA
0.102
0.231
0.37
0.153
0.162
0.148
0.233
0.326
0.133
0.175
0.158
0.459
0.185
0.178
0.228
0.159
0.117
0
0.126
0.112
0.102
0.065
0.087
0.172
0.134
0.126
0.131
0.077
0.269
0.144
0.146
0.152
0.129
0.269
NA
0.05
0.147
0.112
0.112
0.193
0.168
NA
NA
0.112
0.137
0.266
0.14
0.15
0.13
0.177
0.106
0.106
0.269
0.063
0.097
0.263
0.111
0.142
0.181
0.069
0.182
0.133
0.11
0.145
0.208
0.15
0.148
0.156
0.173
0.154
NA
0.146
0.225
0.133
0.149
0.106
0.199
0.18
0.179
0.358
0.27
0.147
0.164
0.138
0.124
0.223
0.112
0.106
0.19
0.149
0.133
0.184
0.159
0.15
0.151
0.135
0.287
0.133
0.125
0.104
0.129
NA
0.112
0.154
0.079
0.166
0.215
0.158
0.049
0.208
0.166
0.119
0.179
0.134
0.166
0.169
0.155
0.23
0.125
0.173
0.157
0.218
0.189
0.205
0.196
0.112
0.094
0.16
0.07
0.121
0.151
0.166
0.196
0.129
NA
0.269
0.108
NA
0.153
0.171
0.165
0.2
0.307
0.19
0.1
NA
NA
NA
0.049
0.049
0.049
0.198
0.161
0.269
0.262
0.23
0.254
0.128
0.122
0.131
0.095
0.28
0.139
0.151
NA
NA
NA
NA
NA
0.056
0.064
0.21
0
0.255
NA
0.456
0.146
0.181
0.442
0.156
0.139
0.134
0.127
0.134
0.181
0.237
0.12
0.13
NA
NA
NA
NA
0.266
0.44
0.1
NA
0.103
0.221
NA
0.3
0.044
0.193
0.221
0.289
0.309
0
0.102
0.226
0
0.101
0.051
0.237
0.237
0.185
0.21
0.107
0.212
0.152
0.161
NA
NA
NA
NA
NA
NA
NA
NA
NA
0.285
NA
NA
0.347
0.144
0.338
0.291
0.221
0.207
0.16
0.135
0.172
0.138
0.197
0.184
0.323
0.291
0.103
0.304
0.351
0.349
NA
0.208
0.106
0.154
0.164
0.236
0.216
0.175
0.175
0.104
0.104
NA
0.162
0.347
0.333
0.314
0.333
0.125
0.17
0.318
NA
0.185
0.187
0.184
0.139
0.125
0.172
0.292
0.331
0.189
0.374
0.089
0.11
0.454
0.154
0.168
0.072
0.169
0.184
0.177
0.303
0.296
0.092
NA
0.329
0.267
0.329
0.412
0.422
0.185
0.058
0.058
0.05
0.161
0.254
NA
0.191
0.129
0.131
0.142
0.356
0.109
0.089
0.015
0.174
0.115
0.148
0.164
0.143
0.258
0.227
0.554
NA
0.164
0.232
NA
0.167
0.131
0.157
0.111
0.204
0.124
0.156
0.147
0.269
0.269
0.269
0.194
0.183
0.05
0.18
0.127
0.101
0.413
0.147
0.161
0.104
0.049
0.244
0.54
0.226
0.317
0.162
0.079
0.161
0.131
0.131
0.164
0.294
0.34
0.128
0.187
0.123
0.193
0.188
NA
NA
NA
NA
NA
NA
NA
0.111
0.096
0.153
0.153
0.026
0.153
0.153
0.153
0.153
0.391
NA
0.111
0.182
0.104
0.157
0.16
0.16
0.169
0.124
0.139
0.112
0.217
0.469
0.131
0.276
0
0.167
0.202
0.248
0.126
0.151
0.14
0.089
0.179
0.085
0.152
0
0.201
0.137
0.178
0.174
0.101
0.152
0.166
0.211
0.177
0.201
0.21
0.193
0.104
0.193
0.163
0.128
0.335
NA
0.278
0.168
0.169
0.22
0.151
0.269
0.138
NA
0.137
0.152
0.097
0.1
0.153
0.153
0.182
0.179
0.106
0.219
0.16
0.137
0.109
0.327
0.112
0.106
0.254
0.129
0.138
NA
0.358
0.171
0.15
NA
NA
NA
NA
0.172
0.251
NA
0.122
0.177
0.227
0.159
0.086
NA
0.237
0.237
0.12
0.129
0.072
0.067
0.108
0.113
0.324
NA
0.091
0.243
0.091
NA
NA
NA
0.055
0.137
0.285
NA
0.083
NA
0.086
0.12
0.126
0.169
0.118
0.187
0.252
0.145
0.217
0.235
0.152
0.142
0.201
0.123
0.144
0.063
0.111
0.134
0.124
0.184
0.134
0.15
0.169
0.153
0.148
NA
NA
0.092
NA
0.089
0.193
NA
0.167
0.147
0.212
0.151
0.214
0.218
0.098
0.186
0.19
0.4
0.105
0.227
NA
0.114
0.104
0.095
0.146
NA
0.133
0.264
0.537
0.345
0.282
0.186
NA
0.104
0.104
0.086
0.154
NA
NA
NA
NA
NA
NA
NA
NA
NA
NA
NA
NA
NA
NA
NA
NA
NA
NA
NA
NA
NA
NA
NA
NA
NA
NA
NA
NA
NA
NA
NA
NA
NA
NA
NA
NA
NA
NA
NA
NA
0.242
0.161
0.179
NA
NA
0.127
0.073
0.193
0.121
0.076
0.104
0.057
0.679
0.063
0.086
0.044
0.198
0.155
0.204
0.138
0.085
0.152
0.318
0.184
NA
0.12
0.285
0.116
0.313
0.193
0.136
0.11
0.112
0.15
0.13
0.118
0.103
0.161
0.084
0.313
0.056
0.266
0.266
0.193
0.217
0.194
0.189
0.203
0.225
0.232
0.098
0.164
0.392
0.294
0.026
0.225
0.067
0.417
NA
NA
NA
NA
NA
0.483
0.283
0.158
0.18
0.181
0.083
0.408
0.233
0.026
0.237
0
0.026
0.266
0
0.026
0.221
0.28
0.268
0.28
0.2
0.257
0.196
NA
NA
NA
NA
NA
NA
0.286
0.207
0.192
0.321
0.163
0.085
0.214
0.402
NA
0.11
0.268
0.377
0.199
0.112
0.106
0.236
0.218
0.135
0.157
0.215
0.177
0.119
0.191
0.121
0.223
NA
NA
0.087
0.376
0.119
0.091
0.14
0.141
NA
NA
0.111
0.072
0.511
0.135
0.213
0.277
0.085
0.214
0.099
NA
0.21
0.091
0.125
0.308
NA
NA
NA
NA
0.222
0.123
0.469
0.12
0.371
0.326
0.154
0.137
0.198
0.177
0.22
0.121
0.101
0.112
0.103
0.129
0.102
0.592
0.121
0.104
0.173
0.066
NA
NA
0.086
0.189
0.448
0.158
0.374
0.104
0.05
0.104
NA
NA
0.875
0.129
0.129
0.129
0.875
NA
NA
NA
NA
0.121
0.131
0.138
0.171
0.156
0.162
0.162
0.181
0.16
0.252
0.366
0.165
0.132
0.18
0.12
0.269
0.174
0.189
0.191
0.213
0.095
0.086
0.169
0.154
0.109
0.216
0.188
0.171
0.254
0.104
0.181
0.287
0.228
0.374
0.177
0.214
0.198
0.132
0.168
0.204
0.216
0.188
0.149
NA
NA
0.153
NA
NA
0.105
0.384
0.112
0.182
0.195
0.2
NA
0.359
0.079
0.255
0.399
NA
0.141
0.105
0.196
0.328
0.138
0.095
0.146
0.11
0.156
0.193
0
0
0.115
0.191
0.147
0.163
0.144
0.177
0.126
0.11
0.424
0.085
NA
0.204
0.254
0.222
NA
NA
0.238
0.144
0.131
NA
NA
0.184
0.151
0.163
0.379
NA
0.155
0.122
NA
0.077
0
0.128
0.176
0.153
NA
0.219
0.131
0.36
0.202
0.316
0.185
0.207
0.02
0.192
0.154
0.234
0.508
0.187
0.164
0.254
0.435
0.389
0.18
0.237
0.313
0.275
0.192
0.145
0.197
0.178
0.268
0.202
0.21
0.271
0.254
0.153
0.254
0.225
0.085
0.112
0.112
0.112
0.112
0.334
0.299
0.317
0.145
0.153
0.204
0.14
0.159
0.13
0.104
0.167
0.05
0.167
0.229
0.123
0.229
0.491
0.129
0.193
0.117
0.144
0.534
0.269
0.104
0.129
0.05
0.05
0.129
0.131
0.141
0.12
0.144
NA
0.157
0.118
0.216
0.199
0.212
0.225
0.236
0.148
0.132
0.322
0.167
0.179
NA
0.187
0.08
NA
0.173
0.185
0.177
0.372
0.188
0.2
0.54
0.54
0
0.319
0.319
0.163
0.161
0.104
0.104
0.135
0.236
0.13
0.236
0.393
0.204
0.225
0.323
0.147
0.36
0.359
0.197
0.323
0.401
0.359
0.119
0.174
0.223
0.137
0.318
0.143
0.191
0.254
0.115
0.139
0.115
0.312
NA
0.291
0.15
0.377
0.151
0.153
0.153
NA
NA
NA
NA
0.044
0.152
0.173
0.118
0.087
0.162
0.158
0.138
0.132
0.1
0.16
0.132
0.141
0.128
0.205
0.134
0.106
0.103
0.118
0.122
0.135
0.135
0.139
0.081
0.108
0.109
0.157
0.128
0.119
0.118
0.118
0.147
0.123
0.148
0.151
0.145
0.121
0.115
NA
0.193
NA
0.286
0.128
0.267
0.177
0.069
NA
0.756
0.199
0.384
NA
NA
NA
NA
NA
0.104
0.153
0.08
0.075
0.076
0.059
0.152
0.219
0.331
0.216
0.285
0.285
0.148
0.12
0.388
0.104
0.053
0.418
0.153
0.455
NA
NA
NA
0.269
0.096
0.283
0.111
0.179
0.153
0.307
0.112
0.112
0.193
0.112
0.061
0.059
0.072
0.139
0.16
0.11
0.188
0.063
0.152
0.129
0.079
0.364
NA
0.11
NA
NA
0.173
NA
0.113
0.149
0.222
0.152
0.294
0.292
0.436
NA
0.268
0.211
0.191
0.05
0.075
0.419
0.151
NA
0.403
0.393
0.502
0.277
NA
0.221
0.21
0.199
NA
0.285
0.353
0.112
0.219
NA
0.16
0.178
0.129
0.153
0.152
0.155
NA
0.022
NA
0.162
0.195
0.152
NA
NA
NA
NA
NA
0.129
0.153
0.138
0.195
0.142
0.151
0.143
0.192
0.187
0.158
0.154
0.109
NA
0.17
0.15
0.167
0.125
NA
0.269
NA
NA
NA
NA
NA
NA
NA
0.184
0.084
0.182
0.342
0.221
0.172
0.155
0.178
0.09
0.204
0.173
0.254
0.133
0.254
0.254
0.254
0.489
0.272
0.216
0.168
0.397
0.309
0.093
0.082
0.105
0.279
0.176
0.107
0.32
0.1
0.159
NA
NA
0.246
0.153
0.35
0.256
0.113
0.153
0.247
0.161
0.145
0.221
0.247
0.247
0.148
0.393
0.08
0.152
0.28
0.215
0.085
0.201
0.212
0.208
0.157
NA
0.123
0.074
0.088
0.235
0.255
0.02
NA
0.181
NA
NA
0.026
0.05
0.367
0.08
0.08
0.183
0.209
0.035
0.017
0.254
0.125
0.153
0.172
0.185
0.122
0.023
0.117
0.169
0.145
0.108
0.149
0.134
0.334
0.134
0.134
0.154
0.23
0.334
0.385
0
0.166
0.139
0.22
0
0.21
0.21
0.21
0.21
NA
NA
NA
0.21
NA
NA
NA
0
0
0
0.21
NA
0
0
0.21
NA
0
0.21
0
NA
0.226
0.293
0.222
0.54
0.3
0
0
0
0
0
0.276
0.141
0.255
NA
NA
NA
0.16
0.173
0.144
0.21
0.12
0.21
0.149
0.149
0.149
0
0.075
0.126
0.074
0.202
0.185
NA
0.21
0.132
0.21
0.404
0.025
0.203
0.224
0.248
0.127
0.036
NA
0.121
0.124
0.374
0.296
NA
0.142
0.254
0.254
0.291
0.288
0.142
0.111
NA
0.193
0.172
0.266
0.141
0.162
0
0.061
0.131
0.164
0.233
NA
0.197
0.128
0.421
NA
0.067
0.16
0.161
0.216
0.237
0.141
0.083
0.294
0.162
0.338
0.33
0.32
0.256
0.338
0.285
0.345
NA
NA
0.018
0.232
0.215
0.301
0.192
0.068
0.231
0.245
0.192
0.389
0.554
0.193
0.124
0.213
0.269
0.204
NA
0.454
0.204
0.56
0.026
0.193
NA
NA
NA
0.112
0.267
0.117
0.148
0.164
0.182
0.153
0.153
NA
0.204
0.192
0.19
0.153
0.153
NA
0.153
0.153
NA
NA
NA
NA
NA
0.133
0.171
0.21
0.156
0.14
NA
NA
NA
0.217
0.376
0.148
0.174
0.301
0.399
0.407
0.344
0.193
0.026
0.157
0.026
0.179
0.126
0.02
0.466
NA
NA
NA
NA
NA
NA
NA
NA
0.105
0.149
0.176
0.207
0.154
0.122
0.035
0.207
0.05
0.167
NA
NA
0.104
0.104
0
0.104
0.191
0.237
0.363
0.103
0.085
0.085
0.285
0.237
NA
0.285
0.285
NA
0.285
0.269
0.129
0.026
0.026
0.269
0.269
0.129
0.104
0.269
0.269
0.269
0.269
0.21
0.348
0.161
0.307
0.407
0.218
0.128
NA
NA
0.107
0.11
0.349
0.285
NA
NA
0.21
0.21
0.21
0
0
0.092
NA
0.157
0.124
0.153
0.319
NA
NA
NA
NA
0.212
0.368
0.117
NA
0.097
0.132
0.099
0.117
0.034
0.038
0.139
NA
0.16
NA
0.09
0
0.16
0.038
NA
0.085
0.066
0.172
0.151
0.262
0.264
0.192
0.151
0.257
0.133
0.254
0.095
NA
NA
0.048
0.388
0.197
NA
0.224
0.14
0.177
0.198
0.342
0.318
0.015
0.015
0.157
0.138
0.105
0.138
0.501
0.14
NA
NA
NA
NA
NA
0
NA
0.285
0.177
0.178
0.129
0.256
NA
0.128
0.249
0.154
0.133
0.103
0.089
0.17
0.126
0.134
0.17
0.131
0.128
0.1
0.142
0.104
0.211
0.166
0.143
0.102
0.413
0.085
0.241
NA
0.049
0.289
0.141
0.086
0.152
0.153
0.193
0.193
0.193
0.193
0.19
0.193
0
0.27
0.429
0.044
0.124
0.234
0.074
0.091
0.026
0
0.08
0.058
0.173
0.178
NA
NA
NA
NA
NA
NA
NA
NA
0.098
0.076
NA
0.055
0
NA
0.121
0.081
0.132
0.161
NA
0.026
0.152
NA
0.103
0.088
0.015
NA
0.105
0.018
0.085
0.102
NA
0.013
0
0
NA
0.334
0.209
0.252
0
NA
0.15
0.015
NA
0.193
0
0.266
0.202
0.023
0.078
0.058
0.132
NA
0.128
0.342
0.128
0.498
0.243
0.167
0.192
0.159
0.182
0.162
0.178
0.195
0.141
0.337
0.164
0.419
0.428
0.403
0.147
0.132
0.096
0.236
0.149
0.215
0.196
0.386
0.189
0.472
0.089
0.258
0.22
0.189
0.173
NA
0.165
0.172
0.064
0.192
NA
0.149
0.196
0.206
NA
0.195
0.187
0.19
0.265
0.187
0.496
0.17
0.187
0.258
0.209
0.152
0.191
0.084
0.155
0.283
0.363
0.099
0.254
0.254
0.206
0.214
0.156
0.32
0.233
0.188
0.352
0.232
0.106
0.086
0.061
0.405
0.117
0.596
0.402
0.555
NA
NA
NA
NA
0.563
NA
NA
NA
NA
0.277
0.18
0.286
0.246
0.367
0.318
0.288
0.084
0.13
0.033
0.123
0.092
0.134
0.225
0.115
0.219
0.108
0.348
0.208
0.116
0.132
0.309
0.311
0.162
0.133
0.224
0.313
0.153
0.159
0.345
0.303
0.237
0.307
0.357
0.281
0.173
0.203
0.331
0.215
0.12
0.116
0.108
0.102
0.162
0.128
0.099
0.082
0.231
0.105
0.191
0.269
0.129
0.269
0.269
0.138
0.146
NA
NA
0.153
0.153
0.153
0.153
0.153
0.153
NA
0.153
0.153
0.153
0.153
0.153
NA
0.153
0.204
0.156
0.188
0.125
0.143
0.17
0.17
0.178
0.18
0.127
0.202
0.204
0.12
0.152
0.148
0.204
0.148
0.175
0.232
0.142
0.026
0.168
0.204
NA
0.215
0.216
0.149
0.162
0.162
0.141
0.142
0.132
0.275
0.205
0.153
0.434
0.169
0.172
0.306
0.365
0.208
0.514
0.165
0.153
0.497
0.198
0.225
0.225
0.153
0.497
0.225
0.497
0.225
0.153
0.497
0.133
0.11
0.124
0.131
0.153
0.129
0.136
0.21
0.112
0.112
0.045
0.026
NA
0.263
0.241
0.11
0.208
0.127
0.076
0.086
0.17
0.223
0.144
0.123
0.129
0.08
NA
0.115
0.195
0.16
0.223
0.109
NA
0.146
0.233
0.153
0.13
0.151
0.149
0.117
0.114
0.212
0.156
0.125
0.119
0.181
0.172
0.132
0.175
0.184
0.199
0.098
0.237
0.146
0.204
0.161
0.152
0.197
0.168
0.137
0.173
0.177
0.19
0.16
0.193
NA
0.173
0.075
0.164
NA
0.235
0.177
0.37
0.157
0.12
0.084
0.135
0.121
0.104
0.186
0.196
0.083
0.185
0.181
0.121
0.25
0.244
0.224
0.266
0.021
0.269
0.174
0.193
0.158
0.309
0.407
0.168
0.148
0.237
0.288
0.171
0.155
0.212
0.148
0.351
0.147
NA
0.189
0.153
0.153
0.307
0.213
0.379
0.37
0.131
0.223
0.179
0.166
0.19
0.198
0.131
0.136
0.209
0
0
0
0
0
0.026
0.273
0.113
0.084
0.157
0.151
0.052
0.299
0.299
0.168
0.173
NA
0.193
0.104
0.104
0.179
0.164
0.182
0.109
0.193
0.114
0.155
0.121
0.068
0.11
0.254
0.179
0.134
0.108
0.15
0.134
0.194
0.195
0.254
0.19
0.176
0.113
0.254
0.254
0.183
0.071
0.026
0.145
0.129
0.013
0.021
0.021
0.143
0.16
0.105
0.132
0.139
0.133
0.123
0.134
0.262
0.048
0.062
0.141
0.152
0.015
0.026
0.022
0.131
0.138
0.217
0.195
0.05
0.095
0.162
0.066
0.503
0.187
0
NA
0.195
0.189
0.185
0.304
0.255
0.357
NA
0.211
0.53
0.23
0.194
0.101
0.132
0.202
0.148
0.142
0.093
0.113
0.144
0.028
0.146
0.478
0.356
0.289
0.353
0.24
0.207
NA
0.203
0.323
0.207
0.161
NA
0.156
0.42
0.22
0.269
0.328
0.107
0.164
0.156
0.068
0.21
0.181
0.094
0.194
0.121
0.15
0.235
0.205
0.102
0.061
0.206
0.107
0.131
0.204
0.156
0.133
0.321
0.2
0.108
0.129
0.153
0.02
0.166
0.152
0.139
0.108
0.127
0.17
0.137
0.084
0.201
0.167
0.114
0.426
0.256
0.056
0.245
0.129
0.129
0.129
0.129
0.245
0.245
0.548
0.548
0.513
0.302
0.1
0.092
0.195
0.648
0.132
0
0
0
0.042
0.027
NA
0.235
0.308
0.137
0.229
0.251
0.143
0.121
0.14
0.211
0.234
0.186
0.291
0.211
0.336
0.234
0.191
0.243
0.558
0.298
0.203
0.488
0.219
0.362
0.422
0.391
0.38
0.172
0.274
0.21
0.492
0.485
0.602
0.215
0.157
0.137
0.126
0.13
0.169
0.306
0.362
0.457
0.382
0.435
0.502
0.33
0.366
0.202
0.407
0.437
0.328
0.441
0.349
0.345
0.406
0.195
0.378
0.391
0.192
0.29
0.153
0.325
0.255
0.47
0.133
0.02
NA
0.149
NA
0.458
0.458
0.211
0.232
0.243
0.206
0.23
0.293
0.191
0.442
0.212
0.354
0.717
0.153
0.179
0.208
0.45
0.636
0.34
0.293
0.153
0.136
0.151
0.267
NA
0.653
0.202
NA
NA
0.216
0.117
0.211
0.153
0.284
0.317
0.153
0.117
0.123
0.128
0.183
0.204
0.144
0.24
0.174
NA
0.327
0.234
0.125
0.241
0.327
0.153
0.153
0.128
0.188
0.204
0.153
0.05
0.119
0.153
0.132
0.084
0.224
0.165
0.159
0.269
0.159
0.154
0.157
0.159
0.129
0.254
0.125
0.272
0.105
0.085
0.094
0.125
0.227
NA
0.175
0.223
0.179
0.082
0.044
0.617
0.026
0.104
0.278
0.175
0.148
0.198
0.227
0.153
0.254
0.247
0.238
0.269
0.124
0.338
0.242
0.378
0.202
0.114
0.228
0.377
0.151
0.195
0.318
0.13
0.181
0.494
0.12
0.361
0.224
0.305
0.465
0.099
0.237
0.289
0.154
0.166
0.186
0.721
0.104
0.269
0.084
0.159
0.084
0.096
0.159
0.266
0.114
0.136
0.153
0.153
0.153
0.153
0.171
NA
0.285
0.248
0.192
0.184
0.21
0.266
0.219
0.343
0.339
0.1
0.21
0.049
0.276
0.235
0.213
0.19
0.184
0.13
0.366
0.117
0.209
0.176
0.261
0.067
0.129
0.188
0.164
0.311
0.387
0.321
0.024
0.08
0.029
0.031
0.118
0.025
0.022
0.02
0.205
0.122
0.22
0.134
0.273
0.425
0.013
0.032
0.17
0.302
0.067
0.111
0.281
0.295
0.27
0.284
0.284
0.21
0.281
0.051
0.043
0.194
0.062
0.159
0.097
0.111
0.078
0.164
0.059
0.106
0.051
0.374
0.15
0.062
0.071
0.131
0.017
0.217
0.094
0.075
0.142
0.125
0.306
0.449
0.039
0.251
0.191
0.128
0.22
0.118
0.182
0.295
0.069
0.21
0.161
0.165
0.193
0.211
0.222
0.249
0.17
0.074
0.227
0.156
0.329
0.065
0.021
0.278
0.293
0.287
0.293
0.292
0.236
0.094
0.289
0.269
0.365
0.302
0.126
0.288
0.21
0.112
0.352
0.354
0.19
0.293
0.33
0.158
0.412
0.17
0.318
NA
0.124
0.188
0.158
0.173
0.183
0.162
0.208
0.168
0.161
0.173
0.124
0.178
0.226
0.155
0.157
0.192
0.184
0.159
0.162
0.176
0.172
0.116
0.18
0.254
0.231
0.165
0.029
0.175
0.205
0.14
0.153
0.158
0.178
0.158
0.049
0.16
0.094
0.232
0.145
NA
0.122
0.114
0.146
0.135
0.199
0.481
0.18
0.203
0.21
0.225
0.225
0.122
0.05
0.263
0.263
0.283
0
0.278
0.209
0.161
0.249
0.266
0.245
0.066
0.38
0.269
NA
0.05
0.129
0.269
NA
0.269
0.104
NA
NA
NA
NA
NA
NA
NA
NA
NA
NA
NA
NA
NA
NA
NA
NA
NA
NA
NA
NA
NA
NA
NA
NA
NA
NA
NA
NA
0.204
0.067
0.193
0.126
0.098
0.345
0.088
0.101
0.15
0.261
0.395
0.244
0.23
0.29
0.321
0.24
0.183
0.274
0.129
0.104
0.096
0.232
0.286
0.219
0.138
0.273
0.174
0.233
0.226
0.433
0.444
0.023
0.392
0.458
NA
0.408
0.269
0.376
0.05
0.269
NA
0.144
0.361
0.418
0.527
0.444
0.183
0
0.181
0.463
0.463
0.463
0.323
0.387
0.208
0.142
0.228
0.141
0.23
0.086
0.246
0.247
0.026
0.217
0.219
0.265
0.251
0.302
0.29
0.174
0.174
0.052
0.157
0.305
0.282
0.249
0.228
0.228
0.077
0.121
0.251
0.29
0.024
0.195
0.168
0.304
0.185
0.321
0.189
0.113
NA
0.177
0.17
0.165
0.087
0.123
0.14
0.179
0.254
0.256
0.251
0.399
0.175
0.17
0.227
0.134
0.173
0.114
0.188
0.023
0.2
0.193
0.172
0.141
0.219
0.173
0.116
0.094
0.092
0.103
0.117
0.108
0.125
0.085
NA
0.269
NA
0.262
0.097
0.138
0.246
NA
0.124
0.137
NA
NA
0.395
0.572
0.196
0.268
NA
0.245
0.157
0.423
NA
0.469
0.199
0.152
NA
NA
0.254
0.254
NA
NA
0
0.104
0.05
0
0.026
0.148
0.103
NA
0.096
NA
0.111
0.155
0.104
NA
0.177
0.096
0.157
0.066
0.362
0.125
NA
0.172
NA
NA
NA
0.149
0.32
0.592
0.292
0.136
0.142
NA
0.269
NA
0.214
0.261
0.201
0.261
0.068
0.128
0.085
0.165
0.265
NA
NA
0.083
0.077
0.211
NA
0.166
NA
0.137
0.216
NA
0.172
0.564
0.442
0.2
0.269
0.162
0
0.302
NA
NA
0.446
0.15
0.142
0.068
0.258
NA
0.126
0.194
0.128
NA
0.093
0.193
0.16
0.141
0.123
0.167
0.169
0.216
0.162
0.202
0.215
0.379
0.195
0.156
NA
0.2
0.089
0.164
NA
0
0.108
0
0.267
0.076
0.183
0.179
0.153
0.026
0.463
0.098
0.05
NA
0.192
0.182
0.033
0.137
0.21
NA
0.088
0.067
0.05
0.026
0.026
0.249
0.164
0.026
0.136
0.209
0.199
0.251
0.134
0.074
0.022
0.151
0.105
0.026
0.081
0.194
0.099
0.104
0.214
0.267
0.101
0.139
0.186
0.279
0.154
0.384
0.119
0.267
0.139
0.159
0.123
0.134
0.294
0.238
NA
0.137
0.108
0.161
0.163
0.139
NA
0.176
0.189
0.131
0.163
0.158
0.139
0.142
0.204
0.106
0.129
0.182
0.078
0.21
0
0.112
0.049
0.159
0.132
0.112
0.131
0.227
0.159
0.129
0.108
0.1
0.117
0.142
0.085
0.334
0.076
0.124
NA
0.148
NA
NA
0.097
0.102
0.15
0.136
0.118
0.174
0.099
0.17
0.133
0.189
NA
0.248
0
0.15
0.156
0.392
0.397
0.375
0.17
0.29
0.104
0.104
0.104
0.104
0.104
0.104
0.056
0
0.049
0.279
0.042
0.027
NA
0.042
NA
0.107
0.125
0.113
0.092
0.383
NA
0
0.181
0.248
0.153
0.153
0.153
0
0.026
0.342
0.026
0.026
0.104
0.281
0.176
0.149
0.159
0.19
0.279
0.141
0.171
0.248
0.182
0.312
0.17
0.332
0.136
0.254
0.143
0.146
0.124
0.195
0.254
0.067
0.153
NA
0.124
0.126
0.146
0.106
NA
0.139
0.205
0.116
0.096
0.212
NA
NA
0.307
0.153
NA
NA
NA
0.189
NA
0.085
0.12
0.195
0.061
0.18
NA
0.235
0.137
0.074
0.156
NA
0.274
0.285
0.237
0.261
0.2
0.225
0.225
0.143
NA
0.28
0.208
0.271
0.108
0.141
0.075
0.074
0.136
0.252
0.146
0.179
0.235
0.153
0.153
0.296
0.454
NA
0.15
0.235
0.223
0.109
NA
NA
0.153
0.132
0.357
NA
0.14
0.129
0.05
0.122
0.094
0.129
NA
0.085
NA
NA
NA
NA
NA
NA
NA
NA
NA
NA
NA
NA
NA
NA
NA
NA
NA
NA
NA
NA
NA
NA
NA
NA
NA
NA
0.209
0.241
0.241
0.13
0.105
0.153
0.285
0.228
NA
0.076
0.083
0.158
0.278
0.322
NA
0.209
0.258
0.091
0.133
0.368
0.23
0.272
0.12
0.052
0.164
0.242
0.271
0.29
0.232
0.142
0.129
0.269
0.269
0.269
0.129
0.098
0.191
0.388
NA
NA
NA
NA
NA
NA
NA
NA
0.013
0.119
0.431
NA
0.091
0.163
0.192
0.142
0.249
NA
NA
NA
NA
NA
0
0
NA
NA
NA
0.27
0.212
NA
NA
0.197
0.48
0.218
NA
0.111
0.105
0.084
0.146
0.099
0.147
0.243
0.022
0.327
0.14
0.186
0.292
0.079
0.182
0.145
0.107
0.169
0.106
0.204
0.148
0.152
0.117
0.163
0.058
0.061
0.077
0.05
0.128
0.09
NA
NA
NA
NA
NA
NA
NA
NA
NA
NA
0.143
0.143
0.274
0.184
0.112
0.216
0.112
0.212
0.166
0.15
0.161
0.271
0.295
0.167
0.169
0.157
0.325
0.104
0.171
0.206
0.123
0.174
0.155
0.207
0.224
0.133
0.152
0.222
0.184
0.251
0.189
0.192
0.342
0.142
0.162
0.154
0.2
0.431
0.361
0.504
0.158
0.121
0.193
0.103
0.162
0.106
0.093
0.216
0.22
0.16
0.317
0.237
0.106
0.072
0.258
0.154
0.112
0.046
0.091
0.061
0.04
0.084
0.143
0.219
0.178
0.085
0.104
NA
0.132
0.144
0.153
0.066
0.144
0.116
0.084
0.137
NA
0.269
NA
0.188
0.183
0.092
NA
0.153
0.125
0.04
0.157
0.269
0.129
0.103
0.318
0.216
0.186
0.138
0.14
0.269
0.084
0.241
0.104
0.316
0.269
0.153
0.157
0.158
0.217
0.091
0.439
0.267
0.186
0.157
0.179
0.138
0.183
0.151
0.14
0.121
0.147
0.164
0.141
0.149
0.155
NA
0.163
0.19
0.072
0.05
0.193
0.141
0
0.153
0.065
0.153
0.179
0.075
0.096
0.174
0.13
0.269
0.129
0.217
0.207
0.189
NA
0.193
0.193
0.246
0.15
0.075
0.02
0.17
0.022
0.284
0.299
0.254
0.295
0.096
0.273
0.138
0.05
0.205
0.169
0.15
0.193
0.456
0.174
0.221
0.176
0.144
0.087
0.314
0.268
0.329
0.16
0.209
0.026
0.026
0.193
NA
NA
NA
NA
NA
NA
0.269
0.157
0.235
0.149
0.178
0.179
0.249
0.256
0.179
NA
NA
NA
NA
NA
NA
0.186
0.097
0.137
0.125
0.035
0.143
NA
0.128
0.013
NA
NA
NA
0.136
0.352
0.129
0.219
0.048
0.201
0.129
0.026
0.026
0.193
0.269
0.254
0.143
0.183
0.158
0.108
NA
0.178
0.253
0.354
0.256
0.302
0.23
0.185
0.151
0.285
0.1
0.269
0.153
0.153
NA
0.154
0.238
0.104
0.111
0.115
0.13
0.13
0.296
NA
0.134
0.153
0.219
0.107
NA
NA
0.327
0.431
0.102
0.085
0.085
0.413
0.413
0.255
0.269
NA
NA
NA
NA
0.153
0.153
0.272
0.174
0.154
0.142
0.05
0.153
NA
NA
NA
NA
0.112
NA
0.134
0.069
0.085
0.129
0.094
0.11
0.18
NA
NA
NA
0.219
0.026
0.142
0.244
0.34
0.374
0.374
0.112
0.049
0.309
NA
NA
0.269
0.129
0.277
0.134
0.199
0.254
NA
NA
NA
0.254
0.193
0.123
0.141
0.149
0.187
0.198
0.177
0.172
0.143
0.901
0.27
NA
0.259
NA
NA
NA
NA
0.193
0.193
0.13
0.077
0.193
0.13
0.244
0.332
0.117
0.321
0.05
NA
NA
0.122
0.287
NA
NA
NA
0.129
NA
0.222
0.155
0.35
NA
0.182
0.152
NA
NA
0.104
NA
NA
0.152
0.269
0.269
0.269
0.203
0.507
0.136
0.137
0.125
0.165
0.148
0.15
0.142
0.158
0.075
NA
NA
0.179
0.203
NA
0.158
0.218
0.315
0.286
0.309
0.285
0.189
0.18
NA
NA
0.101
0.11
0
0.142
0.125
0.086
0.457
0.457
0.189
0.105
0.137
0.517
NA
0
NA
0.21
0.21
0.085
0
0.088
0.106
0.201
0.186
0.236
0.188
NA
0.123
NA
0.136
0.176
0.129
0.196
0.133
0.065
0.164
NA
NA
0.212
0.116
0.128
0.126
0.118
0.297
NA
0.23
0.285
0.39
NA
NA
0.193
0.193
0.142
NA
NA
NA
NA
NA
0.413
0.134
0.098
0.176
0.116
0.26
0.154
0.203
0.21
0.176
0.147
0.145
0.178
0.129
0.128
0.102
0.177
0.269
0.155
0.158
0.159
0.284
0.146
0.115
0.089
0.129
0.118
0.269
0.315
0.131
0.116
0.116
0.103
0.13
0.179
0.158
0.227
0.152
0.134
NA
0.179
0.185
0.341
0.135
0.275
0.141
NA
NA
NA
0.254
0.254
0.254
0.254
0.254
NA
0.178
0.141
0.12
0.549
0.209
0.19
0.241
0.128
0
0.153
0.136
0.176
0.165
0.127
0.181
0.182
0.164
0.148
0.161
0.139
0.158
0.125
0.121
0.158
0.237
0.114
0.191
NA
0.138
0.199
0.11
0.203
NA
0.173
0.548
0.548
0.117
0.113
0.076
0.086
0.086
0.105
0.169
0.253
0.139
0.215
0.175
0.256
0.202
0.287
0.062
0.163
0.139
0.103
0.269
0.15
0.199
0.269
0.32
0.118
0.118
0.283
0.283
0.183
0.153
0.05
0.212
0.397
0.219
0.201
0
0.283
0.122
0.12
0.134
NA
NA
NA
NA
NA
NA
0.11
0.11
0.1
0.157
0.125
0.26
0.29
0.175
0.248
0.112
0.157
0.161
0.168
0.111
0.107
NA
0.413
0.189
0.128
0.369
0.153
0.154
0.105
0.105
0.176
0.129
0.116
0.062
0.167
0.181
0.05
0.092
0.032
0.048
0.173
0.128
0.148
0.05
0.178
NA
0.078
0
0.128
0.096
0.138
NA
0.137
0.072
NA
NA
NA
NA
0.116
0.066
0.118
0.094
0.094
0.084
0.026
0
NA
0.064
NA
NA
NA
0.11
0.05
0.056
NA
NA
NA
NA
NA
NA
NA
NA
NA
NA
0.18
0.193
0.026
0.05
NA
NA
NA
NA
NA
NA
NA
NA
NA
NA
NA
NA
NA
NA
NA
NA
NA
NA
NA
NA
NA
NA
NA
NA
NA
NA
NA
NA
NA
NA
NA
NA
NA
NA
0.214
NA
0.269
NA
NA
0.073
0.055
0.026
NA
0.193
0
0.088
0.026
0.128
0.048
NA
NA
NA
NA
0
NA
0.269
NA
NA
NA
NA
0.143
NA
NA
NA
NA
NA
NA
NA
NA
NA
NA
NA
NA
0
NA
NA
NA
NA
NA
NA
NA
NA
NA
NA
NA
NA
NA
NA
NA
NA
NA
NA
NA
NA
NA
NA
NA
NA
NA
NA
NA
NA
NA
NA
NA
NA
NA
NA
NA
NA
NA
NA
NA
NA
0.065
0.024
0.103
NA
NA
NA
NA
NA
NA
NA
0.211
NA
0.085
0.026
0.193
0.026
NA
NA
NA
NA
NA
NA
NA
NA
NA
NA
NA
NA
NA
NA
NA
NA
NA
0.052
0.102
NA
NA
NA
NA
NA
0
NA
NA
NA
NA
0.112
NA
NA
NA
NA
NA
0.026
0.026
NA
NA
NA
0.096
0.196
NA
NA
NA
0.085
0.185
0.1
0.125
0.104
0.153
0.146
0.042
NA
NA
NA
NA
NA
0.082
0.111
NA
0.191
NA
NA
0.048
0.095
NA
NA
0
NA
NA
0.072
NA
NA
NA
NA
0.026
0.026
NA
NA
NA
NA
NA
NA
NA
NA
NA
0.089
0.026
NA
NA
NA
NA
NA
0.245
NA
NA
0.112
NA
NA
NA
NA
NA
NA
NA
NA
0.207
0.043
NA
0.052
NA
NA
0.15
0.108
NA
0.182
NA
NA
NA
NA
0.119
NA
NA
NA
NA
NA
NA
NA
NA
NA
NA
NA
NA
NA
NA
NA
NA
NA
NA
NA
NA
NA
NA
NA
NA
NA
NA
NA
NA
NA
NA
NA
NA
NA
NA
NA
NA
0.124
NA
NA
0.096
NA
0.216
NA
0.07
0.106
NA
NA
NA
NA
NA
NA
NA
NA
NA
NA
NA
NA
NA
0.11
0.026
NA
0.133
NA
NA
NA
NA
NA
NA
NA
NA
NA
0.129
0.074
NA
NA
0.146
0.14
NA
0.157
0.195
NA
0.062
0.104
NA
0.092
0.185
NA
NA
NA
NA
NA
NA
NA
NA
NA
NA
NA
NA
NA
0.096
0.087
0.146
0.198
0.105
0.193
0.085
0.079
NA
NA
NA
NA
NA
0.126
NA
NA
0.24
0.269
0.026
NA
NA
NA
0
0.091
NA
NA
NA
NA
NA
NA
NA
0.085
0.026
0.144
0.104
0.168
NA
NA
0.021
0.183
NA
NA
0.093
0.073
0.089
NA
0.141
0.124
NA
NA
NA
NA
0
NA
0.026
NA
NA
0.219
0.209
0.201
NA
NA
NA
NA
NA
NA
NA
NA
NA
0.026
NA
NA
NA
NA
NA
NA
NA
NA
NA
0.206
0.254
NA
0.049
NA
NA
NA
NA
0.139
0.021
NA
NA
NA
NA
NA
NA
NA
NA
NA
NA
NA
NA
0.046
0.085
NA
NA
NA
NA
NA
NA
NA
NA
NA
NA
NA
NA
0.062
NA
0.085
NA
NA
NA
NA
0.086
NA
NA
0.175
NA
NA
NA
0.114
NA
NA
0.121
NA
NA
NA
NA
NA
NA
0.215
NA
NA
NA
NA
0.219
NA
NA
0
0.285
0.129
NA
NA
0.124
0.168
NA
NA
NA
NA
0.119
NA
NA
NA
0.109
NA
0
NA
NA
NA
0.07
0.07
NA
0.099
NA
0.1
0.055
NA
0
0
NA
NA
0.26
0.074
0.269
0.112
NA
NA
NA
0.158
0.098
NA
NA
0.205
0.068
NA
NA
0.112
NA
0.099
NA
0.05
NA
0.02
NA
0.026
NA
NA
NA
0.342
NA
NA
0.043
NA
0.101
0.119
NA
NA
NA
NA
NA
NA
NA
NA
0.212
0.133
NA
NA
NA
NA
0.104
0
0.085
NA
NA
0.052
NA
0.157
NA
0.142
NA
0.085
NA
NA
NA
0.206
0.122
NA
NA
NA
0.061
0.197
NA
0.096
NA
0.132
NA
NA
NA
NA
NA
NA
0.14
NA
NA
NA
0.102
0.026
NA
NA
0.049
NA
NA
0.076
0.093
0.12
NA
NA
NA
NA
NA
NA
NA
0.151
0.153
NA
NA
NA
NA
NA
NA
NA
0.117
NA
0.098
NA
NA
0.133
0.131
NA
0.026
NA
NA
0.219
NA
0.085
0.127
0.114
NA
NA
NA
0.153
NA
0.094
NA
0.104
0.129
0.388
0.152
0.129
0.151
NA
0.112
0.069
0.175
NA
NA
NA
NA
NA
NA
NA
NA
0.073
NA
0.237
0
0.107
0.142
NA
0
NA
NA
NA
0.091
0.019
0.026
0.239
0.202
NA
NA
NA
NA
NA
NA
NA
NA
NA
0.119
0.04
NA
0.099
NA
0.201
NA
0
0
0
NA
NA
NA
NA
NA
NA
NA
NA
NA
NA
NA
NA
0.197
NA
NA
NA
NA
NA
NA
0.066
0.153
NA
NA
NA
0.174
NA
NA
0.16
0.137
0.122
NA
NA
NA
0.107
0.06
0.095
NA
NA
NA
NA
0.122
NA
NA
NA
NA
NA
NA
NA
NA
NA
NA
NA
NA
NA
NA
NA
0.245
NA
NA
NA
NA
NA
NA
NA
NA
NA
NA
NA
NA
NA
0.108
NA
NA
NA
NA
NA
NA
NA
NA
NA
NA
NA
NA
NA
NA
0.08
0.131
0.133
0.111
0.02
NA
NA
NA
NA
NA
0.255
NA
NA
NA
0.189
NA
0.05
NA
NA
NA
0.073
NA
0.21
0.21
0
0.219
NA
NA
NA
NA
0.153
NA
NA
NA
NA
0.146
NA
0
NA
0
0.182
NA
NA
NA
NA
NA
0.118
0.184
NA
NA
NA
NA
NA
NA
NA
NA
NA
NA
NA
NA
NA
0.124
0.153
NA
NA
NA
NA
NA
NA
NA
0.156
NA
NA
NA
NA
NA
0.08
0.18
NA
NA
NA
NA
NA
0.102
NA
0.119
NA
NA
NA
NA
NA
NA
NA
NA
NA
0.102
NA
NA
0.026
0.074
0.082
NA
0.168
NA
0.068
0.173
0.134
0.085
NA
0.285
0.218
NA
0.104
NA
0.058
0.098
NA
NA
NA
NA
NA
0.073
0.09
NA
NA
NA
NA
NA
NA
NA
NA
NA
NA
0.026
0.104
NA
0.239
0.117
NA
NA
NA
NA
NA
NA
NA
NA
0
0.016
0.09
NA
NA
NA
0.065
NA
0.064
NA
NA
NA
0.073
NA
0.055
0.096
NA
NA
NA
NA
NA
NA
NA
NA
0.052
0.076
NA
0.21
NA
0
NA
NA
NA
NA
NA
NA
NA
NA
NA
NA
NA
0.121
NA
NA
NA
NA
NA
NA
NA
NA
NA
NA
NA
NA
NA
NA
0.026
NA
NA
NA
NA
NA
NA
0.166
NA
0.013
NA
0.144
0.21
NA
NA
NA
NA
NA
NA
NA
NA
NA
NA
NA
NA
NA
NA
NA
NA
NA
NA
0.096
0.21
NA
NA
NA
NA
0.184
0.167
0.172
NA
0.065
0.269
0.026
NA
0.107
NA
NA
NA
NA
0.093
NA
NA
NA
0.13
NA
NA
NA
NA
NA
NA
NA
NA
NA
NA
0.115
0.132
NA
NA
0
NA
NA
NA
0.164
NA
NA
NA
NA
NA
NA
NA
NA
0.141
NA
NA
NA
NA
NA
NA
0.069
0.026
NA
0.068
NA
NA
0.141
NA
0.05
0
NA
NA
NA
NA
NA
NA
NA
NA
0.153
NA
NA
NA
NA
NA
0.174
NA
NA
NA
NA
NA
0.114
NA
NA
NA
NA
NA
NA
NA
NA
0.066
NA
NA
NA
NA
NA
NA
NA
0.115
0.096
0.11
0.097
0.19
0.124
NA
NA
NA
NA
NA
NA
NA
NA
NA
NA
NA
NA
0.269
0.112
NA
NA
NA
NA
NA
NA
NA
0.269
0.269
NA
NA
NA
NA
NA
NA
NA
NA
NA
NA
NA
NA
NA
NA
NA
NA
NA
NA
0.062
NA
NA
NA
0.198
NA
0.224
NA
NA
NA
NA
NA
NA
NA
NA
NA
NA
NA
NA
0.047
NA
0.02
0.026
NA
NA
NA
NA
0.236
0.137
0.094
0.052
0.143
NA
NA
NA
NA
NA
NA
NA
NA
NA
NA
NA
NA
NA
NA
NA
NA
NA
NA
NA
0.1
NA
NA
NA
NA
NA
NA
NA
NA
NA
NA
0.115
0.28
0.062
0.106
NA
NA
NA
0.167
NA
NA
NA
NA
NA
NA
NA
NA
NA
NA
0.026
NA
NA
NA
NA
NA
NA
NA
0.266
0.026
0.103
NA
0.129
NA
0.107
NA
NA
NA
NA
NA
NA
NA
NA
0.1
0.153
0.052
NA
NA
NA
NA
0.09
0.086
NA
NA
NA
NA
NA
NA
0.026
NA
NA
0.099
0.08
0.018
NA
NA
NA
NA
NA
0.133
NA
0.3
NA
0.281
NA
NA
NA
NA
NA
NA
0.231
NA
NA
NA
NA
0.044
0.1
NA
0.125
NA
NA
NA
NA
NA
NA
0.026
NA
NA
NA
NA
NA
NA
NA
NA
NA
NA
0
0.129
NA
NA
NA
0.073
0.065
0.05
NA
NA
NA
0.082
0.188
0.125
NA
0.11
NA
NA
NA
0.08
0.121
0.143
0.193
0.054
NA
0.121
NA
NA
NA
NA
0.049
NA
0.172
0.026
0.022
NA
NA
NA
0.064
NA
NA
NA
NA
NA
NA
NA
NA
NA
NA
0.133
NA
NA
NA
NA
NA
NA
NA
NA
NA
NA
NA
NA
NA
0.079
NA
NA
NA
0.037
NA
0.063
NA
0.158
NA
NA
NA
NA
0
0.193
0.237
0.285
NA
NA
0.189
0.011
0.048
NA
NA
0.168
NA
0.212
NA
NA
0.013
NA
0.144
NA
NA
NA
NA
NA
0.21
0.097
NA
0.069
NA
NA
NA
0.214
NA
NA
NA
NA
NA
0
NA
NA
NA
NA
0.124
0.174
0.193
0.058
0.122
NA
0.117
NA
NA
NA
NA
NA
NA
NA
NA
NA
NA
NA
NA
0.021
NA
NA
0
0.081
0.221
NA
NA
NA
NA
NA
NA
NA
NA
NA
0.026
0.091
0.106
NA
NA
NA
NA
NA
NA
NA
NA
0.056
NA
NA
NA
NA
NA
NA
NA
NA
NA
NA
NA
NA
NA
NA
NA
NA
NA
NA
NA
NA
NA
NA
NA
0.109
0.266
NA
NA
NA
NA
NA
NA
NA
NA
NA
NA
NA
NA
NA
NA
NA
NA
NA
0
0
NA
0.12
NA
NA
NA
NA
NA
NA
NA
0.21
0.017
0.117
NA
NA
0
0.111
NA
0.096
NA
0
NA
NA
NA
NA
NA
NA
NA
NA
NA
0.026
0.153
NA
0.125
NA
NA
NA
NA
NA
0.055
0.12
0.144
0.127
0.08
NA
NA
NA
0.02
NA
NA
NA
NA
NA
NA
NA
NA
NA
NA
NA
NA
NA
NA
NA
NA
NA
0.104
NA
NA
NA
0.069
NA
NA
NA
NA
NA
NA
0.102
0.022
NA
NA
NA
0.143
0.129
NA
0.098
0.092
0.144
0.172
0
NA
NA
NA
NA
NA
NA
0.066
0.117
0.119
NA
NA
0.112
NA
0.131
0.179
NA
NA
NA
NA
NA
0.098
NA
NA
NA
0.121
0.169
0.269
NA
NA
NA
NA
0.172
NA
NA
0.139
NA
0
0
NA
NA
NA
0.148
NA
0.133
NA
NA
NA
0.209
NA
NA
NA
NA
NA
NA
NA
NA
NA
NA
NA
NA
NA
NA
0.05
0.136
NA
NA
0.136
0.128
NA
0
NA
0.109
NA
NA
0.089
0.21
NA
NA
0.157
0.023
NA
NA
NA
NA
NA
NA
0.104
NA
0.026
NA
NA
NA
0.129
NA
NA
NA
0.115
NA
NA
NA
NA
NA
NA
NA
NA
0.053
NA
NA
NA
NA
NA
0.094
NA
NA
NA
NA
NA
NA
NA
NA
NA
NA
NA
NA
NA
NA
NA
NA
NA
NA
NA
NA
NA
NA
0.049
NA
NA
NA
NA
NA
0.112
0.266
NA
NA
NA
NA
NA
NA
NA
NA
NA
NA
NA
NA
NA
NA
NA
NA
0.279
NA
0.114
0.123
NA
NA
NA
0.096
NA
NA
NA
NA
0.108
NA
NA
NA
NA
NA
NA
NA
NA
0.165
NA
NA
NA
NA
NA
0.102
NA
NA
NA
0.131
NA
NA
NA
NA
NA
0.245
0.085
NA
NA
NA
NA
NA
NA
NA
NA
NA
NA
NA
NA
NA
NA
0.085
0.269
NA
0.081
NA
NA
0.12
0.193
0.247
NA
0.096
NA
NA
NA
NA
0.084
NA
NA
NA
NA
NA
0.02
0.203
0.133
0.079
NA
NA
NA
NA
NA
NA
NA
NA
NA
NA
NA
NA
NA
0.153
NA
NA
NA
NA
NA
0.056
NA
NA
0.024
NA
NA
0.085
NA
NA
0.085
0.076
0.129
NA
NA
NA
0.067
0.074
NA
NA
0.328
0.056
0.147
NA
NA
NA
NA
NA
NA
NA
NA
NA
NA
NA
NA
NA
NA
0.069
0.18
0.254
NA
0.133
0.11
NA
NA
NA
NA
NA
NA
NA
NA
NA
NA
NA
NA
NA
NA
NA
NA
NA
NA
NA
NA
0.055
NA
NA
NA
0.101
NA
0.112
NA
0.131
0.096
NA
0.155
0.133
NA
0.026
0.066
NA
NA
0.144
0
NA
0.069
NA
NA
NA
NA
NA
0.026
NA
NA
NA
NA
NA
NA
NA
NA
NA
NA
NA
NA
NA
NA
NA
NA
NA
0
0.026
0.119
0.225
NA
NA
NA
NA
0.151
0.125
0.129
0.17
NA
0.083
NA
NA
0.061
0.146
NA
0.133
NA
NA
NA
NA
0.049
0.043
NA
0.101
0.112
0.026
0.141
NA
NA
NA
NA
NA
NA
0.085
0.118
0.102
0.088
0.068
NA
NA
NA
NA
0.115
NA
NA
NA
NA
NA
NA
NA
NA
NA
0.074
0.254
NA
NA
NA
NA
NA
NA
0.06
NA
0.089
0.026
NA
NA
0.122
0
0.104
0.05
NA
0.18
0.021
0.222
0.193
NA
0.112
0.075
0.214
0.254
0
0.138
NA
NA
NA
0.153
NA
0.061
NA
0.104
NA
0.134
NA
NA
NA
0.152
0.089
NA
NA
0.096
NA
0.125
0.064
NA
0.209
NA
0.068
NA
NA
NA
0.104
NA
NA
NA
NA
0.133
0.129
0.185
NA
NA
NA
NA
NA
NA
NA
0.026
NA
0.021
NA
NA
0.062
NA
NA
NA
NA
0.02
0.254
NA
0
NA
0.104
0.129
0.129
NA
0
0.237
0
NA
0.121
NA
NA
NA
0.068
NA
NA
0.152
NA
0.104
NA
0.178
NA
NA
NA
0.173
0.182
NA
NA
NA
NA
NA
NA
0.117
NA
NA
0.05
0.093
0.077
0.265
NA
0.05
NA
0.21
NA
NA
0.079
NA
NA
NA
0.092
NA
0.076
NA
NA
NA
NA
NA
0.174
NA
0.111
NA
NA
NA
NA
NA
NA
0.026
0.193
NA
NA
NA
NA
NA
NA
NA
NA
NA
0.285
NA
NA
NA
NA
NA
NA
NA
NA
NA
NA
NA
NA
NA
NA
NA
NA
NA
NA
0.237
0.051
NA
NA
0.212
0.212
NA
NA
0.064
NA
0.269
NA
0.156
NA
NA
NA
0.342
NA
NA
NA
NA
NA
NA
NA
NA
NA
NA
0.077
NA
0.142
0.125
NA
NA
0.163
0.117
NA
NA
NA
0.193
NA
NA
0.019
NA
NA
NA
NA
NA
NA
0.098
0.104
0.237
NA
NA
NA
NA
NA
0.166
NA
NA
NA
0.047
0.151
0.051
0.143
NA
NA
0.026
0.149
NA
NA
0.112
NA
0.113
0.133
0.126
NA
NA
0.09
0.145
0.153
0.093
0.096
0.09
NA
NA
NA
0.088
NA
0.096
NA
NA
NA
NA
0.055
NA
NA
NA
NA
NA
NA
0.104
NA
0.037
NA
NA
NA
NA
0.146
NA
0.129
NA
0.164
NA
0.08
0.037
0.066
NA
NA
NA
NA
NA
0.109
0.147
0.054
NA
NA
NA
NA
NA
NA
NA
NA
NA
NA
0.112
NA
NA
0
0.026
0.075
0.103
NA
NA
NA
NA
NA
NA
NA
0
NA
0.085
0.104
0.026
NA
NA
0.023
0.065
0.098
NA
NA
NA
NA
0.119
0.095
NA
NA
NA
NA
NA
NA
0.285
NA
NA
NA
NA
NA
NA
NA
0.285
0.127
0.089
NA
NA
NA
NA
0.019
NA
NA
NA
NA
0.218
NA
NA
NA
NA
NA
0.026
0.026
0.026
NA
NA
NA
NA
0.026
NA
NA
0.128
0.122
0.179
0.269
NA
0.065
NA
0.067
0.098
0
0
0
NA
NA
0.143
NA
NA
NA
NA
NA
NA
NA
0
0
NA
0
NA
NA
0
NA
0.118
NA
0.114
NA
0
NA
0.026
NA
NA
0.168
0.151
NA
0.237
0.026
NA
0.162
NA
NA
0
NA
0
0.082
NA
0.137
NA
0.121
0.026
0.026
NA
NA
0.342
0.269
0
NA
NA
0.062
NA
0.052
NA
0.094
NA
NA
NA
NA
NA
NA
NA
NA
NA
NA
0.199
NA
0.063
0.237
NA
0.05
NA
NA
0.023
0.215
0.078
NA
NA
0.082
0
NA
NA
NA
NA
0
NA
NA
NA
NA
NA
NA
NA
0.05
0.039
0.133
NA
NA
NA
NA
NA
NA
NA
0.079
0.112
NA
NA
NA
NA
NA
NA
0.129
NA
0.119
0.269
NA
NA
NA
NA
0.22
NA
0.254
0.026
NA
NA
0.109
NA
NA
NA
NA
NA
0
NA
NA
0.144
0.179
0.093
NA
0.143
0.026
0.085
NA
NA
NA
NA
NA
NA
NA
0.091
NA
0.12
0.096
NA
0.057
0.108
0.169
0.112
NA
0.019
0.068
NA
NA
0.081
NA
NA
NA
NA
NA
NA
NA
0.104
0.026
NA
NA
NA
0.129
NA
0.123
NA
NA
0.088
NA
0.081
NA
NA
NA
NA
0.124
0.072
0.238
NA
NA
NA
NA
NA
0.085
NA
NA
0.175
0.133
NA
0.026
NA
0.019
NA
0.058
NA
NA
0.22
NA
NA
NA
0.014
NA
NA
NA
NA
NA
NA
NA
NA
0.048
NA
NA
NA
NA
NA
NA
NA
NA
NA
NA
NA
0.049
0.267
NA
NA
NA
0.02
NA
0.063
NA
0.124
0
0.17
NA
0
NA
NA
NA
0.02
0.026
NA
0.069
0.026
NA
0.156
0.019
NA
NA
0.155
0.126
0.019
0
0.205
NA
NA
NA
NA
0.084
NA
0
NA
0.066
NA
0
0
NA
0.091
NA
0.181
NA
NA
NA
0.029
NA
NA
0.088
0.21
NA
NA
0
0
NA
NA
NA
0
NA
0.193
0.097
NA
0.119
NA
0.219
0.153
0.124
NA
NA
0.143
0.126
NA
0.148
0.096
0.124
NA
NA
0.07
0.198
NA
NA
NA
NA
0.11
NA
NA
NA
NA
NA
NA
NA
0.269
NA
0.285
0.075
NA
NA
NA
NA
NA
0.176
NA
NA
NA
NA
NA
NA
0.132
NA
NA
NA
NA
NA
NA
NA
NA
0.237
NA
NA
NA
NA
NA
NA
NA
NA
NA
NA
NA
NA
NA
NA
NA
NA
NA
NA
NA
NA
NA
NA
NA
NA
NA
NA
NA
NA
NA
NA
NA
NA
NA
0.171
NA
0.115
0.197
NA
0.21
0.21
0.21
0
NA
NA
0
0.136
0.053
0
0.104
NA
0.14
0.127
NA
NA
NA
NA
0.153
NA
NA
0.063
0
0
0.085
0.056
NA
0.104
0.269
NA
NA
NA
NA
NA
NA
NA
NA
NA
NA
NA
NA
NA
NA
NA
NA
NA
0.124
NA
NA
0.201
0.209
0.119
NA
NA
0.093
NA
NA
0.13
NA
NA
NA
NA
NA
0.12
NA
NA
NA
NA
NA
NA
0.152
0.061
NA
0
NA
0
0.153
NA
NA
NA
NA
NA
NA
NA
NA
NA
NA
NA
NA
NA
NA
NA
NA
0.068
NA
NA
NA
NA
0
NA
0.104
0.065
0.105
NA
NA
NA
NA
NA
0.188
NA
NA
0.114
0.266
0.133
NA
NA
NA
0.127
0
NA
0.077
NA
NA
NA
0.075
0.137
NA
NA
NA
0.161
0.097
0.192
NA
NA
NA
NA
NA
NA
NA
0.101
0.13
NA
NA
NA
NA
NA
0.123
0.111
NA
NA
NA
NA
0.108
0.165
NA
NA
NA
0.135
NA
0.153
NA
0.091
0.079
0.076
NA
NA
NA
NA
NA
0.17
NA
NA
0.112
0.209
NA
NA
NA
NA
NA
NA
NA
NA
NA
NA
NA
NA
NA
NA
NA
NA
0.129
0.112
0
NA
NA
NA
0.1
0.108
0.129
0.133
0.079
NA
0.327
NA
0.148
NA
0.21
0
NA
NA
NA
NA
0.087
0.228
0.015
0.142
NA
NA
NA
NA
NA
NA
NA
NA
NA
NA
0.167
NA
NA
0.026
NA
0.198
NA
NA
0.173
0.068
NA
0.254
NA
0.086
0.101
0.019
NA
NA
0.096
NA
NA
NA
NA
0.104
0.179
0.124
NA
NA
NA
NA
NA
NA
NA
NA
NA
NA
NA
NA
NA
NA
NA
NA
NA
0.15
NA
0.161
0.1
0.137
0
NA
NA
NA
NA
0.155
0.141
NA
NA
NA
0.089
NA
NA
NA
NA
NA
NA
NA
0.026
0
NA
0
NA
NA
NA
NA
0
NA
NA
0
NA
NA
NA
NA
NA
NA
NA
NA
NA
0.026
0.026
NA
0.132
NA
0.207
0.115
0.107
0.104
0.223
NA
0.021
0.145
NA
NA
NA
NA
NA
NA
0.129
0.081
NA
NA
NA
NA
0.21
NA
0.093
NA
NA
NA
NA
0.225
0.104
NA
0.125
NA
NA
NA
NA
0
0.068
0.171
NA
NA
NA
0.279
NA
0
0
NA
0.251
NA
0
NA
0.217
NA
NA
NA
0.056
0.063
NA
NA
0.21
0.211
NA
NA
NA
NA
NA
0.183
0.065
0.019
NA
0.026
0
0.026
NA
NA
NA
0.149
NA
NA
NA
NA
NA
0.104
NA
NA
NA
NA
NA
NA
NA
NA
NA
NA
NA
NA
NA
NA
NA
NA
NA
NA
NA
NA
NA
NA
NA
NA
NA
NA
NA
NA
NA
NA
NA
NA
NA
NA
NA
NA
NA
NA
NA
NA
0.094
0.045
NA
NA
NA
0.108
NA
0.091
NA
NA
0.094
0.119
NA
0.129
NA
NA
0.104
NA
0.269
NA
0.116
0.064
NA
0.202
0.026
0
0.02
0.174
NA
0.094
NA
NA
NA
NA
NA
NA
0.175
NA
NA
NA
0.121
0.138
0.157
NA
0.093
NA
NA
NA
NA
NA
NA
NA
0.153
NA
NA
0.129
NA
NA
NA
NA
0.085
0.026
NA
0.138
NA
0.115
0.14
0.013
0.026
0.209
0.197
0.098
NA
0.026
NA
NA
NA
NA
0.141
NA
NA
NA
0.135
NA
NA
0.117
0.104
0.225
0.057
0.125
0.089
NA
NA
NA
NA
NA
NA
NA
NA
0.085
NA
NA
0.254
NA
NA
0.085
NA
NA
0.125
NA
NA
NA
0.015
NA
NA
NA
NA
NA
NA
0.055
NA
NA
NA
0.026
NA
NA
NA
0.136
NA
NA
0.059
0.138
0.149
NA
0.156
NA
0.118
NA
0.071
0.105
NA
0.123
NA
NA
NA
NA
NA
NA
NA
NA
NA
NA
NA
NA
NA
NA
NA
NA
NA
NA
NA
NA
0.131
0.096
NA
0.204
0.173
NA
0.159
0.179
NA
0.05
NA
0.153
0.096
NA
NA
NA
NA
NA
NA
0.02
0.032
0.017
NA
0.102
0.153
NA
NA
NA
NA
0.026
0.046
0.125
0.096
0
0.122
0.104
NA
0.117
NA
0
0.078
0.06
NA
NA
NA
0.026
NA
NA
NA
NA
NA
NA
NA
NA
NA
NA
NA
NA
NA
NA
0.12
NA
0.135
NA
0.038
0.121
0.122
NA
0.198
NA
NA
NA
NA
NA
0.038
0
NA
NA
NA
NA
NA
NA
0.11
0.153
NA
NA
NA
NA
0.181
NA
0.219
NA
NA
NA
0.026
0.085
NA
NA
NA
0.09
NA
0.16
0.113
0.11
0.142
0.06
NA
0.14
0.015
0.152
0.125
NA
0.086
0.129
0.112
0.225
0.155
NA
0
0.185
0.209
0.019
NA
NA
NA
NA
NA
NA
0.193
0.193
NA
NA
0.026
NA
0
0.171
0.049
NA
0.127
NA
NA
0.026
0.091
0
0
NA
NA
NA
NA
0
0.074
0.189
NA
0.136
NA
0.189
NA
0.198
NA
NA
NA
NA
NA
NA
0.154
NA
NA
0.05
NA
NA
NA
NA
NA
NA
NA
NA
NA
NA
NA
NA
NA
NA
0.153
NA
NA
0.026
0.05
NA
NA
NA
NA
0.219
NA
NA
0.041
NA
0.058
0.093
NA
NA
0.026
NA
NA
NA
NA
NA
NA
NA
NA
NA
NA
NA
NA
0.108
NA
NA
NA
NA
NA
NA
NA
NA
0.024
0.042
NA
NA
0.039
NA
NA
NA
NA
NA
NA
NA
NA
NA
NA
NA
NA
0.215
0.126
0.065
0.104
0.085
0.15
0.06
NA
NA
NA
NA
NA
NA
NA
0.162
0.21
0.101
0.116
NA
NA
NA
NA
NA
NA
NA
NA
0
NA
NA
NA
NA
NA
NA
NA
0.243
0.128
0.055
0.174
NA
NA
NA
NA
NA
NA
NA
NA
NA
0.05
0.037
NA
0.024
0.156
0.182
0.026
0.05
0.087
0.177
NA
0
0.269
NA
0.026
0.092
NA
NA
NA
NA
NA
NA
NA
NA
NA
0.112
0.104
0.054
NA
NA
NA
NA
NA
NA
NA
NA
NA
0.179
NA
NA
0.09
NA
NA
NA
NA
NA
NA
NA
NA
NA
NA
NA
NA
NA
NA
NA
NA
NA
NA
NA
0.041
0.107
NA
NA
0.026
NA
NA
NA
NA
0.134
0.068
NA
NA
NA
NA
0.16
NA
0.164
NA
NA
NA
NA
NA
NA
NA
NA
0.038
0.107
NA
0.022
0.243
NA
0.099
0.121
NA
0.096
NA
0.099
0.189
0.112
NA
NA
NA
NA
NA
NA
0.184
NA
NA
NA
NA
NA
NA
NA
0.189
0.067
NA
0.026
NA
0.088
0.133
NA
NA
NA
NA
NA
NA
NA
NA
0.269
NA
NA
NA
NA
NA
NA
NA
NA
NA
NA
NA
NA
NA
0.026
NA
NA
0.111
0.076
0.118
0.079
NA
NA
NA
0.085
NA
NA
NA
NA
NA
NA
0.109
NA
NA
NA
NA
NA
NA
0.106
NA
NA
NA
NA
NA
NA
0.08
NA
NA
NA
NA
NA
NA
NA
NA
0.198
NA
NA
NA
NA
NA
NA
0.042
NA
NA
0
NA
NA
0
NA
0.02
0.198
0.078
NA
NA
0.06
0.153
NA
NA
NA
NA
NA
NA
0.096
NA
NA
NA
NA
NA
NA
NA
NA
0
NA
NA
NA
NA
0.107
0.022
NA
NA
0.12
NA
NA
NA
NA
NA
NA
NA
NA
NA
0.096
NA
NA
NA
NA
NA
NA
NA
NA
NA
NA
NA
0.188
NA
NA
NA
NA
NA
NA
NA
0.132
NA
NA
NA
NA
0.026
NA
NA
NA
NA
NA
NA
NA
NA
0.026
NA
NA
NA
NA
0.117
NA
NA
NA
NA
NA
NA
NA
0.204
NA
NA
NA
NA
NA
NA
NA
NA
NA
NA
NA
NA
NA
0.285
NA
NA
NA
0.214
NA
0.056
0.13
0.104
NA
NA
NA
NA
0.092
0.105
0.17
NA
NA
NA
NA
NA
NA
NA
NA
NA
NA
NA
NA
NA
NA
0.149
NA
NA
NA
NA
NA
NA
NA
NA
NA
NA
NA
NA
NA
NA
NA
NA
NA
0.075
NA
0.05
0.026
0.129
NA
0.065
NA
NA
NA
NA
NA
NA
NA
NA
NA
0.113
NA
0.049
0.049
NA
NA
0.153
NA
0.119
0.185
NA
NA
NA
NA
NA
NA
NA
NA
NA
NA
NA
NA
NA
NA
NA
0.104
NA
0.112
0.131
NA
NA
NA
NA
0.103
NA
NA
NA
NA
NA
NA
NA
0.154
NA
NA
NA
NA
NA
NA
0.076
NA
NA
NA
NA
NA
NA
NA
NA
NA
0.083
0.209
NA
NA
NA
NA
NA
NA
NA
NA
NA
NA
NA
0.101
0.068
0.026
0.068
NA
NA
NA
NA
NA
0.05
NA
0
NA
0.178
NA
NA
0.09
NA
0.088
NA
NA
NA
NA
NA
0.137
NA
NA
NA
0.12
0.09
NA
NA
NA
NA
NA
NA
NA
NA
NA
0
NA
0.084
0.129
NA
NA
NA
NA
NA
NA
NA
NA
0.093
0.096
NA
NA
NA
NA
NA
NA
0.163
0.076
0.096
0.026
0.104
NA
NA
NA
0
NA
0.094
NA
NA
0
0.115
NA
NA
NA
NA
NA
NA
NA
NA
NA
0
0
NA
NA
NA
NA
NA
NA
0.087
0.098
NA
0.026
0.116
0.085
0.117
NA
NA
NA
NA
0.105
NA
NA
0.026
0.148
NA
NA
0.128
NA
NA
NA
NA
0.05
0.076
0.269
NA
NA
NA
NA
NA
NA
NA
NA
0.085
0.133
NA
0.119
0.113
0.105
NA
0.2
NA
NA
NA
NA
NA
NA
NA
0.105
0.123
0.137
NA
NA
0.242
NA
NA
NA
NA
0.028
0.172
0.053
0.129
0.119
0
NA
NA
NA
NA
NA
NA
0.088
0.09
0.228
0.078
0.091
NA
NA
NA
0.021
0.116
0.099
NA
NA
NA
NA
NA
NA
NA
NA
NA
NA
0
NA
NA
0.103
NA
NA
0.119
NA
NA
NA
NA
NA
NA
NA
NA
0.091
NA
0
NA
NA
NA
0.269
0.129
NA
NA
NA
NA
NA
NA
NA
NA
NA
0.212
0.118
NA
NA
NA
NA
NA
0.126
0
NA
NA
NA
NA
NA
NA
NA
0.269
0.026
NA
0.117
NA
NA
NA
NA
0.21
NA
0.09
NA
NA
NA
NA
NA
NA
0.105
NA
NA
0.091
0.189
NA
NA
NA
0.138
NA
NA
0.112
NA
0.193
NA
NA
NA
NA
NA
NA
NA
NA
NA
NA
NA
0.105
NA
NA
NA
NA
NA
NA
NA
NA
NA
NA
NA
NA
NA
NA
NA
NA
NA
0.285
0.114
NA
0.1
NA
NA
NA
NA
0.106
NA
NA
NA
NA
NA
NA
NA
NA
NA
NA
0.134
0.128
NA
0.241
0
NA
NA
NA
0.026
0.144
0.194
0.254
0.055
0.123
NA
NA
NA
NA
NA
0.19
NA
NA
NA
NA
NA
NA
NA
NA
0.203
0.061
0.208
NA
NA
NA
0.153
NA
NA
NA
0.255
0.162
0.09
NA
0.08
0.096
NA
NA
0.129
NA
NA
NA
NA
NA
NA
0.026
NA
NA
NA
NA
NA
NA
NA
NA
NA
NA
0.096
NA
NA
NA
NA
NA
0.063
0.178
NA
NA
NA
NA
NA
NA
NA
NA
NA
0.212
NA
NA
0.108
NA
NA
0
0.153
NA
NA
0.129
0
0.129
NA
NA
NA
NA
NA
NA
NA
NA
NA
NA
NA
NA
NA
NA
0.134
NA
NA
NA
NA
NA
0.197
NA
NA
NA
NA
NA
NA
NA
NA
0.225
NA
NA
0.085
NA
NA
NA
NA
NA
NA
NA
0.025
0.05
0.051
NA
NA
NA
0
NA
NA
0.105
NA
0.089
NA
NA
NA
NA
NA
NA
NA
NA
NA
0
NA
NA
NA
NA
0.164
NA
NA
NA
NA
NA
NA
NA
NA
NA
NA
0.077
0.155
NA
NA
NA
NA
NA
0.082
NA
NA
0.219
NA
NA
0
NA
NA
NA
NA
NA
NA
NA
NA
NA
NA
NA
NA
NA
NA
NA
NA
NA
NA
NA
NA
NA
NA
NA
NA
0.248
NA
NA
NA
NA
NA
NA
NA
NA
NA
NA
NA
NA
NA
NA
NA
NA
NA
NA
NA
NA
NA
0.102
0.137
NA
NA
NA
NA
0.067
NA
NA
NA
NA
NA
NA
NA
NA
NA
0.19
NA
NA
NA
NA
NA
NA
NA
NA
NA
NA
NA
NA
NA
NA
NA
NA
0.083
0.134
NA
0.109
NA
NA
NA
NA
NA
NA
NA
NA
0
NA
0
NA
NA
0.085
NA
NA
0.145
NA
NA
NA
NA
NA
NA
NA
0.073
NA
NA
NA
NA
0.209
0.172
NA
NA
NA
NA
NA
NA
NA
0.104
NA
NA
NA
NA
NA
NA
NA
NA
NA
NA
NA
NA
NA
NA
NA
0.101
NA
NA
NA
NA
NA
NA
NA
NA
NA
0.097
NA
NA
NA
NA
NA
0.078
NA
0.104
0.144
NA
NA
NA
NA
NA
NA
NA
NA
0.177
0.069
NA
NA
NA
0.11
NA
NA
NA
NA
NA
NA
NA
NA
NA
NA
NA
NA
NA
NA
NA
NA
NA
NA
0.09
NA
NA
NA
0.215
NA
NA
NA
NA
NA
NA
NA
NA
NA
0.137
NA
NA
NA
NA
NA
NA
NA
NA
NA
NA
NA
NA
NA
NA
NA
NA
NA
NA
NA
NA
NA
0.048
NA
0.104
0.05
NA
NA
NA
NA
NA
NA
NA
NA
NA
NA
NA
NA
0.029
NA
NA
NA
NA
NA
NA
NA
NA
0.118
0.147
NA
NA
NA
NA
NA
NA
NA
NA
0
0.026
NA
NA
NA
NA
NA
NA
NA
NA
NA
NA
NA
NA
NA
NA
NA
NA
NA
NA
NA
NA
NA
NA
NA
NA
NA
NA
NA
NA
NA
NA
NA
0.153
0.153
NA
NA
NA
NA
NA
NA
NA
0.097
NA
0.155
NA
NA
NA
NA
NA
NA
NA
NA
NA
NA
NA
NA
NA
NA
NA
NA
0.13
NA
NA
NA
NA
0.069
0.08
NA
NA
0.026
NA
NA
NA
NA
NA
NA
NA
NA
NA
0.219
NA
NA
NA
NA
NA
NA
NA
0.026
NA
NA
NA
NA
NA
NA
NA
NA
NA
NA
NA
0.17
0.05
NA
0.05
NA
NA
NA
0.026
0.193
NA
NA
NA
NA
NA
NA
NA
NA
NA
NA
NA
NA
NA
NA
NA
NA
NA
NA
NA
NA
NA
NA
0.143
NA
0.049
0.167
0.119
0.129
0.068
NA
NA
NA
NA
NA
NA
NA
0.096
0
0.07
NA
NA
0.071
NA
0.058
NA
NA
NA
NA
NA
NA
NA
NA
NA
NA
0.107
0.132
NA
NA
NA
0.019
NA
NA
NA
NA
NA
NA
NA
NA
NA
NA
NA
NA
NA
NA
NA
NA
NA
NA
NA
NA
NA
0
NA
0.188
NA
NA
NA
NA
NA
NA
NA
NA
NA
NA
NA
NA
NA
NA
0.084
0.094
NA
NA
NA
NA
0.164
NA
NA
NA
NA
NA
0.045
0.05
0.078
0.109
NA
NA
NA
NA
NA
NA
NA
NA
NA
NA
NA
NA
NA
0.145
0.026
NA
NA
NA
NA
NA
NA
0.05
NA
NA
NA
NA
NA
NA
NA
NA
NA
0.098
0.085
NA
NA
NA
NA
NA
0.153
0.106
NA
NA
NA
0.057
0.085
NA
NA
NA
0.015
NA
NA
NA
NA
0.05
NA
NA
NA
NA
NA
NA
NA
NA
NA
NA
0.109
NA
NA
NA
NA
NA
NA
NA
NA
NA
0.129
NA
NA
NA
NA
NA
0.113
NA
NA
NA
NA
NA
NA
NA
NA
NA
0.157
0.167
0.163
0.104
NA
NA
NA
NA
NA
NA
NA
NA
NA
NA
NA
0.09
NA
NA
NA
NA
NA
NA
NA
NA
NA
NA
0.059
0.144
NA
NA
NA
NA
NA
NA
0.114
0.116
NA
NA
NA
NA
NA
NA
0.021
NA
0.153
NA
NA
0.129
NA
0
NA
NA
NA
0.198
0.096
NA
NA
NA
0.026
0.212
NA
NA
NA
NA
NA
NA
NA
NA
NA
NA
0.146
NA
NA
NA
NA
NA
NA
NA
0.075
0.103
0.12
0.112
NA
NA
0.096
NA
NA
0.159
NA
NA
NA
0.067
NA
NA
NA
NA
NA
NA
NA
NA
NA
NA
NA
NA
NA
NA
0.153
0.129
NA
0.139
0.104
NA
NA
NA
0.05
NA
0.053
NA
0.094
NA
0.229
NA
NA
NA
NA
0.141
0.094
NA
NA
0.133
NA
0.235
0.049
NA
0.133
NA
NA
NA
NA
NA
0
0.124
NA
NA
NA
0.1
NA
0.168
0.085
NA
NA
NA
NA
NA
NA
NA
NA
0.026
NA
NA
0.172
NA
NA
NA
NA
NA
NA
NA
NA
NA
0.085
NA
NA
0.129
NA
0
0
NA
NA
NA
NA
0.193
0.254
0.254
NA
0.18
0.068
0.017
NA
NA
0.102
NA
NA
NA
NA
NA
NA
NA
NA
NA
NA
NA
NA
NA
NA
0.153
NA
NA
0.137
0.089
0.05
0.087
NA
NA
NA
NA
NA
0.162
NA
NA
NA
NA
NA
0.085
NA
NA
NA
NA
NA
NA
0.026
0.103
NA
0.074
NA
NA
NA
NA
0
NA
0.03
NA
NA
NA
0.112
NA
NA
0.237
NA
NA
NA
NA
NA
0.183
NA
NA
NA
NA
NA
NA
NA
NA
NA
NA
0.111
0.133
NA
NA
NA
0.091
NA
NA
NA
NA
NA
NA
NA
NA
NA
NA
NA
NA
NA
NA
NA
NA
NA
0.285
NA
NA
NA
NA
NA
NA
0.16
NA
NA
NA
NA
0.076
NA
0.103
0.149
NA
NA
NA
NA
NA
NA
NA
NA
NA
NA
NA
0.182
NA
NA
0.173
NA
NA
NA
NA
0.124
NA
NA
NA
NA
NA
NA
0.126
NA
NA
NA
NA
NA
0
NA
0.022
0.143
NA
NA
NA
NA
NA
NA
NA
NA
NA
NA
NA
NA
NA
NA
NA
NA
NA
NA
NA
NA
NA
NA
NA
NA
NA
NA
NA
0
NA
NA
NA
NA
0.032
NA
NA
NA
NA
NA
NA
NA
NA
0.112
NA
NA
0.18
NA
NA
0.133
0.095
NA
NA
NA
NA
NA
NA
0.13
NA
NA
NA
0.129
0.061
NA
0.02
NA
NA
NA
NA
0.153
0.169
0.152
NA
NA
NA
NA
0.05
0
0.12
0.116
NA
NA
0.129
0.037
0.083
NA
NA
NA
0.1
0.083
NA
0.102
NA
NA
NA
0.191
NA
NA
NA
NA
NA
NA
NA
NA
NA
NA
0.104
0.104
NA
NA
NA
0.121
0.107
NA
NA
NA
NA
0
NA
NA
NA
NA
0.155
0.161
NA
NA
NA
NA
NA
NA
0.045
NA
0.153
NA
NA
0.106
NA
NA
NA
0.057
NA
NA
NA
NA
0.143
NA
NA
NA
NA
NA
NA
NA
NA
0.023
NA
0.083
0.026
NA
0.113
NA
0.209
NA
NA
NA
NA
NA
NA
NA
NA
0.09
NA
NA
NA
NA
NA
NA
0.21
0.149
NA
NA
NA
0.077
NA
NA
NA
NA
NA
NA
0.152
0.129
0.361
NA
NA
NA
0
0.237
NA
NA
NA
NA
0.118
0.126
0.129
NA
0.306
0.256
0.112
NA
NA
NA
NA
NA
NA
NA
NA
NA
NA
NA
NA
NA
NA
NA
NA
0.123
NA
NA
NA
NA
NA
0.122
NA
NA
NA
0.059
NA
NA
0.02
NA
NA
0.063
0.138
NA
NA
NA
0
NA
NA
NA
NA
NA
NA
0.026
0.093
NA
NA
NA
NA
NA
NA
NA
NA
NA
0.08
0.126
NA
NA
NA
0.121
NA
NA
NA
NA
NA
NA
0.045
NA
0
0.187
0.156
0.05
NA
NA
NA
NA
0.129
NA
NA
NA
NA
0
NA
NA
0.225
NA
NA
NA
NA
NA
NA
NA
NA
0.114
0.026
NA
NA
NA
NA
NA
0.026
NA
0.049
NA
0.134
0.026
0.342
NA
NA
0.111
NA
NA
NA
0.148
0.069
NA
0.026
NA
NA
NA
NA
NA
NA
NA
NA
0.046
NA
NA
0.073
NA
0.077
NA
NA
NA
NA
0.143
0.106
NA
0.135
0.133
NA
0.124
NA
NA
NA
NA
0.153
NA
NA
NA
NA
0.114
NA
NA
0.137
NA
NA
NA
0.094
0.05
NA
NA
0.104
0.104
NA
0.108
NA
0.115
0.177
NA
0.133
NA
0.144
0.21
0.196
0.078
NA
NA
NA
NA
NA
0.225
0.124
NA
NA
0.026
NA
NA
NA
NA
0.049
NA
0.152
NA
NA
NA
NA
NA
NA
NA
NA
0.026
NA
0.153
0.026
NA
NA
NA
NA
NA
NA
NA
NA
NA
0.071
NA
NA
0.064
NA
NA
NA
NA
NA
0.078
0.08
NA
NA
NA
NA
0.102
0.085
NA
NA
0
0
NA
NA
NA
0.111
0.021
0.02
0.045
NA
0.224
NA
NA
NA
NA
NA
NA
NA
NA
NA
NA
NA
NA
NA
0.146
NA
NA
NA
NA
NA
0.049
NA
NA
NA
0.152
NA
NA
NA
NA
NA
NA
0.103
0.285
0.085
NA
NA
0.096
NA
NA
NA
0
0.12
NA
NA
NA
NA
NA
NA
NA
NA
NA
0.146
NA
0.073
0.142
NA
NA
0.14
NA
0.085
NA
NA
NA
NA
NA
0.146
NA
0.112
NA
0
NA
NA
0.087
NA
0
NA
NA
NA
NA
0.098
NA
0.104
0.269
0.153
NA
0.026
NA
NA
NA
NA
NA
0.042
0.056
NA
NA
NA
NA
0.157
NA
0.165
NA
NA
NA
0
NA
NA
NA
NA
NA
NA
NA
NA
NA
NA
NA
NA
NA
0.129
NA
NA
NA
NA
NA
NA
NA
NA
NA
NA
NA
NA
0.096
NA
NA
NA
NA
NA
NA
NA
0.092
NA
NA
0.026
0.026
NA
0
NA
NA
NA
NA
0.096
NA
NA
0.177
NA
NA
NA
NA
NA
NA
NA
NA
NA
NA
NA
NA
NA
NA
NA
NA
NA
NA
NA
0.116
NA
0.071
NA
NA
0.112
NA
NA
NA
NA
NA
NA
NA
NA
NA
0.091
NA
NA
NA
NA
NA
NA
0.133
NA
NA
NA
NA
NA
NA
NA
NA
NA
NA
NA
0.179
0.189
NA
0.13
NA
0.059
NA
0.148
0.144
NA
0.072
NA
NA
NA
NA
NA
0.026
0.164
NA
NA
NA
NA
0.134
0.14
0.133
NA
NA
0.21
0.09
NA
0.064
NA
NA
0.13
0.153
0.05
0.153
NA
0.463
0.066
NA
0.049
NA
NA
0.079
0.134
0.141
0.026
0.129
NA
NA
0.112
0.072
NA
NA
NA
NA
NA
0.049
NA
NA
NA
NA
NA
NA
NA
NA
NA
0.174
0.083
NA
0.219
NA
NA
0.026
NA
0.148
0
0.09
NA
NA
NA
0.067
NA
0.201
NA
0.126
0.157
NA
0.178
NA
NA
NA
NA
NA
0
NA
NA
NA
NA
NA
NA
0.206
NA
NA
0.21
NA
NA
NA
NA
NA
NA
NA
0.104
0.095
0.071
0.21
0.21
0
NA
0
NA
NA
NA
NA
NA
NA
0.128
NA
0.144
0.117
0.082
NA
NA
NA
NA
NA
NA
NA
NA
NA
NA
NA
NA
NA
NA
NA
0.112
NA
NA
0.05
NA
NA
NA
NA
NA
NA
NA
NA
0.026
0.119
NA
NA
NA
NA
NA
NA
NA
NA
NA
NA
NA
0.129
0.05
0.133
0.129
NA
0.129
NA
NA
NA
NA
NA
NA
NA
NA
0.05
NA
NA
NA
NA
NA
0.198
0.193
0.342
0.107
0.091
0.139
NA
NA
NA
NA
NA
NA
NA
NA
NA
NA
NA
NA
NA
NA
NA
NA
NA
NA
NA
NA
NA
NA
NA
0.245
NA
NA
0.023
NA
NA
NA
NA
NA
NA
NA
NA
NA
NA
NA
NA
NA
0.1
NA
NA
0.212
NA
NA
NA
NA
NA
NA
NA
0.026
NA
0.085
NA
NA
NA
NA
NA
NA
NA
NA
NA
NA
NA
NA
NA
NA
0.085
NA
NA
NA
0.087
NA
NA
NA
NA
NA
NA
NA
NA
NA
NA
NA
NA
0.148
0.143
0.108
NA
NA
NA
0.074
NA
NA
NA
NA
NA
NA
NA
0.11
0.026
0.062
0.05
NA
NA
NA
NA
NA
NA
NA
NA
0.05
NA
NA
NA
NA
0.15
0.153
NA
NA
NA
NA
NA
0.21
NA
NA
NA
0.154
NA
NA
NA
NA
NA
NA
NA
NA
NA
NA
NA
NA
0.026
NA
NA
NA
NA
0.026
NA
0.162
0.129
NA
0.129
0.096
0.209
NA
NA
0.155
0.061
0.167
NA
NA
0.062
0.042
0.104
NA
NA
NA
0.085
0.085
NA
NA
NA
NA
NA
NA
NA
NA
NA
NA
NA
NA
NA
NA
NA
0.05
NA
NA
0.104
0.129
NA
0.139
0.104
NA
NA
NA
NA
NA
NA
NA
NA
NA
0.052
NA
NA
NA
NA
NA
NA
NA
NA
NA
NA
0.123
0.101
NA
NA
NA
NA
NA
NA
NA
NA
NA
NA
0.15
NA
NA
0.374
NA
NA
0.266
NA
NA
NA
0.155
NA
NA
NA
NA
NA
NA
NA
NA
NA
NA
NA
NA
NA
NA
NA
0
NA
NA
NA
0.026
NA
NA
NA
NA
NA
NA
NA
NA
NA
NA
NA
NA
NA
NA
NA
0.322
NA
NA
NA
NA
0.02
NA
NA
NA
NA
0.09
0.013
NA
0.015
0.085
NA
NA
NA
0.085
NA
NA
NA
0.026
NA
NA
0.098
0.1
0
0.241
0.148
NA
0.136
NA
0.103
NA
NA
NA
NA
NA
NA
NA
NA
NA
NA
NA
NA
0.023
0.11
NA
NA
NA
0.085
NA
NA
0.072
NA
NA
0.078
NA
NA
0.074
0.221
NA
NA
NA
NA
NA
NA
NA
NA
NA
0.015
0.064
0.133
0.019
0.091
NA
NA
NA
NA
NA
0.018
NA
NA
NA
NA
NA
NA
0.342
NA
NA
NA
NA
NA
0.193
0
0.126
0.026
NA
NA
NA
NA
NA
NA
NA
NA
0.122
0.043
NA
NA
0.194
NA
NA
0.013
NA
0.136
NA
0.222
0.026
0.02
NA
NA
NA
NA
NA
NA
NA
0.104
NA
0
NA
0.161
NA
NA
NA
NA
NA
NA
NA
NA
0.112
NA
0
NA
0.061
NA
NA
NA
0
0
NA
NA
NA
NA
NA
0.112
NA
NA
NA
NA
0.026
NA
NA
NA
NA
NA
NA
NA
NA
NA
NA
NA
0.161
0.15
NA
NA
0.098
NA
0.069
0.145
0.144
NA
NA
NA
NA
NA
NA
NA
NA
NA
0.129
NA
NA
NA
NA
0.026
NA
NA
NA
NA
NA
0.174
NA
0.148
0.083
NA
NA
0.026
0.026
NA
NA
NA
NA
0.166
NA
0.091
NA
NA
NA
0.166
NA
NA
NA
0.041
NA
NA
NA
NA
NA
NA
0.082
NA
0.104
0.096
NA
NA
NA
NA
0.05
NA
0.114
NA
0.151
NA
NA
NA
0.051
NA
NA
NA
NA
NA
0.187
NA
0.184
NA
NA
NA
NA
0.085
NA
0.123
0.05
NA
0.104
0.102
0.073
NA
NA
0.239
0.061
0.021
NA
NA
NA
NA
0.15
0.112
NA
0
NA
NA
NA
NA
NA
0.079
0.298
NA
NA
NA
0.112
0.147
NA
0.269
NA
NA
NA
NA
NA
0.129
0.176
0.189
0.054
NA
NA
NA
NA
NA
NA
NA
NA
0.096
0.153
NA
0.102
NA
0.104
0.114
NA
NA
0
NA
NA
NA
NA
0.269
0.062
0.237
0.105
NA
0.228
NA
0.219
NA
NA
0.061
NA
NA
NA
0.104
NA
NA
NA
0.13
0.174
0.134
0.162
0.254
0.254
0.153
NA
0.083
NA
NA
0.101
0.092
0.104
NA
NA
NA
0
NA
NA
NA
NA
NA
0.074
0.076
0.047
0.132
NA
NA
0
NA
NA
NA
0.068
0.13
0.269
NA
NA
0.104
0.269
0.049
NA
NA
NA
NA
NA
NA
NA
NA
NA
NA
NA
NA
0.135
NA
NA
NA
NA
0.245
NA
0.112
NA
0.309
NA
NA
NA
NA
NA
NA
NA
NA
NA
NA
NA
NA
NA
NA
NA
0.026
NA
0.081
0.17
0.28
NA
0.212
0.061
0.026
0.093
0.245
0
0.06
0.085
NA
NA
0.23
NA
NA
NA
0.122
NA
NA
NA
NA
NA
NA
NA
NA
0.082
NA
NA
0.219
NA
0.021
NA
NA
NA
NA
NA
NA
NA
NA
0.182
NA
NA
0.152
0.019
0.092
0.064
0.054
0.081
NA
0.168
0.091
0.153
NA
0.131
NA
NA
NA
0.143
0.05
0.153
0.153
0.026
NA
NA
NA
NA
NA
NA
NA
NA
NA
NA
0.021
NA
NA
NA
NA
0.079
NA
0.269
0.129
NA
NA
0.171
0.158
NA
NA
NA
NA
NA
NA
NA
NA
NA
NA
NA
0.15
0.051
0.223
0.206
0
0.05
0.085
NA
0.071
NA
NA
NA
NA
NA
NA
0.153
0.153
0
0.254
0.026
0.085
NA
NA
NA
NA
0.172
NA
NA
NA
0.051
NA
NA
0.101
NA
NA
0.026
0.026
NA
0.026
0.084
0.153
NA
NA
0
0.037
0.021
NA
0.032
0.079
0.164
0.075
0.193
NA
NA
NA
NA
NA
NA
0.179
0.257
NA
0.21
0.092
0.06
NA
0.156
0.21
0.013
0.245
0.131
0.149
NA
NA
NA
NA
NA
NA
NA
NA
NA
0.184
0.211
0.099
NA
0
0.117
0.08
0
0.044
NA
NA
NA
NA
NA
NA
0.083
0.127
NA
0.021
0.021
0.119
0.077
0.058
NA
NA
NA
0.026
NA
NA
NA
NA
NA
NA
NA
NA
NA
0.285
NA
NA
NA
NA
NA
0.085
0.02
NA
0.087
0
0
0.167
0.212
0.084
0.21
0.147
NA
0.112
0.07
0.269
NA
0.211
0.026
NA
0.158
0.221
NA
NA
NA
0.081
NA
NA
NA
0
NA
0.129
0.026
0.064
0.17
0.076
NA
0.137
NA
0.103
NA
NA
0.125
0.149
0
NA
0.176
0.143
NA
NA
NA
0.104
0.269
0.143
0.116
NA
0.026
NA
0.018
0.085
NA
0.21
NA
NA
NA
0.095
0.194
NA
NA
NA
0.015
0.026
NA
NA
NA
NA
0.267
0.026
NA
0
0.02
0.147
NA
NA
NA
NA
0.123
NA
NA
NA
NA
0.112
0.15
0.189
NA
NA
NA
NA
0.104
NA
NA
NA
NA
NA
NA
NA
NA
NA
NA
NA
NA
NA
0.123
0.085
NA
0.054
NA
0
NA
0.151
0.121
NA
NA
NA
NA
NA
NA
0.203
0.129
NA
NA
0
0.064
NA
NA
NA
NA
NA
NA
0.026
NA
NA
0.096
NA
0.154
0.285
NA
NA
0.026
NA
NA
0.153
0.227
0.285
0.127
NA
0.073
NA
0.039
NA
0.104
0.026
NA
NA
NA
NA
0.238
0.112
NA
0.167
0.114
0.125
NA
NA
0.159
NA
NA
NA
NA
NA
0.021
NA
0.116
0.228
NA
NA
NA
0.114
0.12
NA
0.177
NA
NA
NA
0.124
0.119
NA
NA
NA
0.141
NA
NA
NA
NA
0.083
0.084
NA
NA
NA
NA
0.067
NA
0.097
0.15
NA
NA
0.12
NA
0.026
0.085
NA
NA
NA
0
0.09
NA
NA
0.085
NA
NA
NA
NA
NA
NA
NA
NA
0.072
NA
0.115
NA
NA
NA
NA
0.196
NA
NA
NA
0.099
0.089
NA
0.105
NA
NA
NA
NA
NA
NA
NA
NA
NA
NA
NA
NA
NA
NA
NA
0.05
NA
NA
NA
0.156
NA
NA
NA
0.136
0.14
0.122
NA
0.098
NA
0.109
0.121
NA
0.096
0.134
0.109
NA
NA
NA
NA
NA
0.085
NA
0.108
NA
NA
NA
NA
NA
NA
NA
NA
NA
NA
NA
NA
NA
0.051
NA
NA
NA
NA
NA
NA
NA
NA
NA
NA
NA
NA
0.05
NA
NA
NA
0.098
NA
NA
0.08
0.285
0.185
NA
0.153
NA
NA
NA
NA
NA
NA
NA
NA
0.153
0.342
NA
NA
NA
NA
NA
NA
NA
NA
NA
NA
NA
NA
NA
NA
NA
NA
0.104
NA
0.026
0.15
NA
NA
NA
NA
NA
NA
NA
NA
NA
NA
0.104
NA
NA
NA
NA
0.104
NA
NA
NA
NA
NA
NA
NA
NA
NA
NA
NA
NA
NA
NA
NA
NA
NA
NA
NA
NA
NA
NA
0.124
NA
NA
NA
NA
0.123
0.118
0.138
NA
NA
0.159
NA
NA
NA
NA
0.015
NA
NA
0.06
0.114
NA
NA
0.088
NA
NA
0.173
NA
NA
0.074
NA
NA
NA
0
0
NA
NA
NA
NA
NA
NA
0.216
0
0.285
NA
NA
NA
0.115
NA
NA
NA
NA
0.245
0.245
NA
NA
NA
0.133
NA
NA
NA
NA
NA
NA
NA
NA
NA
NA
NA
NA
NA
NA
NA
NA
0.085
NA
0.104
NA
NA
NA
NA
NA
NA
NA
NA
NA
NA
NA
NA
NA
NA
NA
NA
NA
NA
NA
NA
NA
NA
NA
0.073
0.15
NA
0.05
0.129
0.104
NA
NA
NA
NA
NA
NA
NA
NA
NA
NA
NA
0.101
NA
NA
0.089
NA
0.096
NA
NA
NA
NA
NA
NA
NA
NA
NA
NA
NA
NA
NA
NA
0.104
NA
NA
NA
NA
NA
NA
NA
NA
NA
NA
NA
NA
NA
NA
0.019
NA
NA
NA
NA
NA
0
NA
NA
NA
NA
NA
NA
NA
NA
NA
NA
NA
NA
NA
NA
NA
NA
NA
NA
NA
NA
0.11
NA
NA
NA
NA
NA
NA
NA
NA
NA
NA
NA
NA
NA
NA
NA
NA
NA
NA
NA
NA
NA
NA
0.129
NA
NA
NA
NA
NA
NA
NA
NA
NA
NA
0.163
0.136
0.122
NA
0.026
NA
NA
NA
NA
NA
NA
0.022
NA
NA
NA
NA
NA
NA
NA
NA
NA
NA
NA
NA
NA
NA
NA
NA
NA
0.085
0.085
NA
0.127
NA
NA
0.085
NA
NA
0.07
0.098
NA
NA
NA
NA
NA
NA
NA
NA
NA
NA
NA
NA
NA
NA
0.162
NA
0.057
NA
NA
NA
NA
NA
NA
NA
NA
NA
NA
NA
NA
NA
0.061
0.064
NA
NA
NA
NA
NA
NA
NA
NA
NA
NA
NA
0.133
0.026
NA
NA
NA
NA
NA
NA
NA
0.129
NA
NA
NA
0.158
NA
NA
NA
NA
NA
NA
NA
NA
NA
NA
NA
NA
NA
NA
NA
NA
NA
NA
NA
NA
NA
NA
NA
NA
NA
0.026
NA
NA
0.076
0.04
NA
0.11
NA
NA
NA
NA
NA
NA
NA
NA
NA
NA
NA
NA
NA
0.035
NA
NA
NA
NA
NA
0.129
NA
NA
NA
NA
NA
NA
NA
NA
NA
NA
NA
NA
NA
NA
NA
NA
NA
NA
NA
NA
NA
NA
NA
NA
NA
NA
NA
NA
NA
NA
NA
NA
NA
NA
NA
NA
NA
NA
NA
NA
NA
NA
NA
NA
NA
NA
NA
NA
NA
NA
NA
NA
0.222
NA
NA
NA
NA
NA
NA
NA
NA
NA
NA
NA
NA
NA
NA
NA
0.172
0.096
0
0.063
NA
0.156
NA
NA
NA
0
NA
NA
NA
0
NA
NA
NA
NA
NA
0.056
0.203
NA
NA
NA
NA
NA
NA
0.154
NA
NA
NA
NA
NA
NA
NA
NA
NA
NA
NA
NA
0.151
NA
NA
NA
NA
NA
NA
NA
NA
NA
NA
NA
NA
NA
NA
NA
NA
NA
NA
NA
NA
NA
NA
NA
NA
NA
NA
NA
NA
NA
NA
NA
NA
NA
NA
NA
NA
NA
NA
NA
NA
NA
NA
NA
NA
NA
NA
NA
NA
NA
0.371
0.172
0.209
NA
NA
NA
NA
NA
NA
NA
NA
NA
NA
NA
NA
NA
NA
NA
0.153
NA
NA
NA
NA
NA
NA
NA
NA
NA
NA
NA
NA
NA
NA
NA
NA
0.099
0.134
0.059
0.077
NA
NA
NA
NA
NA
NA
NA
NA
NA
NA
NA
NA
NA
NA
NA
NA
NA
NA
NA
NA
NA
NA
NA
NA
NA
NA
NA
NA
NA
NA
NA
NA
NA
NA
NA
NA
NA
NA
NA
NA
NA
NA
NA
NA
NA
NA
NA
NA
NA
NA
NA
NA
NA
NA
NA
NA
NA
NA
NA
NA
NA
NA
NA
0.183
0.132
NA
NA
NA
0
0
NA
NA
NA
NA
0.056
NA
0.182
NA
NA
NA
0.091
NA
NA
NA
NA
NA
NA
NA
NA
NA
NA
NA
NA
NA
NA
NA
NA
0.104
NA
NA
NA
NA
NA
NA
NA
NA
NA
NA
NA
0.128
NA
NA
NA
0
NA
NA
NA
NA
NA
NA
NA
0.026
NA
NA
NA
NA
0.109
NA
NA
NA
NA
NA
NA
NA
NA
0.104
NA
NA
NA
NA
NA
NA
NA
NA
NA
NA
NA
NA
NA
NA
NA
NA
NA
NA
NA
NA
NA
NA
NA
NA
NA
0.113
0.217
0.094
0.153
0.126
NA
NA
NA
NA
NA
0.085
0.133
NA
NA
NA
NA
NA
0.026
NA
NA
NA
NA
NA
NA
NA
NA
NA
0.05
0.125
0
0
NA
NA
NA
NA
NA
NA
NA
NA
NA
NA
NA
NA
NA
NA
NA
0.026
NA
NA
NA
NA
NA
NA
0.121
NA
NA
NA
NA
NA
NA
NA
NA
NA
0.02
0.158
NA
0.085
0.053
0
NA
NA
NA
NA
0.074
NA
NA
NA
NA
NA
NA
NA
NA
NA
NA
NA
NA
NA
0.156
0.198
0.085
NA
NA
NA
NA
NA
NA
NA
NA
NA
NA
NA
NA
NA
NA
0.112
0.147
NA
NA
0.269
NA
NA
NA
NA
NA
NA
NA
NA
0.05
0.078
NA
NA
0.106
0.05
0.193
NA
0.102
0.02
NA
NA
NA
0.136
NA
NA
NA
NA
NA
NA
NA
NA
NA
NA
0.026
NA
NA
NA
NA
NA
NA
0.133
NA
NA
NA
NA
NA
NA
NA
0.05
0.104
NA
NA
0.237
0.133
0.104
NA
NA
NA
NA
NA
0.099
0.164
NA
0.093
0.085
NA
0.1
NA
NA
0.103
NA
0.153
NA
0.101
NA
0.071
0.149
0.093
NA
NA
NA
NA
NA
NA
NA
NA
NA
NA
NA
0.103
NA
NA
NA
NA
NA
NA
0.119
0.114
0.129
0.269
NA
NA
NA
NA
NA
NA
NA
NA
NA
NA
NA
NA
NA
NA
NA
NA
NA
NA
NA
0.113
NA
NA
NA
NA
NA
NA
NA
NA
NA
NA
NA
NA
NA
NA
NA
NA
0
NA
NA
NA
NA
NA
0.16
NA
0.156
NA
NA
NA
NA
NA
NA
0.112
NA
NA
NA
NA
NA
0.062
NA
0.08
0.092
NA
NA
NA
0.097
0.152
0
0.105
NA
0.258
NA
NA
NA
NA
NA
NA
NA
NA
NA
NA
0.209
0.093
0.169
NA
NA
NA
NA
NA
NA
NA
NA
NA
NA
NA
0.096
0.26
0.112
NA
NA
0.111
NA
NA
NA
NA
NA
NA
NA
NA
NA
NA
NA
NA
0.169
0.102
NA
NA
NA
NA
0.156
NA
NA
NA
0.077
NA
NA
NA
0.026
NA
NA
NA
0
NA
NA
NA
0.175
NA
NA
0
0.146
0.045
NA
0.132
0.104
0.026
NA
0.021
NA
NA
NA
NA
0.236
0.193
0.026
NA
NA
0.083
NA
NA
NA
NA
NA
NA
NA
NA
0.085
NA
NA
NA
NA
NA
0.118
NA
0.162
0.078
0.038
0.128
0.161
NA
NA
NA
NA
0.092
NA
0.109
0.254
NA
NA
0.121
NA
NA
NA
0.328
NA
NA
NA
NA
0.05
NA
NA
NA
NA
NA
NA
NA
NA
0.109
NA
NA
NA
NA
NA
NA
NA
NA
NA
NA
0.019
0.026
NA
NA
NA
0.269
0
0.129
NA
0.133
NA
NA
0.084
NA
0.058
0.187
0.189
0.02
NA
NA
NA
NA
NA
NA
NA
NA
0.076
NA
NA
NA
NA
NA
NA
NA
NA
0.026
NA
NA
NA
NA
NA
0.133
0.15
0.103
NA
0.049
NA
NA
NA
NA
NA
0.111
0.113
NA
NA
NA
NA
NA
NA
NA
NA
NA
NA
NA
0.388
0.225
0.085
0.085
NA
NA
0.147
0.174
NA
0.085
NA
NA
NA
0.045
0.127
0
NA
NA
NA
0.269
0.129
NA
NA
NA
0
NA
0.049
0.137
NA
NA
NA
NA
NA
NA
NA
0.039
0.16
0.092
NA
NA
0.159
0.167
NA
NA
NA
0.096
NA
0.19
0.102
NA
NA
0.097
0.022
0.212
NA
0.05
NA
NA
NA
NA
0.083
NA
0.197
NA
0.104
NA
NA
NA
0.028
NA
0.127
NA
0.05
NA
NA
NA
NA
NA
NA
NA
NA
0.057
0.122
0.147
0.05
0.015
NA
NA
NA
NA
0.104
NA
NA
NA
NA
NA
NA
NA
NA
NA
NA
NA
NA
NA
NA
NA
NA
NA
NA
NA
NA
0.113
0.21
NA
0
0.326
NA
NA
0.104
0.143
NA
0.047
0.049
NA
NA
NA
NA
NA
NA
NA
0.096
0.146
NA
0.154
NA
NA
0.026
NA
NA
0.158
0.269
0.104
NA
NA
0.1
0.21
0.096
NA
NA
NA
0.121
NA
0.174
NA
0.197
NA
NA
NA
NA
NA
NA
0.18
NA
0.014
NA
0.104
NA
NA
NA
NA
NA
NA
NA
NA
NA
0.121
NA
0.269
0.273
NA
0.145
NA
0.481
0
NA
NA
NA
0.123
0.201
NA
NA
NA
0.13
NA
0.186
0.098
NA
NA
NA
NA
0.026
0.026
0.026
NA
0
NA
NA
NA
NA
NA
NA
NA
NA
0.169
0.112
0.108
0.05
NA
NA
0.132
0.088
NA
0.057
NA
NA
NA
0
NA
NA
NA
NA
NA
0.026
NA
NA
NA
NA
NA
0.156
NA
0.341
NA
0.137
NA
0.285
NA
NA
NA
NA
NA
NA
0.266
0
NA
NA
0.026
0.026
0.026
0.043
NA
0.037
NA
NA
0
NA
0.201
NA
0.172
NA
NA
NA
NA
NA
NA
0.016
NA
0.082
0.12
0.085
NA
NA
0.122
0.155
NA
NA
0.269
0.169
NA
0.129
0.116
NA
0.136
0.11
0.077
0.034
NA
0.068
NA
NA
NA
0.099
0.026
NA
NA
NA
NA
0.134
NA
NA
NA
NA
NA
NA
NA
NA
NA
NA
NA
NA
NA
NA
0.098
NA
NA
NA
0.02
0.088
NA
NA
NA
NA
0.22
NA
NA
NA
0.269
NA
0.142
0.1
0.165
NA
NA
NA
NA
NA
NA
NA
0.123
0
NA
NA
NA
0.149
NA
0.193
NA
NA
NA
NA
NA
NA
NA
NA
0.254
0.132
0.089
NA
NA
NA
NA
NA
0.097
NA
NA
0.117
NA
NA
0.219
0.149
NA
NA
NA
0.136
NA
NA
NA
NA
0.026
0.1
NA
0.171
NA
NA
NA
NA
NA
0.095
NA
NA
NA
NA
NA
NA
NA
NA
NA
NA
NA
0.215
NA
0.142
NA
NA
0.104
0
NA
NA
NA
NA
NA
NA
NA
NA
NA
NA
NA
NA
NA
0.068
0.104
NA
NA
NA
0
NA
NA
NA
NA
NA
NA
0.05
NA
0
NA
NA
NA
0.193
NA
NA
NA
NA
NA
NA
NA
NA
NA
NA
NA
NA
0.15
0.021
NA
NA
NA
0.129
NA
NA
NA
NA
NA
NA
NA
NA
NA
NA
NA
NA
0.052
NA
NA
NA
NA
NA
NA
NA
NA
NA
0.162
NA
NA
NA
NA
NA
NA
0.017
NA
0.139
0.129
NA
0.19
NA
0
NA
NA
NA
0.155
0
NA
0.082
0.079
0.109
NA
NA
0.146
NA
NA
NA
0.05
NA
NA
NA
NA
0.144
0.206
NA
NA
NA
NA
NA
NA
NA
NA
NA
0.019
NA
0.2
NA
NA
0.122
NA
0.119
NA
NA
NA
NA
NA
0.098
NA
0.069
0.126
NA
NA
NA
NA
NA
NA
NA
NA
0.061
0.041
0.026
NA
0.155
NA
NA
NA
NA
0.125
NA
NA
NA
0.168
0.026
NA
NA
NA
NA
NA
NA
NA
NA
NA
NA
0.129
0.104
0.026
NA
NA
NA
NA
NA
NA
NA
0.132
NA
0.151
0.259
0.236
0.149
NA
NA
0.085
0.133
0.128
NA
NA
NA
NA
NA
NA
0.128
NA
NA
NA
NA
NA
NA
NA
0
NA
NA
0
0
NA
NA
NA
NA
NA
NA
NA
NA
0.026
0
NA
0.13
NA
0.05
NA
NA
NA
0
NA
NA
NA
NA
0.142
NA
NA
NA
NA
NA
NA
0.026
NA
NA
NA
NA
NA
NA
NA
0.09
0.026
0.026
NA
0.07
NA
0
0.103
0.106
NA
NA
NA
NA
NA
NA
NA
NA
0.189
0.129
0.174
NA
0.096
NA
NA
NA
NA
NA
NA
NA
NA
NA
NA
0.188
NA
NA
NA
NA
0.051
NA
NA
NA
NA
NA
NA
NA
NA
NA
NA
NA
0.188
NA
NA
NA
NA
NA
NA
0.14
0.13
NA
NA
NA
NA
NA
NA
NA
NA
NA
0
0.073
0.11
NA
NA
NA
NA
NA
NA
NA
NA
NA
0.085
NA
NA
NA
NA
NA
NA
NA
NA
NA
NA
0.133
NA
0.146
0.132
0.141
NA
NA
NA
NA
NA
NA
NA
NA
NA
NA
NA
NA
NA
NA
NA
NA
NA
NA
NA
NA
NA
NA
NA
NA
0.096
NA
NA
NA
0.133
NA
NA
NA
0.096
0.112
NA
NA
0.026
NA
0.18
NA
0.085
NA
NA
NA
NA
NA
NA
NA
0.112
0.105
NA
NA
0.107
NA
NA
0.095
NA
NA
0.14
NA
NA
NA
NA
0.118
NA
NA
NA
NA
NA
0.137
NA
NA
NA
NA
NA
0.176
NA
NA
NA
NA
NA
0.085
NA
NA
0.05
NA
NA
0.227
NA
NA
NA
0.212
0.114
0.168
0
NA
NA
NA
0.176
NA
NA
NA
NA
NA
0.072
NA
0.087
0.085
NA
0.109
NA
NA
NA
0.085
NA
0
NA
0.09
NA
NA
0.433
0.09
0.126
NA
0
NA
NA
NA
NA
0.185
NA
0.276
NA
NA
NA
NA
0.16
0.129
NA
NA
0
0.103
NA
0.123
NA
0.076
NA
NA
NA
NA
NA
NA
NA
NA
NA
0.119
NA
0.105
NA
0.102
NA
NA
0.072
0.046
0.095
NA
NA
NA
NA
NA
NA
NA
NA
NA
NA
NA
0.173
0.085
NA
0.285
NA
0.196
NA
NA
NA
NA
NA
NA
NA
NA
NA
NA
NA
NA
NA
0.097
NA
0.11
0.081
0.042
NA
NA
0.178
NA
0.1
0.026
0.047
NA
0.209
0.11
0.094
NA
0.124
NA
0
NA
NA
NA
NA
0.092
NA
0.214
NA
NA
NA
NA
0.155
NA
NA
NA
NA
NA
NA
0.125
0.192
NA
0.145
NA
NA
NA
0.078
NA
NA
NA
0.137
NA
NA
NA
NA
NA
NA
NA
NA
NA
NA
NA
NA
