0.639
0.784
NA
0.427
0.819
0.777
0.588
0.623
0.518
0.706
NA
0.394
0.739
1
0.749
0.713
0.694
0.825
0.747
0.641
NA
0.125
1
0.784
0.693
0.603
0.634
0.757
1
0.832
0.791
0.618
0.708
1
NA
0.605
1
NA
0.667
NA
NA
NA
NA
NA
0.753
0.631
0.794
1
NA
0.727
NA
1
0.479
0.641
0.461
0.779
0.644
0.505
0.652
0.758
0.649
0.537
1
NA
0.827
0.808
0.636
NA
NA
0.762
0.792
0.822
0.809
1
1
0.643
0.443
0.447
0.293
0.733
0.489
0.976
0.744
0.792
0.899
0.892
0.577
0.579
0.441
0.702
0.809
0.437
0.513
0.712
NA
0.575
0.53
0.207
0.687
0.68
1
1
0.617
0.503
NA
NA
NA
NA
0.531
0.318
0.619
0.239
NA
0.593
0.573
0.583
0.784
0.305
0.429
0.793
NA
1
0.327
0.233
0.745
0.65
0.645
0.459
0.726
0.797
0.752
0.557
0.739
0.505
0.541
0.464
0.66
0.496
0.445
1
0.633
0.47
1
0.682
0.595
0.627
0.614
1
0.581
0.648
0.51
1
1
1
0.625
0.61
1
0.45
0.284
0.611
0.636
0.588
0.627
0.494
0.557
0.62
1
0.455
0.586
0.776
1
0.676
0.831
0.561
1
0.693
0.713
0.555
0.602
0.587
0.564
0.703
0.793
0.57
0.931
0.73
0.6
0.336
1
0.232
1
0.6
0.6
0.275
0.6
0.399
0.424
1
0.414
0.511
0.565
0.486
1
0.31
0.571
0.602
0.435
0.769
0.747
0.715
0.711
0.559
0.723
0.91
1
0.547
0.775
0.863
NA
NA
0.436
0.624
1
0.701
0.507
0.565
0.627
0.785
0.562
0.62
0.659
1
0.513
0.569
0.714
0.364
0.665
1
0.797
0.782
0.429
0.472
NA
0.806
0.899
0.808
0.805
0.805
0.793
0.816
0.824
0.688
1
0.783
0.741
0.277
0.53
1
0.816
0.531
0.817
0.768
0.817
0.634
0.745
0.615
0.62
1
0.702
0.565
0.762
0.74
0.678
0.598
0.759
0.598
0.697
0.629
0.867
0.675
0.629
1
0.662
0.537
0.643
0.789
0.528
0.759
0.7
0.717
0.75
1
0.772
0.671
NA
1
0.635
0.646
0.677
0.879
0.729
0.728
0.629
0.805
0.713
0.636
0.464
0.632
0.657
0.681
1
0.804
NA
0.513
0.752
0.697
1
0.756
0.642
0.677
0.818
0.677
0.448
0.821
0.771
0.521
0.746
1
0.658
0.636
0.75
0.67
0.792
0.733
0.724
0.974
0.859
1
0.765
0.728
NA
0.832
0.772
0.855
0.6
0.651
0.867
0.772
1
0.915
0.65
0.483
0.678
1
1
0.611
0.69
0.663
0.774
0.645
0.684
0.874
0.479
0.457
0.476
0.613
0.575
1
0.724
0.577
0.422
NA
0.735
0.833
0.296
1
0.544
0.707
0.868
0.738
1
0.868
0.77
0.513
0.649
0.623
0.65
0.648
0.513
0.931
0.614
1
0.573
0.377
0.692
0.444
0.686
1
0.691
0.557
0.689
1
1
0.348
0.36
1
1
0.915
0.837
0.9
0.72
0.705
0.861
0.577
0.736
1
NA
0.572
0.501
0.583
0.406
1
0.47
0.561
0.609
0.582
0.71
0.657
0.514
0.63
0.521
0.648
0.69
0.611
0.635
0.694
0.537
0.445
0.598
0.594
0.553
0.554
0.744
0.581
0.79
0.753
0.541
0.669
1
0.639
0.814
0.428
0.289
0.189
0.911
0.185
0.579
0.86
1
0.67
0.738
1
NA
0.089
0.331
0.474
NA
NA
NA
NA
0.571
1
0.476
0.61
1
0.477
0.457
0.205
1
1
1
0.556
0.721
0.569
0.682
1
0.771
0.727
1
0.278
0.735
0.66
0.688
0.671
0.547
0.679
0.639
NA
0.61
0.624
1
0.58
0.444
0.444
0.619
1
0.773
0.888
0.504
1
0.444
NA
NA
NA
1
0.285
0.677
0.263
0.297
0.28
0.481
1
1
NA
0.478
1
0.56
0.507
0.505
0.283
NA
NA
0.283
0.467
0.504
0.579
0.389
0.644
0.552
0.27
NA
0.659
0.528
0.27
0.423
0.27
0.58
0.685
0.557
0.34
0.34
0.201
0.34
NA
0.253
1
0.665
0.79
0.419
0.201
1
1
0.715
NA
0.123
0.082
1
0.141
0.256
1
0.672
0.892
1
0.932
0.831
0.616
1
0.673
0.7
0.84
0.535
NA
NA
NA
NA
NA
NA
1
0.885
0.68
0.654
NA
NA
1
0.163
0.089
0.621
0.609
0.506
0.383
0.661
0.409
NA
NA
0.561
0.753
0.618
0.492
0.477
0.506
0.641
1
0.703
0.554
0.763
0.617
0.713
0.618
0.501
0.51
0.663
0.706
0.692
0.625
0.727
NA
NA
NA
NA
NA
NA
NA
0.81
1
0.81
0.747
0.746
0.636
0.786
0.678
0.681
0.746
0.574
NA
0.721
0.665
0.941
1
0.586
0.56
0.806
1
0.776
0.708
0.789
0.741
0.395
0.707
1
NA
0.721
1
1
0.784
0.784
1
0.718
0.785
0.624
0.787
0.808
0.75
0.761
0.816
0.794
0.395
0.723
0.606
0.553
0.705
0.504
0.463
NA
1
0.717
0.718
1
0.535
1
0.541
0.746
0.444
0.645
0.588
0.25
0.305
NA
NA
NA
0.603
0.909
0.873
0.873
0.782
0.618
0.521
1
0.239
0.64
NA
0.404
0.778
0.492
1
0.636
NA
0.887
0.823
1
0.65
0.557
NA
NA
NA
NA
NA
NA
0.811
1
0.849
0.85
0.865
0.722
0.792
1
0.803
0.312
0.704
0.742
0.808
0.874
1
0.866
0.761
0.531
1
NA
0.672
0.673
0.815
0.689
0.523
0.947
1
0.364
NA
NA
0.844
1
1
1
1
0.387
0.45
0.331
0.526
0.461
0.399
NA
0.745
0.298
0.503
1
0.454
0.566
0.413
0.505
0.835
0.626
0.785
1
1
0.863
1
1
0.332
0.506
NA
NA
0.513
1
1
1
0.472
0.177
0.478
0.281
0.658
1
0.487
0.598
0.368
0.635
0.599
0.572
1
0.779
0.939
NA
NA
1
0.802
1
0.847
1
0.508
0.728
0.425
0.529
NA
NA
0.438
0.523
1
0.484
NA
0.586
0.655
0.73
1
0.374
0.59
1
0.452
0.732
0.666
0.734
0.759
0.624
1
0.54
0.542
0.431
0.308
0.449
NA
1
0.525
0.49
0.594
0.689
0.743
NA
NA
NA
NA
NA
NA
NA
NA
1
0.861
0.864
1
0.828
0.659
0.705
0.407
0.483
0.366
0.67
NA
0.806
1
0.593
0.809
0.795
0.687
0.727
0.783
0.495
1
1
0.588
0.605
0.605
0.776
0.475
1
1
0.758
1
0.53
0.807
0.388
0.562
NA
1
0.689
0.663
0.775
0.588
0.586
0.774
0.767
0.861
0.785
0.791
0.663
0.899
0.663
0.739
0.426
0.416
0.473
0.707
0.912
0.669
1
0.669
0.233
1
0.318
0.468
1
0.621
0.296
0.364
0.887
0.552
0.671
NA
0.685
NA
1
0.729
0.517
0.327
0.487
0.609
0.511
0.325
0.568
0.897
NA
0.693
0.758
NA
0.756
0.527
0.618
0.816
0.569
0.645
0.789
0.81
0.728
0.817
NA
1
0.656
0.557
NA
NA
0.771
0.215
0.709
0.58
0.591
NA
0.785
NA
0.74
0.824
0.775
0.764
0.892
0.812
0.827
NA
1
0.97
NA
NA
NA
NA
NA
NA
NA
NA
NA
NA
0.458
0.427
0.575
0.704
0.834
0.82
1
0.795
0.795
0.85
0.539
0.324
1
0.72
0.723
0.515
NA
0.528
1
0.739
1
0.776
0.674
0.758
0.652
0.772
1
0.708
0.714
0.626
0.762
0.773
0.906
0.91
0.591
0.543
0.494
0.837
0.708
0.278
0.747
0.675
0.483
0.663
1
NA
0.635
0.385
1
1
0.48
0.784
1
0.572
0.652
0.673
0.56
0.784
0.694
0.698
0.636
0.52
1
NA
NA
NA
NA
NA
0.688
0.493
1
1
0.529
0.744
0.797
0.738
0.688
0.887
0.779
NA
NA
NA
0.616
1
0.781
0.549
0.645
0.513
0.686
0.75
1
0.74
0.516
1
0.15
0.696
0.427
1
0.708
0.84
0.343
0.883
0.932
0.781
0.797
NA
0.714
0.63
0.692
0.54
0.495
0.484
0.505
0.421
NA
NA
0.646
1
0.613
0.301
0.707
0.779
0.67
0.3
1
NA
1
1
NA
0.622
0.435
1
0.818
0.811
1
1
0.654
0.733
1
0.711
0.419
0.788
0.782
1
1
0.601
0.287
NA
0.336
0.434
0.225
NA
0.462
0.821
1
0.81
0.66
1
0.614
0.623
0.747
NA
NA
0.481
0.419
0.759
0.837
0.758
1
1
1
0.784
0.67
0.826
0.538
0.584
1
0.737
0.673
1
0.597
0.63
0.61
NA
1
0.743
0.819
0.724
NA
0.548
0.688
0.596
0.376
1
0.73
0.692
0.755
0.48
0.428
0.651
0.365
0.6
0.537
0.366
0.574
1
1
1
1
1
1
1
0.356
0.887
0.935
0.774
0.609
0.523
0.615
0.769
1
1
0.652
0.479
1
0.652
0.459
0.837
0.583
0.439
0.383
0.531
NA
NA
NA
NA
NA
NA
0.753
0.72
0.489
0.596
0.613
0.575
1
0.631
0.68
1
0.44
1
0.614
1
0.696
0.718
0.885
NA
1
0.583
0.128
NA
0.736
1
0.382
1
0.853
0.791
0.779
0.766
0.763
1
NA
0.755
0.636
NA
0.502
NA
NA
NA
NA
0.512
0.657
1
1
1
1
NA
0.232
0.541
0.661
0.705
1
0.651
0.609
0.645
NA
NA
NA
NA
0.506
0.507
0.76
NA
NA
0.769
0.624
0.456
1
0.376
0.544
0.811
0.651
0.598
1
NA
0.63
NA
0.648
0.745
0.687
0.746
1
0.661
1
1
1
0.586
0.606
0.529
0.592
0.481
0.561
0.362
0.762
1
0.722
0.6
0.648
0.498
0.296
1
NA
1
NA
0.812
1
1
NA
0.688
0.696
0.74
0.557
0.744
1
0.63
0.504
0.781
0.563
1
1
0.77
0.675
0.694
0.684
0.71
0.661
0.661
1
1
1
0.915
1
0.166
0.884
0.928
0.928
0.928
0.766
0.81
0.858
0.584
0.694
0.166
0.66
0.829
0.631
1
0.675
0.883
1
0.784
0.784
0.784
0.784
1
1
0.784
NA
0.782
1
0.737
0.818
0.718
NA
0.346
1
0.466
1
NA
NA
NA
NA
NA
1
0.624
0.353
0.684
0.598
0.562
0.321
0.699
NA
1
0.641
0.745
0.568
0.72
0.628
0.673
0.667
0.643
1
0.171
NA
0.141
0.122
0.305
0.325
0.135
0.171
1
0.177
0.325
0.177
1
NA
1
0.141
NA
NA
NA
0.516
0.515
0.56
0.57
1
0.506
0.309
0.628
0.401
NA
0.371
1
0.739
NA
NA
1
0.91
NA
0.448
0.494
0.513
0.539
NA
1
0.357
0.39
0.493
NA
0.438
0.226
0.235
1
1
1
1
0.592
1
0.503
0.54
0.651
0.841
0.563
0.391
0.425
0.546
0.727
0.407
1
0.377
0.353
0.565
0.324
0.585
NA
0.555
0.416
0.343
NA
0.363
0.454
0.561
0.746
0.71
0.539
0.389
0.455
0.728
0.395
0.92
0.92
0.576
1
1
0.799
NA
0.542
0.356
0.627
0.529
0.628
NA
0.356
NA
0.616
0.673
0.329
0.561
0.386
0.383
1
0.568
0.779
1
NA
0.52
0.762
0.63
0.64
0.856
0.795
0.798
0.619
0.815
0.852
NA
0.49
NA
0.489
0.521
0.618
1
1
0.672
0.633
0.356
0.627
0.644
1
NA
1
0.758
0.413
0.403
0.428
0.699
0.659
1
0.784
0.745
1
NA
0.58
0.499
NA
0.541
0.889
1
0.565
0.591
0.681
0.752
0.717
0.29
0.777
0.55
0.851
0.887
0.782
NA
0.676
0.598
0.404
NA
0.272
0.611
0.39
0.452
1
0.82
0.43
0.694
NA
NA
0.635
0.478
0.381
0.375
0.595
0.813
NA
0.315
0.727
0.713
1
1
0.491
0.39
0.333
0.573
1
NA
NA
1
0.52
0.603
0.609
0.62
0.658
0.546
0.631
1
0.425
0.353
0.314
0.437
0.425
0.631
0.552
0.493
0.584
0.631
0.664
0.771
0.561
0.516
0.623
0.516
0.6
1
1
0.714
0.514
0.726
0.483
0.483
0.586
0.483
0.509
0.613
0.546
0.645
0.661
0.616
0.538
0.517
0.529
1
0.517
0.7
0.63
0.771
0.644
0.632
0.62
1
0.717
NA
0.728
0.643
0.52
0.603
0.675
1
1
0.554
0.619
0.715
0.62
0.554
0.716
0.712
0.495
0.48
0.548
1
0.475
0.523
0.523
1
0.428
0.484
NA
1
NA
1
0.6
0.335
0.356
1
0.289
1
0.545
NA
0.782
0.769
0.555
0.657
1
0.634
0.824
0.563
0.53
0.677
0.582
0.722
0.536
0.592
0.609
0.665
0.656
0.656
0.381
0.418
NA
NA
0.649
0.619
0.591
1
0.852
0.846
0.621
0.6
0.413
1
1
0.595
0.45
0.658
0.578
0.739
1
1
0.198
NA
0.574
0.553
NA
1
0.205
1
0.503
0.62
0.727
0.704
0.371
0.274
0.64
0.829
0.313
NA
0.632
1
0.215
NA
0.515
0.722
0.771
0.554
0.526
1
0.553
0.462
0.605
0.672
0.592
0.668
0.682
1
0.627
0.49
0.842
0.737
0.707
0.551
1
0.723
NA
0.577
0.813
0.614
1
0.789
0.784
0.74
0.499
0.974
0.604
0.358
0.593
0.511
0.592
1
0.42
0.261
0.908
0.877
0.472
NA
NA
NA
NA
NA
NA
NA
NA
1
0.605
0.647
0.703
NA
0.771
1
0.728
0.583
0.629
0.434
0.738
0.597
0.526
0.294
0.711
0.611
0.59
0.702
0.611
0.626
1
0.459
0.417
1
NA
NA
NA
0.905
0.816
1
0.757
0.833
0.799
0.758
0.768
0.607
0.802
0.807
0.779
0.559
0.796
0.744
1
0.974
0.874
0.309
0.429
1
0.602
0.575
0.389
0.289
0.418
0.468
0.797
1
0.629
NA
0.505
0.537
0.536
0.409
0.284
NA
NA
NA
1
0.675
0.593
0.661
NA
0.886
0.911
1
0.659
0.644
0.653
0.792
0.734
0.558
0.539
NA
0.644
0.647
1
0.63
1
0.46
0.592
0.613
0.498
0.333
0.246
0.249
1
0.444
0.444
0.25
0.198
0.231
0.514
0.454
0.598
0.758
0.643
NA
0.392
0.707
1
0.756
0.609
0.534
0.573
0.756
0.811
1
1
NA
1
1
1
1
0.566
0.673
1
0.706
1
0.789
0.762
0.64
0.603
0.81
0.754
0.852
0.877
0.727
0.794
0.901
0.759
0.901
0.858
0.835
1
0.795
0.857
NA
0.782
0.733
0.932
0.708
0.805
0.555
0.742
0.73
1
0.378
0.394
0.507
0.932
0.742
0.588
0.771
0.821
0.664
0.766
0.662
0.413
0.955
0.955
0.661
0.721
0.684
0.792
1
1
NA
0.131
NA
NA
0.814
0.831
1
1
0.969
0.946
0.8
0.546
0.524
0.29
1
1
0.425
1
1
1
1
0.428
1
NA
NA
NA
1
0.978
0.932
0.815
1
0.67
0.3
0.661
0.737
0.532
0.678
0.206
0.16
0.474
0.542
0.532
0.517
0.596
NA
0.319
1
0.559
NA
0.503
0.749
0.789
0.516
1
0.63
0.746
0.771
0.756
0.707
0.837
NA
0.779
0.641
0.694
0.46
0.751
0.589
1
0.12
0.467
0.566
0.496
0.587
0.583
0.605
0.686
0.572
0.498
1
1
1
0.555
0.463
1
0.739
NA
0.534
0.493
1
0.213
0.213
0.799
0.678
0.832
NA
0.772
1
0.92
0.839
0.824
0.777
0.796
0.691
0.765
0.691
0.761
0.824
0.691
0.79
0.827
0.773
0.716
1
0.792
0.865
0.723
0.639
0.712
0.742
0.952
NA
NA
0.748
0.732
0.842
0.777
0.732
0.769
0.775
0.806
0.648
0.741
0.724
0.891
0.732
0.826
1
0.772
0.978
0.497
0.581
NA
0.361
0.343
0.344
1
0.737
1
0.599
0.468
0.812
1
1
0.784
0.622
0.796
0.705
0.7
0.643
0.757
0.664
0.471
0.528
0.651
0.592
0.204
0.706
0.561
1
0.586
0.582
0.875
0.666
0.712
0.723
NA
0.813
1
0.881
0.827
0.861
0.739
0.847
0.849
0.838
0.87
0.856
0.491
0.766
0.858
0.826
0.674
0.764
0.723
1
NA
0.824
0.691
0.732
0.652
0.829
0.838
0.606
0.67
NA
NA
0.646
0.37
0.557
0.776
0.784
0.586
NA
NA
0.648
NA
NA
1
1
1
0.661
0.49
1
0.733
0.581
0.311
0.536
0.486
NA
0.605
0.623
0.861
1
0.909
0.586
0.926
0.926
0.665
0.946
0.715
1
0.305
NA
0.871
NA
0.88
0.945
0.865
1
0.901
0.883
0.79
0.781
0.744
0.794
NA
1
1
1
1
NA
NA
0.769
1
0.828
0.816
0.72
0.407
0.69
1
1
1
0.841
NA
NA
NA
NA
NA
NA
NA
0.323
0.222
0.625
0.556
1
0.833
1
0.388
NA
NA
0.833
0.572
NA
NA
1
0.577
0.506
0.667
0.608
0.539
0.579
0.601
0.599
0.622
0.638
0.629
0.652
1
NA
0.811
1
0.597
0.495
0.244
1
1
0.707
0.839
0.893
0.581
0.75
0.655
0.939
0.826
0.835
0.751
0.823
0.813
0.699
0.893
0.788
0.702
0.721
1
1
1
0.708
0.785
0.775
0.806
1
1
0.809
0.723
0.734
0.877
0.964
0.87
0.741
1
0.623
0.87
1
0.716
0.664
0.733
NA
1
1
0.809
1
0.876
1
0.808
NA
0.625
0.294
0.575
0.779
0.486
0.609
0.329
0.552
0.607
0.509
0.635
0.52
NA
0.733
1
0.693
0.908
0.306
0.662
0.494
0.609
1
0.561
0.752
0.651
0.641
0.823
0.436
0.596
0.644
0.627
1
0.553
0.38
0.685
0.873
0.882
0.797
0.817
0.716
1
0.736
0.789
1
0.762
0.789
0.774
0.454
0.553
0.319
0.31
NA
0.519
NA
0.304
0.413
0.779
0.31
0.597
1
0.352
0.296
1
1
1
1
1
1
0.441
1
1
0.582
0.235
0.158
1
0.425
0.425
NA
0.711
0.711
1
0.525
1
0.635
1
0.554
0.495
1
0.514
0.67
0.452
0.248
0.843
NA
NA
0.234
0.874
0.812
0.675
0.594
1
1
0.674
NA
NA
0.978
NA
0.508
0.941
0.921
1
0.186
0.255
0.274
0.215
0.665
0.528
0.634
0.215
1
1
0.2
0.434
0.184
0.729
NA
NA
0.573
0.573
0.709
0.681
0.709
0.79
0.681
1
NA
NA
NA
NA
NA
0.465
0.57
0.569
0.63
1
0.739
0.58
0.707
0.396
0.65
0.72
0.495
0.6
0.645
0.616
0.626
0.608
0.655
0.66
0.795
NA
1
1
0.361
0.2
NA
NA
NA
NA
NA
NA
NA
NA
0.552
0.729
0.745
0.593
1
0.696
1
0.356
0.796
1
0.356
0.585
0.356
0.356
1
0.631
0.616
0.531
0.524
0.556
1
1
1
0.287
0.235
1
1
1
NA
0.536
NA
0.52
0.567
0.334
0.287
1
0.305
0.629
0.287
1
0.425
0.507
0.182
0.2
1
0.18
0.235
0.235
0.196
0.223
0.436
0.308
0.317
0.232
1
0.66
0.713
0.366
0.376
0.316
0.201
NA
0.883
1
0.492
NA
0.697
1
0.759
0.825
0.884
1
0.369
0.659
NA
0.576
0.468
NA
0.582
0.235
0.582
0.582
1
1
0.356
0.425
0.754
0.579
0.357
1
0.357
0.629
0.615
0.69
0.623
0.289
0.738
1
0.609
0.588
0.289
0.566
0.377
1
1
0.59
NA
0.845
1
0.325
0.184
0.769
0.234
1
0.143
1
0.96
1
0.233
0.149
0.112
0.82
1
0.537
0.164
0.334
0.673
0.192
1
1
0.275
0.82
0.82
NA
0.745
1
0.739
0.498
0.443
0.695
1
0.448
0.773
0.305
0.753
0.797
1
1
0.179
0.678
1
0.179
0.696
0.753
0.112
1
0.606
NA
NA
NA
NA
1
0.741
0.748
0.794
NA
NA
NA
NA
0.55
0.597
0.666
0.928
0.784
1
0.307
0.969
0.574
0.424
0.894
0.666
0.605
0.675
0.734
0.707
0.659
0.518
0.903
1
0.592
0.792
0.693
0.703
0.693
0.774
0.481
0.613
0.77
0.72
0.445
0.76
0.601
0.727
0.65
0.693
0.76
0.321
1
0.846
0.862
0.854
NA
0.645
0.759
0.771
0.829
0.574
0.807
0.715
0.768
0.586
0.762
0.701
0.748
0.768
0.799
0.733
0.746
0.784
0.689
0.413
0.297
1
0.844
0.444
0.25
0.232
1
0.767
0.305
0.273
0.588
0.366
0.762
1
0.724
0.559
0.592
0.848
0.416
1
0.819
0.89
0.467
0.57
0.546
0.537
0.265
0.76
1
1
0.66
0.456
1
0.305
0.654
NA
0.848
0.911
0.838
0.203
0.297
0.699
0.556
0.573
0.632
NA
0.373
NA
0.686
0.71
1
0.132
0.314
1
0.643
0.314
0.179
0.308
0.424
0.712
1
0.288
0.725
0.627
0.508
0.604
0.655
0.605
0.543
0.493
0.57
0.613
0.508
0.658
0.238
0.673
1
0.443
1
0.788
0.526
1
1
0.39
1
1
0.658
0.604
NA
0.669
1
0.42
0.301
0.724
0.421
0.88
0.514
0.425
0.582
0.291
0.377
0.76
1
0.685
0.74
0.671
0.591
0.617
0.734
0.794
0.616
0.732
0.418
0.419
0.677
0.537
0.68
1
0.576
0.582
0.82
1
0.412
0.42
0.664
0.569
NA
0.659
0.824
0.686
0.796
0.611
0.483
0.483
0.352
0.638
0.755
0.675
1
0.656
0.382
0.668
0.306
0.531
0.822
0.654
0.857
0.837
0.772
0.711
1
0.713
0.756
0.837
0.837
0.713
1
0.831
0.606
0.702
0.731
0.702
0.7
0.812
0.754
0.821
0.847
0.837
NA
1
0.661
0.708
0.425
0.566
0.305
1
0.596
0.48
0.462
0.854
NA
0.549
0.33
0.685
0.581
0.6
0.647
0.362
1
0.866
0.78
1
1
0.638
0.606
1
0.82
1
0.316
0.603
0.319
0.312
0.473
0.506
0.722
0.645
0.882
NA
0.855
1
1
0.667
1
0.448
0.928
0.953
0.953
1
0.284
0.327
0.34
0.289
0.262
0.485
0.258
0.582
1
0.714
0.242
0.468
0.882
1
0.337
1
1
0.767
0.855
0.713
NA
0.517
0.578
0.594
0.6
0.707
0.528
0.554
0.617
0.503
0.633
0.553
0.553
0.494
0.658
0.634
1
NA
0.536
0.505
0.692
0.255
1
0.363
NA
1
0.563
0.325
1
0.602
1
0.908
0.856
0.847
0.696
0.899
0.647
1
0.712
0.565
0.935
0.781
0.528
0.54
0.845
1
0.413
1
NA
0.846
NA
0.621
0.797
0.847
0.731
0.364
0.617
0.24
1
0.811
0.764
0.685
0.522
0.848
0.746
0.72
0.716
0.843
NA
0.631
0.836
1
NA
0.661
0.797
0.835
0.548
0.759
0.794
NA
0.514
0.585
0.685
NA
NA
0.745
1
0.631
0.555
0.485
0.526
0.763
0.83
0.762
0.61
0.617
0.709
0.568
0.523
0.641
0.941
0.35
NA
0.351
0.714
1
0.833
1
0.325
0.413
0.379
0.593
0.535
0.641
0.631
0.413
0.688
0.717
NA
0.467
0.584
1
0.586
NA
NA
0.54
0.801
0.645
0.642
0.716
0.567
NA
0.296
0.098
0.119
0.325
1
0.487
0.477
0.457
1
0.413
0.202
0.692
0.722
0.298
1
1
1
0.892
0.223
0.178
1
1
1
0.429
1
0.666
0.722
0.536
0.716
0.78
0.876
NA
1
0.35
0.586
0.62
0.35
0.302
0.758
0.81
1
0.879
0.669
0.739
1
0.865
1
1
1
1
1
0.356
1
1
1
0.388
0.344
0.34
0.85
NA
0.662
0.623
NA
1
0.659
0.865
0.612
0.377
0.468
NA
NA
NA
0.701
0.603
0.814
0.283
0.82
1
0.785
1
0.701
0.495
NA
0.688
0.687
NA
NA
0.682
0.482
0.279
NA
0.551
0.905
0.76
0.749
0.488
0.231
1
1
0.31
0.623
0.562
0.749
0.437
0.843
0.766
0.513
0.934
0.396
1
0.812
0.742
0.762
0.705
1
NA
1
0.529
1
0.529
1
1
0.79
0.472
0.557
0.598
0.7
0.609
0.734
0.492
0.544
0.555
0.531
NA
NA
0.402
0.227
1
0.579
0.296
0.633
0.229
0.402
1
NA
1
0.647
0.638
0.335
0.414
NA
NA
0.773
0.678
0.858
NA
1
0.759
1
1
NA
NA
1
0.6
0.709
0.708
0.742
0.485
0.485
0.6
0.481
0.481
0.504
0.601
0.709
0.684
1
0.834
1
0.698
0.698
0.788
0.325
0.881
0.467
0.624
0.922
0.688
0.747
1
1
0.748
0.784
0.457
0.487
0.433
0.68
0.354
1
1
0.385
0.207
0.555
0.592
0.232
1
0.502
0.62
NA
NA
NA
NA
0.406
0.559
0.322
NA
NA
0.683
1
0.744
0.529
NA
1
0.844
1
0.831
0.765
0.755
0.736
NA
0.728
0.644
NA
0.56
NA
0.644
0.654
1
0.737
0.764
0.723
0.64
0.677
0.82
0.816
0.653
0.561
0.539
0.575
0.546
0.568
1
0.746
0.67
0.169
0.84
1
0.759
0.731
0.84
0.82
NA
0.862
0.7
1
0.961
0.933
0.836
0.702
0.314
0.775
0.52
0.478
0.671
0.666
0.244
0.555
0.744
0.813
0.777
0.234
0.741
0.677
0.677
0.557
0.65
0.832
0.804
0.689
0.677
0.656
0.82
0.559
0.689
NA
NA
NA
0.755
0.585
0.634
0.686
0.749
0.769
0.425
0.383
0.669
0.578
0.629
0.522
NA
0.739
0.653
0.52
0.532
1
0.832
0.776
0.767
0.757
0.813
0.765
0.731
0.657
0.765
0.577
0.85
0.833
0.804
0.725
0.93
1
0.894
0.768
0.626
0.797
0.735
0.383
0.305
1
0.463
0.74
0.759
0.626
0.851
0.818
0.648
0.648
0.757
0.813
0.765
0.765
0.436
0.532
0.53
0.518
0.626
NA
0.698
0.645
0.626
NA
NA
0.64
0.594
0.649
0.781
0.718
0.739
0.768
0.684
0.601
0.44
1
0.143
0.742
0.694
0.788
0.675
0.677
0.755
0.581
0.814
0.647
0.784
0.835
0.84
0.814
1
0.808
0.906
0.845
1
NA
0.763
0.685
NA
0.871
0.799
0.695
0.702
0.814
0.346
0.46
0.631
NA
0.644
0.467
0.31
0.459
0.706
0.662
0.921
0.454
0.793
0.563
0.625
NA
0.972
0.777
NA
0.747
1
0.565
0.665
0.239
0.648
0.73
NA
NA
0.342
0.467
0.847
0.711
1
NA
0.808
1
0.628
NA
0.578
0.665
0.818
0.562
0.565
0.474
0.474
0.695
1
0.235
0.235
0.235
0.235
0.275
1
NA
1
0.226
0.148
NA
0.699
0.221
1
0.747
0.846
1
0.802
0.651
NA
0.62
0.575
NA
NA
0.744
1
0.718
0.771
0.5
0.803
0.474
0.784
0.818
NA
NA
0.499
0.429
0.463
1
1
0.887
1
0.819
0.887
0.757
0.431
0.174
1
1
1
1
0.678
0.367
NA
0.61
0.65
0.574
1
0.405
0.541
NA
NA
NA
NA
NA
NA
NA
NA
0.177
0.267
0.502
1
0.177
0.267
0.694
1
0.399
0.749
0.762
0.545
1
0.634
0.784
0.734
0.864
NA
0.626
0.784
0.787
0.774
0.725
0.713
0.865
1
0.897
0.556
0.75
0.865
1
0.662
1
0.316
0.305
0.704
NA
1
0.68
1
0.413
0.503
0.624
1
0.661
NA
NA
1
NA
1
NA
NA
1
0.435
NA
NA
NA
NA
NA
0.278
0.612
0.593
0.548
0.633
0.775
1
0.275
0.897
0.94
1
0.754
0.444
0.234
0.243
1
0.798
0.813
0.654
0.657
0.821
0.809
0.835
0.77
0.779
0.703
0.356
0.555
0.924
0.389
0.681
0.822
0.719
0.374
0.542
0.838
1
1
0.838
NA
1
0.756
0.399
0.826
0.799
1
0.982
NA
NA
NA
NA
NA
NA
NA
NA
NA
NA
1
0.589
1
0.624
0.491
NA
0.386
NA
0.5
0.518
0.579
1
0.62
0.702
0.541
0.59
0.553
0.509
0.445
0.582
0.469
NA
NA
0.234
NA
0.801
0.646
0.567
0.521
0.617
0.767
1
0.47
0.617
0.426
0.401
0.518
0.619
0.7
0.599
0.821
1
0.589
0.429
0.441
0.817
0.447
0.422
0.374
1
0.552
0.586
0.427
0.559
NA
0.313
0.564
0.662
0.723
0.506
0.619
1
0.6
1
0.683
0.7
0.776
0.435
1
0.235
0.235
0.298
1
0.75
0.774
NA
0.667
1
0.662
1
0.235
0.333
1
NA
0.897
1
0.826
0.9
0.818
1
0.808
0.788
0.468
0.764
0.464
0.328
0.621
1
1
1
NA
1
1
0.305
0.616
0.691
0.766
0.663
0.612
0.446
0.504
0.838
1
0.803
0.566
0.766
0.663
1
NA
NA
0.672
0.632
0.547
0.736
NA
1
0.739
0.705
0.541
0.38
0.766
0.682
0.502
1
1
0.305
0.589
0.76
1
0.566
0.443
0.69
0.235
0.188
0.188
0.736
0.873
0.186
0.671
0.235
0.244
0.244
0.244
1
0.244
1
0.873
1
NA
0.177
0.177
1
1
NA
0.749
1
0.608
NA
0.336
NA
0.179
1
0.76
0.763
0.811
1
0.784
1
0.71
1
0.79
0.71
0.865
NA
0.503
0.562
0.561
0.572
1
NA
0.422
0.322
1
0.43
0.526
0.412
0.414
0.292
NA
NA
1
0.231
0.522
0.494
0.469
0.497
0.319
1
0.832
0.252
0.435
0.443
0.325
0.623
0.36
0.248
0.261
0.327
0.323
0.516
0.483
0.517
0.302
1
0.261
0.739
1
NA
NA
1
0.164
1
1
1
0.356
0.326
0.356
0.373
0.321
0.356
1
0.796
0.893
0.846
NA
0.478
NA
1
0.846
0.345
1
1
1
1
1
0.818
1
1
1
1
NA
0.631
1
0.717
1
0.431
0.717
0.503
0.684
0.792
0.792
0.645
1
0.745
1
0.459
1
0.695
0.565
0.469
0.664
0.641
0.591
0.615
0.764
0.381
0.275
1
0.561
0.531
0.471
0.614
0.288
0.627
0.477
0.445
0.392
0.772
1
0.699
0.671
0.454
0.525
0.719
0.446
0.798
0.727
0.518
0.708
0.736
0.729
0.52
0.744
0.444
1
0.668
0.561
NA
NA
NA
NA
NA
NA
NA
NA
NA
NA
NA
1
0.424
0.417
0.543
1
0.565
0.508
0.647
0.709
0.742
0.645
0.588
0.778
0.803
1
0.538
0.404
0.778
0.699
0.211
0.418
0.696
0.848
NA
0.597
0.636
0.726
0.448
0.511
0.429
0.737
0.619
1
0.575
0.551
0.551
0.674
NA
NA
NA
NA
NA
NA
NA
NA
NA
NA
NA
0.64
0.529
0.481
0.569
0.569
0.627
0.586
1
0.653
NA
0.702
0.65
0.576
0.526
NA
NA
0.819
0.627
0.628
0.886
1
0.664
0.17
0.721
0.595
0.793
0.727
0.54
0.786
0.788
1
NA
0.68
0.502
0.413
NA
0.235
0.858
NA
1
1
0.669
0.498
0.711
0.588
1
0.719
0.705
0.737
NA
0.79
0.756
0.651
0.663
1
0.833
0.82
0.536
0.792
0.718
0.592
0.786
1
0.655
0.851
NA
0.887
0.955
NA
NA
NA
1
0.784
0.425
0.912
0.8
0.79
1
0.959
0.764
0.952
0.976
0.89
NA
0.789
0.73
0.807
0.884
0.73
0.477
1
0.955
0.951
0.782
0.858
0.857
0.638
0.779
0.716
0.742
NA
1
0.627
0.792
0.778
0.58
1
NA
1
0.663
0.532
1
0.665
0.559
0.645
0.415
1
0.681
0.762
0.608
0.784
0.387
1
NA
0.296
0.235
NA
NA
NA
NA
NA
0.523
NA
0.593
0.661
0.54
0.657
0.416
0.525
0.525
0.549
0.635
0.668
0.612
0.406
0.571
0.625
0.695
0.528
0.606
0.668
0.801
0.72
1
0.518
0.397
0.597
0.608
0.477
0.663
0.651
0.664
1
0.581
0.695
0.61
0.568
0.371
0.485
0.561
1
0.693
0.58
0.753
0.634
0.728
0.657
0.457
0.48
0.758
NA
1
0.565
1
0.552
0.608
0.296
0.449
0.241
0.592
1
NA
1
0.213
1
NA
NA
0.477
1
0.32
0.33
0.669
0.664
NA
0.384
0.605
0.717
1
0.491
0.808
0.373
0.6
0.451
0.219
1
0.29
0.476
0.276
0.276
0.349
0.151
0.158
0.717
0.602
0.288
0.254
0.547
0.235
0.235
0.619
0.305
0.647
0.666
0.31
0.686
0.66
0.475
NA
1
0.741
0.701
1
1
NA
NA
1
1
0.82
1
0.558
0.871
0.652
0.438
0.423
0.66
0.701
0.531
0.501
0.701
0.531
0.463
0.529
NA
0.633
0.932
0.235
0.6
0.579
0.578
0.547
0.579
0.82
0.207
NA
NA
0.802
NA
NA
NA
NA
NA
0.665
1
0.525
1
0.696
0.705
0.63
0.557
0.512
0.53
0.473
0.563
1
0.4
0.371
0.399
0.346
0.77
0.7
NA
0.626
0.659
0.621
1
0.746
0.592
NA
0.371
1
0.527
NA
0.821
0.537
0.552
0.464
0.77
1
0.361
0.462
NA
0.596
0.938
1
0.786
1
1
0.322
0.269
0.38
0.131
0.392
0.725
0.596
0.689
0.854
0.75
0.559
1
0.666
NA
0.696
0.443
0.721
0.516
0.692
0.433
NA
1
0.443
0.722
1
0.528
0.635
0.525
0.325
0.421
0.643
1
0.643
0.314
NA
NA
0.709
0.571
1
0.702
0.612
0.506
NA
NA
NA
NA
NA
NA
NA
NA
NA
NA
0.866
NA
0.728
0.671
0.765
0.555
0.954
0.938
1
NA
0.706
0.325
1
0.297
0.734
0.361
0.672
0.648
0.708
0.708
0.715
0.708
0.608
0.61
NA
0.635
0.686
0.566
0.837
NA
0.766
0.188
NA
1
0.932
NA
NA
1
NA
NA
0.616
NA
0.661
0.511
NA
1
1
NA
1
0.611
0.557
0.561
0.712
NA
0.394
0.452
0.898
0.51
NA
0.519
NA
0.529
0.354
NA
NA
0.9
0.523
NA
0.448
0.592
0.418
1
0.787
NA
0.308
1
0.603
NA
1
0.618
0.599
0.371
0.387
0.521
0.442
0.667
0.484
1
0.38
0.28
1
0.617
NA
1
0.674
1
0.593
0.74
0.74
0.74
0.809
0.708
0.684
0.72
0.734
0.711
0.652
1
0.75
0.701
0.765
0.827
0.617
0.816
0.712
0.603
0.91
0.827
0.799
0.596
1
0.693
0.643
0.338
0.754
0.59
0.596
0.675
0.73
0.302
0.579
0.683
1
0.75
1
0.587
0.763
0.76
0.908
0.908
0.506
1
0.48
0.556
0.619
0.551
NA
0.241
0.511
0.627
0.619
0.764
NA
NA
NA
0.704
0.489
0.526
0.719
0.523
0.739
NA
NA
NA
NA
NA
1
0.763
0.808
0.859
0.719
NA
0.669
0.244
0.244
NA
NA
NA
NA
NA
0.729
0.735
0.785
1
1
1
0.688
0.857
1
NA
NA
0.624
0.578
0.771
0.45
0.66
0.788
0.777
0.931
0.668
NA
NA
1
0.215
1
0.594
0.935
0.663
1
0.887
1
1
0.877
0.659
1
0.704
0.661
0.436
0.495
0.695
0.508
0.653
0.248
NA
0.604
0.425
0.664
0.308
0.406
1
0.471
0.668
0.44
NA
1
0.467
0.635
1
NA
0.707
0.3
0.413
0.255
0.608
0.367
0.317
0.617
0.714
0.638
1
0.592
0.574
0.798
0.628
0.66
1
0.854
0.717
0.492
0.669
0.498
0.574
0.704
0.262
0.268
1
0.836
0.932
0.551
NA
0.785
0.739
0.857
0.695
0.766
0.82
0.765
0.814
0.708
0.637
0.718
0.529
0.869
0.878
0.79
0.932
0.917
0.678
0.734
0.784
0.643
1
0.372
0.589
0.771
0.645
0.589
0.746
0.419
0.587
0.604
0.372
0.894
1
0.891
1
0.468
1
1
0.705
1
0.753
0.417
0.876
0.759
1
0.782
0.876
0.876
1
1
0.394
0.877
0.617
0.438
0.874
0.839
0.742
0.754
0.729
0.541
1
0.572
0.827
0.82
0.725
0.696
0.722
0.679
0.844
0.844
0.821
0.867
0.707
0.609
0.639
0.687
0.714
NA
0.712
0.821
0.615
0.354
0.718
0.649
0.598
0.461
0.641
0.886
0.916
0.64
1
0.948
0.613
0.711
0.621
0.601
0.67
0.467
0.65
0.462
0.601
1
0.468
0.484
0.387
0.624
0.567
NA
1
0.776
0.695
NA
0.872
0.422
0.311
0.45
NA
NA
1
1
NA
NA
1
0.848
0.658
0.771
0.764
0.655
0.677
1
0.744
0.79
0.498
0.709
0.585
1
0.871
0.853
0.638
NA
NA
NA
NA
NA
NA
0.768
0.698
0.701
0.585
1
0.37
0.481
0.528
0.64
0.659
NA
0.784
0.575
NA
0.817
0.514
0.851
NA
0.473
NA
1
0.608
1
1
1
0.817
1
1
NA
0.52
0.661
1
1
1
1
0.479
0.728
1
1
1
1
0.913
1
0.791
0.72
1
0.672
0.611
0.589
0.607
0.508
0.506
0.632
0.715
0.429
0.476
0.56
0.447
0.636
0.819
0.726
NA
0.716
0.62
0.787
0.695
0.682
0.674
0.735
0.373
0.193
0.555
0.682
0.814
0.731
0.539
0.644
0.568
0.573
0.86
0.683
0.812
0.543
1
1
0.784
1
1
0.784
NA
0.847
0.181
0.177
0.514
1
0.854
0.863
1
0.846
0.555
0.745
0.627
0.605
0.431
0.532
0.681
0.482
0.675
0.6
0.838
0.482
0.727
0.522
0.695
0.616
0.583
0.62
0.251
0.837
0.741
0.749
0.854
0.884
1
0.715
0.539
0.66
0.677
0.716
NA
0.733
0.522
0.688
0.244
NA
0.641
0.849
0.737
0.684
0.704
0.489
0.57
0.616
0.474
0.785
1
0.569
0.605
0.774
0.709
0.714
0.401
0.589
0.499
0.827
0.807
0.467
0.679
0.807
0.667
0.709
0.357
0.541
0.089
0.325
0.089
0.172
0.7
0.909
0.855
0.7
1
0.573
NA
NA
NA
0.717
0.88
0.775
1
0.234
0.661
0.583
0.6
0.541
0.532
0.784
1
0.547
0.644
0.78
0.707
0.681
0.507
0.566
0.346
0.365
0.587
0.735
0.595
0.684
0.754
0.172
1
0.276
0.196
0.611
0.485
0.562
1
0.325
0.582
0.62
0.483
1
0.594
0.415
0.603
NA
0.587
1
0.734
0.51
0.784
0.546
0.918
0.704
0.593
0.871
0.621
0.62
1
0.428
0.69
NA
0.502
0.805
0.911
1
0.687
0.76
0.668
0.696
0.675
0.698
0.698
0.667
0.786
0.698
0.795
0.793
0.66
0.659
NA
0.613
0.757
0.622
0.691
0.543
0.359
0.574
0.755
0.765
1
1
0.41
0.556
0.601
1
1
0.676
0.839
1
0.79
0.915
0.205
0.184
1
0.727
0.682
0.78
0.813
1
0.674
1
NA
0.348
0.474
0.52
0.308
0.286
0.618
0.688
1
0.464
0.656
NA
1
0.47
0.529
1
1
0.725
0.684
1
1
0.624
NA
0.473
0.443
0.813
0.556
0.825
0.825
0.874
0.73
1
NA
0.791
0.712
NA
0.762
0.888
0.577
0.864
0.673
0.705
1
0.84
0.773
0.786
0.837
0.805
0.353
0.753
0.826
0.824
0.825
0.824
0.757
0.586
0.664
0.361
0.57
0.823
0.823
1
0.98
0.866
0.866
0.821
0.951
0.828
0.89
1
0.821
0.821
NA
0.824
0.823
0.866
0.864
1
1
1
1
0.63
0.546
0.425
0.76
0.504
0.771
NA
NA
NA
1
0.349
0.643
0.601
0.784
1
0.314
0.666
0.709
1
0.527
0.425
0.642
0.784
0.889
0.805
1
0.761
0.717
0.772
0.205
0.583
0.693
0.243
1
0.767
0.74
0.574
NA
NA
0.62
0.682
0.897
0.783
0.767
1
0.234
0.76
0.357
1
1
1
1
1
0.461
NA
NA
NA
NA
NA
NA
NA
NA
NA
1
NA
0.792
0.587
1
0.607
0.686
1
NA
1
0.792
1
1
0.483
0.901
0.678
0.837
0.807
0.749
0.857
0.779
0.797
0.758
0.749
0.829
1
0.756
0.43
0.98
0.962
0.741
1
0.494
1
0.789
1
0.773
0.78
0.717
NA
NA
NA
NA
NA
0.599
0.738
NA
1
NA
0.089
0.784
0.797
0.7
0.713
0.753
0.653
0.796
0.713
0.334
1
0.371
0.399
0.589
0.421
0.627
0.296
1
0.244
0.613
0.362
0.752
0.718
0.514
0.839
0.799
0.693
0.536
0.536
0.416
0.583
NA
0.306
1
0.832
NA
NA
NA
1
1
0.587
0.704
NA
NA
NA
NA
0.681
1
NA
NA
0.611
0.624
0.64
0.826
0.721
0.529
0.764
0.291
1
NA
NA
NA
0.629
0.564
0.59
NA
NA
NA
NA
NA
NA
NA
NA
NA
NA
NA
NA
NA
NA
NA
NA
NA
1
0.295
0.393
0.223
0.633
1
1
0.613
0.594
0.508
0.639
NA
0.703
0.666
0.8
0.597
0.752
0.479
0.676
0.801
0.735
0.676
NA
0.548
0.68
0.459
0.702
0.765
0.653
0.653
0.726
0.741
0.969
0.647
0.672
0.717
0.496
0.688
0.677
0.541
0.838
0.532
0.685
0.689
0.411
0.157
0.315
0.198
0.161
0.503
0.39
0.256
0.428
0.433
0.16
0.138
0.241
0.478
0.406
0.344
0.666
0.131
0.298
NA
NA
1
0.546
0.392
1
0.593
NA
NA
0.784
1
1
0.708
0.804
0.818
1
0.394
NA
0.857
0.648
0.619
0.819
1
0.858
NA
0.602
NA
0.715
0.532
0.233
NA
0.606
0.728
0.493
1
0.804
0.602
NA
1
0.397
0.671
0.683
0.424
NA
0.688
NA
0.527
0.718
0.74
0.714
0.305
0.375
0.444
NA
0.659
0.486
0.793
0.544
0.453
0.55
NA
0.701
0.642
1
0.081
NA
0.857
0.587
0.781
0.365
0.751
1
0.643
1
0.756
0.854
0.698
0.183
1
0.567
1
1
0.423
0.895
0.399
0.614
0.438
0.539
0.465
0.555
0.445
0.44
0.603
0.435
0.631
0.579
0.493
0.537
1
0.446
0.334
0.476
0.263
0.445
0.784
NA
0.422
0.403
0.459
0.643
1
0.659
0.591
0.368
0.521
1
1
0.55
0.478
0.476
0.613
NA
0.529
0.478
0.352
0.572
0.354
0.334
0.466
0.617
0.574
0.633
0.63
0.526
0.642
1
1
0.631
0.594
0.75
0.479
0.457
0.325
0.628
0.547
0.477
0.627
0.553
NA
0.572
0.63
0.544
0.425
0.601
0.605
0.669
0.745
0.556
0.322
NA
1
0.609
0.316
0.686
0.6
0.457
0.449
0.363
0.531
0.74
0.863
0.477
0.731
NA
0.821
1
0.692
0.68
0.814
0.803
0.901
0.865
NA
1
1
0.573
NA
0.721
0.517
0.55
1
0.227
0.625
0.667
0.687
1
0.667
0.418
NA
0.631
0.952
0.728
0.818
NA
0.496
0.609
1
0.73
0.814
0.54
0.901
0.917
0.546
0.598
0.785
0.708
0.478
0.752
0.606
0.762
0.745
1
0.516
0.552
0.562
0.589
0.538
0.548
0.614
1
NA
0.505
0.475
0.461
1
NA
0.769
0.787
0.785
0.637
0.725
0.59
0.743
0.643
NA
0.753
0.84
0.434
0.459
0.685
0.625
0.64
NA
0.454
0.522
0.543
0.526
0.524
0.491
0.486
0.556
0.616
0.74
0.607
0.628
0.593
1
1
0.615
0.408
0.783
0.553
0.591
NA
0.62
0.793
0.726
0.716
0.733
0.474
0.831
0.537
1
0.646
1
0.767
0.68
0.705
NA
0.72
0.617
0.734
0.72
NA
0.601
0.69
0.59
0.708
0.86
0.599
0.628
0.769
0.459
NA
0.459
0.62
0.747
0.809
0.805
0.459
0.561
0.54
0.701
NA
0.858
0.501
0.81
0.646
0.646
0.712
0.721
0.656
0.682
0.789
0.884
0.44
0.443
0.771
0.805
0.577
0.577
0.553
0.459
0.832
0.555
0.574
0.461
0.587
NA
0.483
0.828
0.487
0.675
1
0.6
0.7
0.689
0.701
0.831
0.912
0.885
0.777
0.542
0.34
1
0.843
0.642
0.605
0.654
0.493
0.578
0.45
0.608
0.561
0.534
1
0.698
0.519
0.553
0.559
0.373
0.535
0.296
NA
0.769
0.465
0.64
NA
0.58
0.541
0.442
0.635
0.716
0.49
0.679
0.71
0.608
0.483
0.587
0.584
0.368
0.609
0.681
0.609
NA
0.615
0.783
NA
0.805
0.728
0.812
0.772
0.623
0.765
NA
0.818
1
0.644
0.606
0.415
0.606
0.624
1
0.596
0.692
0.554
0.544
0.706
0.759
0.518
NA
0.719
0.809
0.598
0.732
0.619
0.633
0.533
0.745
0.735
0.91
1
0.633
0.652
0.803
0.643
1
0.314
0.477
0.588
0.602
0.537
0.609
0.742
0.686
0.488
1
0.684
0.319
0.608
0.627
1
0.601
0.614
0.491
0.703
0.665
0.753
0.744
1
NA
0.581
0.839
0.921
0.661
0.762
0.721
0.744
0.763
0.635
0.673
0.699
1
0.619
0.598
0.729
0.655
0.642
0.235
0.676
0.494
0.285
0.533
0.373
0.895
0.646
0.676
0.742
0.461
0.691
0.762
0.733
0.764
0.413
1
NA
0.621
0.573
0.607
0.598
0.568
0.582
NA
NA
0.602
0.64
0.537
0.682
0.68
0.672
0.75
0.606
0.606
1
0.315
0.598
0.668
0.579
0.682
0.763
0.313
0.748
0.661
0.331
0.556
0.705
0.669
0.692
0.669
0.738
0.696
NA
0.677
0.846
0.538
0.653
0.606
0.798
0.806
0.625
1
0.885
0.632
0.67
0.715
0.398
0.728
0.514
0.606
0.741
0.724
0.658
0.75
0.717
0.678
0.692
0.745
0.744
0.477
0.515
0.784
1
NA
1
0.867
0.394
0.892
0.901
0.845
0.733
0.938
0.735
0.541
0.892
0.5
0.735
0.751
0.687
0.957
0.61
0.731
0.69
0.895
0.699
0.865
0.745
0.514
0.529
0.548
0.593
0.7
0.687
0.867
0.793
0.784
NA
1
0.632
NA
0.791
0.694
0.802
0.727
1
0.763
0.692
NA
NA
NA
1
0.733
0.733
0.801
0.582
1
1
0.957
1
0.594
0.692
0.682
0.626
1
0.727
0.584
NA
NA
NA
NA
NA
0.462
0.506
0.444
0.305
0.607
NA
1
0.62
0.62
1
0.821
0.833
0.932
0.792
0.932
0.597
1
0.554
0.497
1
NA
NA
NA
0.613
1
0.715
NA
0.698
0.861
NA
1
0.291
0.624
0.657
0.579
0.683
0.444
0.214
0.678
0.292
0.429
0.189
0.578
0.578
0.712
0.457
0.539
0.718
0.651
0.621
NA
NA
NA
NA
NA
NA
NA
NA
NA
1
NA
NA
0.944
0.865
0.95
0.932
0.783
0.724
0.746
0.503
0.622
0.612
0.765
0.7
1
0.932
0.341
0.921
0.958
0.983
NA
0.753
0.453
0.791
0.769
0.783
0.763
0.722
0.667
1
1
NA
0.652
0.928
0.945
0.914
0.945
0.346
0.67
0.98
NA
0.723
0.808
0.742
0.709
0.787
0.698
0.938
1
0.813
1
0.651
0.563
0.912
0.837
0.507
0.413
0.616
0.82
0.72
0.644
0.968
0.532
NA
1
0.794
0.875
1
0.85
0.592
0.512
0.44
0.503
0.969
1
NA
0.809
0.616
0.643
0.757
0.848
0.417
0.492
0.295
0.657
0.398
0.605
0.678
0.557
0.598
0.553
1
NA
0.63
0.602
NA
0.877
0.751
0.793
0.69
0.84
0.69
0.776
0.77
1
1
1
0.695
0.785
0.369
0.662
0.751
0.583
1
0.741
0.557
0.784
0.608
0.729
1
0.733
0.637
0.746
0.16
0.577
0.54
0.743
0.725
1
1
0.69
1
0.684
1
0.597
NA
NA
NA
NA
NA
NA
NA
0.543
0.426
1
1
0.356
1
1
1
1
0.918
NA
0.321
0.777
0.599
0.671
0.642
0.642
0.663
0.603
0.697
0.529
0.647
0.827
0.396
1
0.199
0.678
1
1
0.652
0.599
0.649
0.309
0.454
0.238
0.605
0.198
0.75
0.662
0.663
0.641
0.457
0.549
0.78
0.584
0.585
0.617
0.733
0.772
0.492
0.775
0.766
0.692
1
NA
0.852
0.733
0.606
0.647
0.666
1
0.727
NA
0.616
0.655
0.643
0.457
1
1
0.612
0.702
0.398
0.815
0.613
0.545
0.397
1
0.529
0.369
0.631
0.437
0.544
NA
1
1
0.781
NA
NA
NA
NA
0.579
0.633
NA
0.282
0.435
0.663
0.357
0.532
NA
0.325
0.325
0.52
0.824
0.499
0.468
0.413
0.466
1
NA
0.477
0.63
0.544
NA
NA
NA
0.351
0.451
0.915
NA
0.579
NA
0.363
0.56
0.676
0.555
0.66
0.772
0.659
0.635
0.679
0.759
0.615
0.685
0.7
0.509
0.63
0.413
0.468
0.659
0.526
0.666
0.686
0.702
0.865
0.686
0.786
NA
NA
0.361
NA
0.549
0.708
NA
0.539
0.599
0.925
0.746
0.672
0.698
0.518
0.617
0.657
1
0.531
0.634
NA
0.491
0.462
0.346
0.532
NA
0.499
0.604
1
0.826
0.724
0.575
NA
0.784
1
0.739
0.673
NA
NA
NA
NA
NA
NA
NA
NA
NA
NA
NA
NA
NA
NA
NA
NA
NA
NA
NA
NA
NA
NA
NA
NA
NA
NA
NA
NA
NA
NA
NA
NA
NA
NA
NA
NA
NA
NA
NA
NA
0.755
0.504
0.763
NA
NA
0.779
0.511
0.6
0.617
0.603
0.687
0.497
1
0.595
0.551
0.491
0.612
0.541
0.534
0.417
0.507
0.583
1
0.429
NA
0.542
1
0.392
1
1
0.573
0.607
0.657
1
0.725
0.714
0.329
0.433
0.226
1
0.21
0.537
0.6
0.6
0.705
0.541
0.639
0.684
0.817
0.705
0.58
0.512
1
0.711
0.422
0.655
0.367
1
NA
NA
NA
NA
NA
1
0.664
0.888
0.796
0.708
0.53
1
0.817
0.425
0.325
0.171
0.167
0.661
0.143
0.179
1
0.862
0.741
0.784
0.762
0.713
0.79
NA
NA
NA
NA
NA
NA
1
0.58
0.649
1
0.571
0.356
0.609
1
NA
0.688
0.792
1
0.682
0.6
0.501
0.711
0.767
0.614
0.568
0.603
0.712
0.698
0.81
0.467
0.732
NA
NA
0.646
1
0.615
0.438
0.556
0.626
NA
NA
0.568
0.339
1
0.46
1
1
0.369
0.847
0.511
NA
1
0.273
0.697
0.783
NA
NA
NA
NA
0.661
0.624
1
0.411
0.873
0.808
0.536
0.587
0.526
0.566
1
0.457
0.251
0.512
0.434
0.574
0.395
1
0.587
0.584
0.552
0.423
NA
NA
0.493
0.646
1
0.526
1
0.784
0.379
1
NA
NA
1
0.481
0.481
0.618
1
NA
NA
NA
NA
0.656
0.587
0.544
0.574
0.72
0.755
0.746
0.725
0.716
0.647
1
0.602
0.669
0.499
0.611
1
0.656
0.627
0.717
0.684
0.485
0.482
0.691
0.673
0.593
0.909
0.763
0.847
1
1
0.808
0.862
0.859
1
0.727
0.921
0.801
0.665
0.779
1
0.909
0.763
0.693
NA
NA
1
NA
NA
0.496
1
1
0.715
0.737
0.73
NA
1
0.417
0.712
1
NA
0.697
0.576
0.804
1
0.664
0.462
0.599
0.615
0.624
0.6
0.305
0.184
0.618
1
0.599
0.739
0.634
0.776
0.476
0.511
1
0.441
NA
1
1
0.834
NA
NA
0.763
0.757
0.769
NA
NA
0.713
0.513
0.654
1
NA
0.535
0.621
NA
0.348
0.158
0.615
0.69
1
NA
0.786
0.674
0.887
0.822
0.809
0.72
0.703
0.232
0.63
0.616
0.763
1
0.689
0.654
1
0.747
0.756
0.787
0.772
0.803
0.775
0.721
0.764
0.767
0.842
0.698
0.763
1
0.811
1
0.661
0.844
0.817
0.233
1
1
0.529
0.529
0.756
0.728
0.794
0.729
1
1
0.618
0.806
0.73
0.704
0.883
0.511
0.829
0.771
0.516
0.771
1
0.466
0.574
0.421
0.776
1
1
0.784
0.532
0.413
0.318
0.779
0.599
0.697
0.676
0.792
NA
0.703
0.658
0.757
0.747
0.709
0.731
0.736
0.643
0.566
1
0.68
0.785
NA
0.725
0.483
NA
1
0.803
0.69
1
0.926
0.931
1
1
0.234
0.981
1
0.835
0.589
0.661
0.661
0.664
0.75
0.653
0.78
1
0.667
0.821
0.718
0.394
0.853
0.929
0.705
0.765
0.901
0.929
0.655
0.723
0.789
0.513
1
0.659
0.835
1
0.663
0.72
0.702
0.736
NA
0.592
0.789
1
0.497
1
1
NA
NA
NA
NA
0.436
0.606
0.772
0.665
0.578
0.81
0.775
0.695
0.625
0.502
0.842
0.625
0.702
0.652
1
0.628
0.7
0.541
0.666
0.653
0.643
0.712
0.718
0.557
0.653
0.641
0.728
0.711
0.582
0.666
0.653
0.67
0.643
0.657
0.692
0.647
0.787
0.639
0.314
1
NA
1
0.711
1
0.605
0.475
NA
1
0.804
1
NA
NA
NA
NA
NA
0.444
0.667
0.569
0.541
0.625
0.513
0.524
0.555
1
0.61
1
1
0.788
0.582
1
0.501
0.264
0.904
0.632
0.94
NA
NA
NA
1
0.74
0.631
0.702
0.824
1
1
0.294
0.275
0.6
0.275
0.475
0.472
0.404
0.534
0.573
0.644
0.65
0.556
0.604
0.578
0.498
1
NA
0.546
NA
NA
0.874
NA
0.66
0.693
0.834
0.716
0.726
0.803
1
NA
0.772
0.637
0.664
0.416
0.409
0.872
0.675
NA
0.918
0.789
1
1
NA
0.715
0.727
0.818
NA
1
1
1
0.438
NA
0.792
0.928
0.788
1
0.82
0.778
NA
0.372
NA
0.746
1
0.82
NA
NA
NA
NA
NA
0.788
1
0.715
1
0.788
0.68
0.685
0.908
0.938
0.748
0.762
0.599
NA
0.831
0.795
0.877
0.884
NA
1
NA
NA
NA
NA
NA
NA
NA
0.487
0.325
0.788
1
0.758
0.619
0.439
0.775
0.421
1
0.864
1
0.437
1
1
1
1
0.549
0.682
0.607
0.809
0.573
0.384
0.449
0.395
0.6
0.617
0.398
1
0.595
0.758
1
0.477
1
1
1
1
0.379
1
1
0.631
0.628
0.79
1
1
0.484
1
0.249
0.727
1
0.824
0.528
1
0.758
0.742
0.407
NA
0.516
0.657
0.623
0.818
1
0.304
0.314
1
NA
NA
0.356
0.413
0.83
0.482
0.469
0.918
1
0.465
0.218
1
0.845
1
0.627
0.835
0.85
0.299
0.448
0.579
0.438
0.404
0.52
0.606
0.856
0.553
0.553
0.511
1
0.856
1
0.232
0.532
0.55
1
0.235
1
0.619
1
0.305
NA
NA
NA
0.619
NA
NA
NA
0.235
0.235
0.255
1
NA
0.305
0.305
1
NA
0.305
1
0.235
NA
0.837
0.71
0.797
1
1
0.305
0.198
0.205
0.357
0.289
1
0.659
1
NA
NA
NA
0.585
0.646
0.401
0.305
0.39
1
0.566
0.566
0.566
0.305
0.356
0.466
0.423
0.648
0.506
NA
0.305
0.54
0.305
1
0.379
0.65
0.736
1
0.382
0.186
NA
0.732
0.595
0.701
0.875
NA
0.611
1
1
1
0.668
0.422
0.487
NA
0.582
0.505
0.582
0.486
0.548
0.174
0.437
0.564
0.543
0.853
NA
0.627
0.465
1
NA
0.464
0.57
0.602
1
0.325
0.592
0.626
0.825
0.672
0.902
0.812
0.87
0.758
0.858
0.902
0.867
NA
NA
0.294
0.774
0.779
1
0.873
0.336
0.492
0.502
0.465
0.256
1
1
0.587
1
1
0.881
NA
1
0.765
1
0.372
1
NA
NA
NA
0.529
1
0.483
0.703
0.773
0.872
0.688
0.704
NA
0.826
0.778
0.58
1
1
NA
1
1
NA
NA
NA
NA
NA
0.336
0.533
1
0.752
0.532
NA
NA
NA
0.68
1
0.626
0.656
0.882
0.832
0.76
0.929
0.611
0.233
0.798
0.331
0.891
0.664
0.334
0.751
NA
NA
NA
NA
NA
NA
NA
NA
0.601
0.678
0.534
0.846
0.634
0.349
0.271
0.912
0.518
0.415
NA
NA
1
1
0.081
1
0.696
0.325
1
0.359
0.207
0.244
1
0.325
NA
1
1
NA
1
1
0.729
0.356
0.356
1
1
0.574
0.784
1
1
1
1
1
1
0.797
1
1
0.69
0.664
NA
NA
0.473
0.605
1
1
NA
NA
1
1
1
0.235
0.234
0.472
NA
0.715
0.559
1
1
NA
NA
NA
NA
0.775
1
0.781
NA
0.74
0.535
0.516
0.781
0.25
0.248
0.753
NA
0.878
NA
0.562
0.239
0.857
0.248
0.477
0.244
0.603
0.789
0.729
0.915
1
0.771
0.715
0.917
0.499
1
0.601
NA
NA
0.208
0.818
0.779
NA
0.756
0.837
0.758
0.712
1
1
0.234
0.38
0.552
0.67
0.573
0.67
1
0.68
NA
NA
NA
NA
NA
0.081
NA
1
0.398
0.533
0.574
0.929
NA
0.433
0.751
0.578
0.568
0.413
0.419
0.471
0.599
0.593
0.687
0.438
0.651
0.562
0.592
0.512
0.551
0.537
0.539
0.386
1
0.524
0.559
NA
0.446
1
0.511
0.565
0.392
0.704
1
0.559
1
0.559
0.529
1
0.124
0.574
1
0.326
0.617
1
0.389
0.278
0.425
0.089
0.447
0.327
0.471
0.516
NA
NA
NA
NA
NA
NA
NA
NA
0.445
0.464
NA
0.316
0.196
NA
0.623
0.488
0.57
0.388
NA
0.257
0.567
NA
0.254
0.334
0.231
0.383
0.578
0.283
0.326
0.481
NA
0.358
0.196
0.225
NA
1
0.73
0.73
0.225
NA
0.544
0.273
NA
0.615
0.219
0.692
0.662
0.284
0.322
0.331
0.354
NA
0.579
1
0.465
1
0.766
0.741
0.695
0.689
0.665
0.602
0.67
0.734
0.574
0.759
0.656
0.921
0.879
0.901
0.593
0.646
0.704
0.78
0.636
0.759
0.734
0.847
0.726
1
0.466
0.825
0.688
0.643
0.633
NA
0.65
0.286
0.529
0.629
NA
0.586
0.624
0.584
NA
0.762
0.856
0.785
0.815
0.856
0.88
0.777
0.813
0.742
0.654
0.696
0.706
0.448
0.649
0.695
0.827
0.549
1
1
0.72
0.831
0.765
0.817
0.781
0.712
1
0.638
0.603
0.543
0.182
1
0.393
1
0.905
1
NA
NA
NA
NA
0.985
NA
NA
NA
NA
0.809
0.8
0.825
0.804
1
0.807
0.48
0.291
0.337
0.295
0.593
0.58
0.636
0.532
0.469
0.754
0.634
1
0.722
0.674
0.713
0.95
1
0.581
0.584
0.633
1
0.757
0.658
1
0.844
0.69
1
1
0.507
0.698
0.807
1
0.694
0.619
0.508
0.454
0.522
0.578
0.72
0.481
0.513
1
0.554
0.783
1
0.784
1
1
0.765
0.777
NA
NA
1
1
1
1
1
1
NA
1
1
1
1
1
NA
0.661
1
0.759
0.837
0.626
0.685
0.792
0.792
0.77
0.844
0.592
0.822
1
0.676
0.809
0.788
1
0.724
0.736
0.776
0.795
0.282
0.678
0.924
NA
0.676
0.68
0.767
0.756
0.735
0.788
0.628
0.633
0.912
1
0.657
1
0.572
0.576
0.661
0.722
0.605
1
0.435
0.529
1
0.529
0.675
0.675
0.529
0.916
0.675
1
0.675
0.529
0.916
0.758
0.811
0.713
0.686
0.529
1
0.524
1
0.482
0.482
0.455
0.308
NA
0.616
0.684
0.458
0.659
0.524
0.322
0.533
0.554
0.687
0.634
0.664
0.574
0.434
NA
0.643
0.684
0.635
0.699
0.449
NA
0.583
0.663
0.587
0.681
0.577
0.716
0.54
0.616
0.635
0.72
0.495
0.49
0.723
0.791
0.624
0.659
0.493
0.606
0.449
0.695
0.509
0.598
0.712
0.7
0.612
0.731
0.669
0.79
0.776
0.775
0.719
0.726
NA
0.639
0.523
0.562
NA
0.658
0.679
1
0.744
0.658
0.584
0.458
0.6
1
0.609
0.721
0.465
0.759
0.711
0.641
0.696
0.718
0.75
0.655
0.332
1
0.59
0.579
0.524
0.779
1
0.82
0.742
0.862
1
0.805
0.804
0.744
0.707
1
0.562
NA
0.845
1
1
1
0.888
0.949
1
0.572
0.86
0.723
0.784
0.701
0.831
0.783
0.727
0.769
0.202
0.202
0.185
0.202
0.202
0.335
0.642
0.513
0.51
0.597
0.511
0.364
1
1
0.645
0.364
NA
0.568
0.784
0.426
0.886
0.826
0.751
0.56
0.781
0.658
0.682
0.651
0.437
0.698
1
0.873
0.746
0.674
0.842
0.743
0.855
1
1
0.829
0.936
0.694
1
1
0.734
0.394
0.232
0.622
0.652
0.237
0.269
0.269
0.661
0.686
0.474
0.569
0.588
0.588
0.55
0.645
1
0.311
0.509
0.869
0.82
0.299
0.425
0.318
0.701
0.715
0.908
1
0.361
0.629
0.908
0.626
1
1
0.171
NA
1
0.813
0.901
0.691
0.75
0.818
NA
0.475
1
0.689
1
0.75
0.686
1
0.702
0.788
0.512
0.411
0.507
0.326
0.423
1
0.77
0.697
0.74
0.696
0.574
NA
0.598
0.751
0.811
0.56
NA
0.583
0.911
1
1
1
0.64
0.696
0.607
0.419
0.72
0.677
0.468
0.669
0.566
0.636
0.711
0.678
0.537
0.465
0.666
0.647
0.605
0.471
0.677
0.652
0.792
0.592
0.608
0.784
1
0.25
0.583
0.588
0.599
0.597
0.574
0.716
0.619
0.445
0.721
0.717
0.593
0.808
0.71
0.305
0.556
0.556
0.443
0.443
0.556
0.625
0.649
1
0.784
1
0.585
0.375
0.347
0.463
1
0.486
0.176
0.176
0.176
0.178
0.185
NA
0.72
1
0.579
0.645
0.681
0.581
0.522
0.537
0.699
0.815
0.686
0.743
0.617
0.743
0.815
0.68
0.611
1
0.667
0.743
0.927
0.868
0.802
0.85
0.846
0.804
0.805
0.686
0.714
0.893
0.882
1
0.744
0.851
0.869
0.738
0.845
0.758
0.75
0.761
0.805
0.851
0.82
1
0.835
0.766
0.818
0.872
0.889
0.838
0.919
0.803
0.889
0.864
0.777
1
0.885
0.858
0.819
1
0.837
0.705
0.889
0.759
0.281
NA
0.466
NA
1
1
0.602
0.776
0.726
0.72
0.717
0.749
0.67
0.807
0.615
0.691
1
0.661
0.546
0.667
0.897
1
0.751
0.785
1
0.757
0.554
1
NA
1
0.695
NA
NA
0.764
0.483
0.727
0.661
0.788
1
1
0.59
0.606
0.822
1
0.929
0.773
0.862
0.647
NA
1
0.692
0.653
0.884
0.878
1
1
0.677
0.837
1
1
0.438
0.648
1
0.547
0.517
0.825
0.732
0.468
0.566
0.683
0.786
0.821
0.729
0.674
0.704
0.626
1
0.559
0.272
0.561
0.626
0.786
NA
0.761
0.683
0.568
0.344
0.227
1
0.198
0.784
0.659
0.877
0.808
0.696
1
0.661
1
0.748
0.685
0.619
0.473
0.81
0.744
1
0.731
0.599
1
0.817
0.558
0.662
0.821
0.542
0.486
1
0.699
0.728
0.737
0.809
1
0.391
0.622
0.712
0.552
0.584
0.655
1
0.784
1
0.38
0.49
0.38
0.393
0.49
0.738
0.605
0.678
0.667
1
1
1
1
NA
1
1
0.695
0.757
1
0.589
0.729
0.892
1
0.522
0.723
0.214
1
0.668
0.662
0.616
0.689
0.578
1
0.565
0.587
0.736
0.687
0.485
0.523
0.7
0.442
0.782
1
0.77
0.342
0.538
0.429
0.436
0.611
0.47
0.439
0.359
0.589
0.575
0.589
0.663
0.691
1
0.345
0.294
0.736
0.83
0.483
0.476
0.697
0.71
0.769
0.633
0.622
0.713
0.823
0.383
0.327
0.517
0.419
0.371
0.482
0.357
0.455
0.565
0.287
0.463
0.453
1
0.542
0.295
0.414
0.337
0.317
0.585
0.4
0.383
0.411
0.491
0.714
1
0.382
0.654
0.416
0.442
0.616
0.453
0.571
0.653
0.365
0.305
0.494
0.51
0.698
0.711
0.614
0.68
0.47
0.441
0.815
0.504
1
0.442
0.243
0.666
0.718
0.724
0.713
0.839
0.692
0.487
0.774
0.776
0.847
0.754
0.459
0.622
1
0.438
0.824
0.756
0.604
0.759
0.683
0.683
1
0.723
1
NA
0.644
0.892
0.84
0.883
0.764
0.845
0.861
0.78
0.796
0.883
0.547
0.746
1
0.725
0.657
0.828
0.788
0.667
0.799
0.688
0.756
0.628
0.849
1
1
0.691
0.293
0.579
0.929
0.547
1
0.792
0.842
0.792
0.511
0.638
0.388
0.455
0.609
NA
0.557
0.519
0.615
0.569
0.601
1
0.458
0.552
1
0.712
0.712
0.336
0.283
0.817
0.817
0.799
0.145
0.772
0.588
0.522
0.564
0.613
0.845
0.431
1
0.714
NA
0.332
0.459
1
NA
1
0.784
NA
NA
NA
NA
NA
NA
NA
NA
NA
NA
NA
NA
NA
NA
NA
NA
NA
NA
NA
NA
NA
NA
NA
NA
NA
NA
NA
NA
1
0.398
1
0.487
0.56
0.832
0.56
0.522
0.551
0.755
1
0.772
0.685
0.827
0.821
0.75
0.471
0.535
0.704
0.704
0.704
0.717
0.867
0.728
0.619
1
0.559
0.74
0.493
1
0.883
0.333
1
0.942
NA
1
1
0.834
0.413
1
0.255
0.427
0.666
0.781
1
0.883
0.669
0.255
1
1
1
1
0.792
1
0.794
0.708
0.761
0.703
0.732
0.459
0.743
0.78
0.513
0.8
0.741
0.774
0.679
0.914
0.869
0.781
0.748
0.202
0.6
0.834
0.839
0.871
0.738
0.738
0.476
0.654
0.797
0.851
0.267
0.744
0.527
0.862
0.701
0.773
0.813
0.68
NA
0.528
0.719
0.777
0.28
0.679
0.549
0.808
1
0.815
0.866
1
0.694
0.719
0.779
0.568
0.79
0.502
0.789
0.264
0.772
0.788
0.797
0.86
0.821
0.64
0.808
0.726
0.521
0.675
0.443
0.693
0.682
0.626
NA
1
NA
1
0.661
0.454
0.531
0.349
0.575
0.44
NA
0.255
0.72
1
0.414
0.865
NA
0.924
0.515
0.845
0.255
1
0.51
0.569
NA
NA
1
1
0.314
NA
0.138
1
0.621
0.081
0.513
0.607
0.507
0.383
0.506
NA
0.601
0.409
1
NA
0.637
0.506
0.446
0.39
0.814
0.587
NA
0.627
NA
0.383
NA
0.369
0.328
1
0.786
0.499
0.429
NA
1
NA
0.616
0.754
0.671
0.689
0.548
0.39
0.136
0.52
0.56
NA
NA
0.518
0.532
0.609
NA
0.623
NA
0.573
0.464
NA
0.328
1
0.887
0.617
1
0.455
0.068
0.63
0.314
NA
1
0.564
0.407
0.114
0.595
NA
0.682
0.631
0.709
NA
0.578
0.75
0.44
0.773
0.634
0.673
0.566
0.464
0.563
0.732
0.718
1
0.738
0.709
NA
0.56
0.651
0.61
NA
0.235
0.448
0.235
1
0.419
0.617
0.666
0.698
0.232
1
0.552
0.506
NA
0.773
0.739
0.263
0.627
0.785
NA
0.426
0.589
0.371
0.261
0.296
0.715
0.5
0.305
0.475
0.73
0.642
0.784
0.494
0.327
0.287
0.554
0.349
0.356
0.555
0.745
0.438
0.399
0.832
1
0.366
0.403
0.52
0.769
0.556
1
0.473
1
0.698
0.901
0.654
0.598
0.739
0.777
NA
0.649
0.527
0.78
0.795
0.736
NA
0.754
0.733
0.63
0.741
0.827
0.667
0.641
0.741
0.431
0.577
0.708
0.437
1
0.276
0.529
0.268
0.522
0.494
0.469
0.497
0.677
0.522
0.48
0.319
0.381
0.389
0.512
0.51
1
0.325
0.957
NA
0.705
NA
NA
0.381
0.469
0.601
0.567
0.718
0.823
0.65
0.828
0.596
1
NA
1
0.208
0.478
0.626
0.814
0.809
0.753
0.65
0.719
1
1
1
1
1
1
0.184
0.176
0.193
1
0.178
0.185
NA
0.229
NA
0.467
0.44
0.491
0.567
1
NA
0.303
0.633
1
1
1
1
0.255
0.375
1
0.513
0.414
0.784
1
0.823
0.783
0.683
0.905
1
0.495
0.608
1
0.772
1
0.639
0.664
0.64
1
0.684
0.619
0.579
0.69
1
0.267
0.66
NA
0.616
0.597
0.604
0.528
NA
0.491
0.809
0.586
0.691
0.732
NA
NA
1
0.548
NA
NA
NA
0.732
NA
0.541
0.795
1
0.59
0.737
NA
0.734
0.735
0.487
0.697
NA
0.799
0.836
0.895
0.779
0.72
0.776
0.846
0.712
NA
0.811
0.615
0.673
0.305
0.736
0.345
0.439
0.746
0.841
0.727
0.729
0.857
1
1
0.851
1
NA
0.719
0.734
0.679
0.518
NA
NA
0.581
0.623
0.895
NA
0.466
0.894
0.505
0.676
0.688
1
NA
0.473
NA
NA
NA
NA
NA
NA
NA
NA
NA
NA
NA
NA
NA
NA
NA
NA
NA
NA
NA
NA
NA
NA
NA
NA
NA
NA
0.739
0.58
0.58
0.433
0.441
1
1
0.564
NA
0.241
0.703
0.454
0.811
0.846
NA
1
0.506
0.614
0.496
1
0.605
0.844
0.69
0.527
0.72
0.775
0.694
1
0.803
0.638
0.444
1
1
1
0.784
0.774
0.719
1
NA
NA
NA
NA
NA
NA
NA
NA
0.239
0.42
1
NA
0.459
0.814
0.78
0.795
0.573
NA
NA
NA
NA
NA
0.235
0.235
NA
NA
NA
0.925
0.838
NA
NA
0.655
1
0.663
NA
0.515
0.47
0.556
0.583
0.523
0.643
0.625
0.302
1
0.509
0.502
0.826
0.489
0.781
0.729
0.637
0.674
0.605
1
0.786
0.679
0.592
0.662
0.449
0.486
0.67
0.319
0.534
0.547
NA
NA
NA
NA
NA
NA
NA
NA
NA
NA
0.748
0.752
1
0.616
0.305
1
0.305
0.735
0.763
0.832
0.606
0.818
0.752
0.71
0.609
0.733
1
0.565
0.776
0.77
0.717
0.758
0.748
0.639
0.804
0.557
0.793
0.815
0.662
0.647
0.699
0.807
1
0.735
0.761
0.673
0.852
0.819
0.826
1
0.588
0.613
0.748
0.612
0.754
0.636
0.485
0.692
0.842
0.639
1
0.325
0.59
0.393
0.842
0.553
0.62
0.257
0.467
0.417
0.258
0.509
0.702
0.674
0.671
0.286
0.591
NA
0.426
0.42
1
0.445
0.429
0.608
0.497
0.704
NA
1
NA
0.748
0.757
0.41
NA
1
0.687
0.258
0.701
1
0.671
0.542
1
0.628
0.624
0.584
0.655
1
0.572
0.723
0.505
0.746
1
0.717
0.739
0.569
0.706
0.519
1
0.833
0.634
0.761
0.737
0.582
0.86
0.612
0.646
0.629
0.776
1
0.714
0.675
0.784
NA
0.653
0.722
0.42
0.452
0.799
0.817
0.082
1
0.499
0.661
0.892
0.536
0.571
0.647
0.648
1
0.526
0.625
0.576
0.759
NA
1
1
0.777
0.649
0.332
0.25
0.681
0.243
0.79
0.876
0.889
0.76
0.74
0.77
0.456
0.402
0.69
0.675
0.65
0.799
1
0.654
0.773
0.72
0.603
0.414
0.799
0.772
0.869
0.632
1
0.305
0.356
1
NA
NA
NA
NA
NA
NA
1
0.835
1
0.554
0.681
0.69
0.677
0.741
0.814
NA
NA
NA
NA
NA
NA
0.546
0.602
0.711
0.627
0.315
0.44
NA
0.675
0.305
NA
NA
NA
0.521
0.784
0.396
0.317
0.338
0.484
0.645
0.356
0.356
1
0.702
0.691
0.543
0.733
0.616
0.647
NA
0.552
0.746
1
0.65
0.777
0.596
0.887
0.794
1
0.638
1
1
1
NA
0.749
0.774
0.784
0.512
0.528
0.574
0.653
1
NA
0.842
1
0.449
0.689
NA
NA
1
0.933
0.301
0.244
0.565
1
1
0.687
1
NA
NA
NA
NA
1
1
0.766
0.936
0.548
0.788
0.361
0.788
NA
1
NA
NA
1
NA
0.932
0.522
0.66
0.784
0.56
0.435
0.719
NA
NA
NA
1
0.53
0.816
0.742
0.58
0.701
0.701
0.727
0.394
0.807
NA
NA
1
0.784
1
0.526
0.784
1
NA
NA
NA
1
0.889
0.708
0.77
0.764
0.899
0.877
0.606
0.433
0.419
1
0.772
NA
0.797
NA
NA
NA
NA
0.603
0.603
0.487
0.441
0.603
0.487
0.569
0.487
0.438
1
0.413
NA
NA
0.531
0.665
NA
NA
NA
0.449
NA
0.603
0.785
1
NA
0.887
0.906
NA
NA
1
NA
NA
0.765
1
1
1
0.759
0.955
0.745
0.658
0.829
0.897
0.802
0.918
0.71
0.758
0.564
NA
NA
1
0.91
NA
0.466
0.594
0.649
0.74
0.701
1
1
0.705
NA
NA
0.716
0.375
0.172
0.67
0.627
0.422
1
1
0.909
0.557
0.313
0.841
NA
0.198
0.643
1
1
0.272
0.081
0.41
0.476
1
0.742
0.735
0.854
NA
0.72
NA
0.708
0.508
0.577
0.574
0.533
0.312
0.574
NA
NA
0.718
0.503
0.546
0.48
0.513
0.697
NA
0.74
0.624
1
NA
NA
0.602
0.564
0.659
NA
NA
NA
NA
NA
1
0.659
0.515
0.813
0.557
1
0.745
0.743
0.743
0.823
0.723
0.633
0.65
0.734
0.633
0.513
0.765
1
0.742
0.671
0.58
1
0.501
0.648
0.364
0.657
0.549
1
1
0.586
0.621
0.532
0.561
0.768
0.663
0.578
0.642
0.663
0.574
NA
0.621
0.678
0.586
0.533
1
0.494
NA
NA
NA
1
1
1
1
1
NA
0.729
0.868
0.57
1
0.67
0.558
0.824
0.465
0.124
0.691
0.712
0.868
0.767
0.734
0.741
0.72
0.859
0.789
0.768
0.753
0.792
0.704
0.721
0.792
0.325
0.244
0.65
NA
0.677
1
0.697
0.803
NA
0.694
1
0.784
0.867
0.857
0.548
0.606
0.595
0.656
0.65
0.689
0.664
0.663
0.646
0.654
0.775
0.859
0.638
0.595
0.876
0.617
0.784
0.659
0.777
0.784
0.702
0.599
0.599
0.743
0.758
0.711
0.63
0.506
0.651
1
0.734
0.535
0.18
0.688
0.531
0.565
0.626
NA
NA
NA
NA
NA
NA
0.677
0.686
0.442
0.659
0.731
0.713
0.822
0.788
0.735
0.428
0.707
0.693
0.72
0.688
0.53
NA
1
0.626
0.69
1
0.764
0.724
0.646
0.646
0.396
0.473
0.441
0.394
0.568
0.527
0.506
0.66
0.187
0.39
0.776
0.711
0.435
0.518
0.815
NA
0.403
0.169
0.459
0.704
0.725
NA
0.422
0.442
NA
NA
NA
NA
0.584
0.654
0.484
0.584
0.584
0.534
NA
0.163
NA
NA
NA
NA
NA
NA
1
NA
0.648
0.79
NA
NA
0.643
NA
0.063
0.511
NA
NA
NA
0.605
0.567
NA
NA
NA
NA
NA
0.624
NA
NA
NA
NA
0.296
NA
NA
NA
NA
NA
0.333
NA
NA
0.644
0.908
NA
NA
NA
NA
NA
NA
NA
NA
NA
NA
NA
NA
NA
NA
NA
NA
NA
NA
NA
NA
NA
NA
NA
NA
NA
NA
0.232
0.143
NA
0.349
NA
NA
NA
NA
NA
NA
NA
NA
NA
0.582
NA
NA
NA
0.382
NA
NA
NA
NA
NA
NA
NA
0.397
NA
NA
0.402
0.292
NA
NA
NA
0.433
NA
0.255
NA
NA
0.307
NA
0.57
0.445
0.27
NA
NA
NA
NA
0.387
NA
0.413
NA
0.527
NA
NA
0.239
NA
0.671
0.619
NA
NA
NA
NA
0.664
NA
NA
NA
0.606
1
NA
0.459
0.281
0.356
NA
0.472
NA
0.405
0.704
NA
NA
NA
NA
NA
0.491
NA
0.385
NA
NA
0.511
NA
0.413
NA
0.704
1
NA
NA
NA
NA
0.125
0.355
NA
NA
NA
NA
NA
NA
NA
NA
NA
NA
0.492
NA
1
NA
NA
NA
NA
NA
NA
NA
NA
NA
NA
NA
0.643
NA
NA
0.225
NA
NA
NA
NA
NA
NA
NA
NA
0.602
NA
NA
NA
NA
NA
NA
0.278
NA
NA
NA
NA
NA
NA
NA
NA
NA
NA
NA
NA
NA
0.721
NA
NA
NA
NA
1
NA
NA
0.399
NA
NA
NA
NA
NA
NA
NA
NA
NA
NA
NA
NA
1
0.578
NA
NA
NA
NA
NA
0.599
NA
NA
1
NA
NA
NA
NA
NA
NA
NA
NA
NA
NA
NA
0.704
NA
NA
0.425
NA
NA
NA
NA
NA
NA
NA
NA
NA
NA
NA
NA
NA
0.733
NA
NA
NA
NA
NA
NA
0.818
0.563
NA
1
0.784
NA
NA
NA
NA
NA
NA
NA
NA
NA
NA
0.166
0.166
NA
NA
0.318
NA
NA
NA
NA
NA
NA
NA
NA
NA
NA
NA
NA
NA
NA
NA
NA
NA
NA
NA
NA
0.356
NA
NA
NA
NA
NA
NA
NA
NA
NA
NA
NA
NA
NA
0.124
0.543
NA
NA
0.658
NA
NA
0.493
NA
0.514
0.784
0.698
0.577
NA
NA
NA
NA
NA
NA
NA
NA
NA
NA
NA
NA
NA
NA
NA
0.576
NA
NA
NA
NA
NA
NA
NA
NA
NA
NA
0.191
NA
NA
NA
NA
NA
NA
0.522
NA
NA
NA
NA
NA
NA
NA
0.606
0.839
0.529
0.118
NA
NA
NA
NA
0.562
NA
NA
0.577
0.589
NA
0.363
NA
0.84
NA
NA
0.784
NA
NA
NA
NA
NA
NA
NA
NA
NA
NA
NA
0.491
0.52
NA
NA
0.234
NA
0.518
NA
NA
NA
0.333
NA
NA
NA
NA
NA
NA
NA
NA
NA
NA
NA
NA
NA
NA
NA
NA
0.244
NA
NA
NA
NA
NA
NA
NA
NA
NA
NA
NA
NA
NA
NA
NA
NA
NA
NA
NA
0.784
NA
NA
NA
NA
NA
NA
NA
NA
NA
NA
0.303
NA
0.356
0.489
0.305
0.552
NA
NA
NA
NA
NA
NA
0.191
NA
0.752
0.548
NA
0.59
NA
NA
NA
NA
NA
0.491
0.265
0.565
0.784
NA
NA
0.565
NA
NA
NA
NA
NA
0.244
0.589
0.4
0.608
NA
NA
NA
NA
NA
0.599
0.784
1
NA
NA
NA
NA
NA
0.704
NA
NA
NA
NA
NA
NA
NA
0.52
NA
NA
NA
NA
0.423
NA
NA
NA
NA
NA
NA
NA
NA
NA
0.528
NA
0.322
0.255
0.353
NA
NA
NA
0.263
0.434
0.343
NA
NA
NA
NA
NA
NA
NA
0.163
NA
NA
NA
NA
NA
0.861
NA
NA
0.527
0.483
NA
0.571
NA
0.728
0.79
NA
0.357
0.747
NA
NA
NA
NA
NA
NA
0.703
NA
NA
NA
NA
NA
NA
NA
0.623
NA
NA
NA
NA
NA
NA
NA
0.265
NA
NA
0.85
NA
NA
NA
NA
NA
NA
NA
NA
NA
NA
NA
0.41
NA
NA
NA
NA
NA
0.719
NA
NA
NA
NA
NA
NA
NA
NA
NA
NA
NA
NA
NA
NA
NA
NA
NA
NA
NA
NA
NA
NA
NA
NA
NA
0.697
0.402
0.374
NA
NA
0.67
0.737
NA
NA
0.574
NA
0.491
NA
NA
0.572
NA
NA
0.466
NA
NA
NA
NA
NA
NA
NA
NA
0.356
0.325
NA
NA
NA
NA
NA
NA
NA
0.39
NA
NA
NA
NA
NA
0.457
0.872
0.469
NA
NA
NA
0.381
0.814
NA
NA
NA
NA
NA
NA
NA
0.654
NA
0.234
NA
NA
NA
NA
NA
NA
NA
0.162
0.187
0.166
NA
NA
0.131
NA
NA
NA
NA
NA
NA
0.527
NA
NA
NA
NA
NA
NA
NA
NA
NA
0.77
0.391
0.69
0.707
NA
NA
NA
NA
NA
NA
NA
NA
NA
NA
NA
NA
NA
0.518
0.675
0.529
0.608
NA
NA
NA
NA
NA
NA
NA
NA
NA
NA
0.529
NA
NA
NA
0.331
NA
0.563
0.336
NA
NA
NA
NA
0.784
NA
0.578
NA
NA
NA
0.474
NA
NA
NA
NA
NA
NA
0.425
NA
NA
NA
NA
NA
NA
NA
NA
NA
0.448
0.435
NA
NA
0.229
0.337
NA
NA
NA
NA
NA
NA
0.473
0.711
NA
NA
0.298
NA
NA
NA
0.418
0.42
0.57
NA
0.478
0.465
0.299
0.54
0.47
NA
NA
NA
NA
NA
NA
NA
NA
NA
NA
NA
NA
0.784
0.743
0.893
0.234
0.473
NA
NA
0.661
NA
NA
0.418
NA
NA
NA
0.373
NA
NA
NA
NA
NA
0.574
0.437
NA
NA
0.141
NA
NA
NA
NA
NA
NA
NA
NA
0.344
NA
NA
NA
NA
NA
0.36
NA
NA
NA
0.288
NA
0.325
NA
NA
0.552
NA
NA
NA
NA
NA
NA
NA
NA
NA
NA
NA
0.351
NA
NA
NA
NA
0.637
0.521
NA
0.437
NA
0.348
0.365
0.337
0.684
0.823
0.623
NA
0.181
NA
0.203
NA
NA
NA
NA
NA
NA
NA
0.244
0.181
0.176
NA
NA
NA
NA
NA
NA
0.442
0.251
0.635
NA
0.203
0.232
0.153
NA
NA
NA
NA
NA
NA
NA
NA
NA
0.406
NA
NA
0.25
NA
NA
NA
NA
NA
NA
0.6
0.549
NA
NA
NA
NA
NA
NA
NA
NA
NA
NA
NA
NA
NA
NA
0.669
NA
NA
NA
NA
NA
NA
0.444
NA
0.538
0.383
NA
NA
NA
0.605
0.506
NA
NA
NA
NA
0.408
NA
NA
NA
NA
NA
0.234
NA
NA
NA
NA
0.709
NA
0.635
NA
0.801
NA
NA
NA
NA
NA
NA
0.676
0.234
NA
NA
NA
NA
0.132
NA
NA
0.374
0.803
NA
NA
NA
NA
NA
NA
NA
NA
NA
NA
NA
NA
NA
NA
0.298
NA
0.621
0.549
0.624
NA
NA
NA
NA
NA
NA
NA
NA
NA
0.621
NA
NA
NA
NA
0.6
NA
NA
NA
NA
NA
NA
NA
NA
NA
NA
0.141
NA
NA
NA
NA
NA
NA
NA
0.44
NA
NA
NA
NA
NA
NA
NA
NA
NA
NA
NA
0.898
NA
NA
0.221
0.234
0.234
NA
NA
NA
NA
NA
NA
NA
NA
NA
NA
NA
NA
NA
NA
NA
NA
NA
NA
NA
NA
NA
NA
NA
NA
NA
NA
NA
NA
NA
0.449
NA
NA
NA
0.425
NA
0.67
NA
NA
NA
NA
NA
NA
0.446
0.553
NA
NA
NA
NA
0.305
NA
0.56
0.661
0.661
0.166
NA
NA
NA
NA
NA
NA
NA
NA
NA
NA
NA
NA
NA
0.656
NA
NA
NA
NA
NA
NA
NA
NA
NA
NA
NA
1
0.506
1
NA
0.305
0.661
NA
NA
NA
NA
NA
NA
NA
0.697
0.356
NA
0.278
0.527
NA
NA
NA
NA
NA
NA
0.475
NA
NA
NA
NA
NA
0.476
NA
NA
NA
NA
NA
NA
NA
NA
NA
NA
NA
NA
NA
NA
NA
NA
NA
0.316
0.385
NA
NA
NA
0.587
0.779
NA
NA
NA
0.649
0.063
NA
NA
0.44
NA
NA
NA
NA
0.314
NA
NA
0.612
0.548
NA
NA
NA
NA
NA
0.081
0.549
0.171
NA
NA
NA
NA
NA
NA
NA
NA
NA
NA
0.191
1
0.784
NA
NA
NA
NA
0.533
0.463
NA
NA
NA
NA
NA
0.524
0.776
0.733
NA
NA
NA
NA
NA
0.68
0.535
0.536
0.4
NA
NA
NA
0.268
NA
NA
NA
NA
NA
NA
NA
0.622
NA
NA
NA
NA
NA
NA
NA
NA
0.451
NA
NA
NA
NA
NA
NA
NA
NA
NA
NA
NA
NA
NA
NA
NA
NA
NA
NA
NA
0.547
NA
NA
NA
NA
NA
NA
NA
0.141
0.094
NA
0.104
NA
NA
0.171
0.171
NA
0.239
NA
NA
NA
NA
NA
NA
0.353
NA
NA
NA
NA
NA
NA
1
0.235
NA
NA
NA
NA
NA
0.344
NA
0.54
NA
0.216
NA
NA
NA
0.734
NA
0.624
0.157
NA
0.359
NA
NA
NA
0.291
0.869
NA
0.465
NA
0.3
0.233
NA
0.661
0.092
NA
0.425
NA
0.508
0.453
0.464
NA
NA
NA
NA
NA
NA
NA
0.413
0.532
NA
NA
0.654
0.554
NA
NA
NA
NA
0.294
NA
NA
NA
0.658
NA
NA
NA
NA
0.382
NA
NA
NA
NA
NA
NA
NA
NA
NA
NA
NA
0.203
0.162
NA
NA
NA
NA
NA
NA
NA
NA
NA
NA
NA
NA
NA
NA
NA
NA
NA
NA
NA
NA
NA
NA
NA
NA
NA
NA
0.305
NA
NA
NA
0.44
NA
NA
NA
0.3
0.501
0.74
NA
NA
NA
NA
NA
NA
NA
NA
NA
NA
0.468
NA
NA
0.286
NA
0.509
0.377
NA
0.599
NA
0.46
NA
NA
NA
NA
0.784
NA
NA
0.415
1
NA
0.383
NA
NA
NA
NA
NA
NA
NA
NA
NA
NA
NA
NA
NA
0.313
NA
NA
NA
0.551
0.371
NA
NA
NA
NA
NA
0.465
0.588
NA
NA
NA
NA
NA
0.784
NA
NA
NA
0.526
NA
NA
NA
NA
NA
NA
NA
NA
NA
NA
NA
NA
NA
NA
0.621
NA
NA
NA
NA
NA
NA
NA
NA
NA
NA
0.467
NA
NA
1
0.688
0.41
NA
0.089
0.49
NA
0.563
NA
0.47
NA
0.692
NA
NA
0.496
NA
NA
NA
NA
NA
0.459
NA
0.533
0.465
0.286
0.386
0.406
0.6
NA
NA
0.414
NA
NA
0.356
NA
NA
NA
NA
NA
0.638
0.463
NA
0.228
NA
NA
0.251
0.569
0.356
1
NA
NA
0.269
NA
NA
NA
NA
0.496
0.694
NA
0.699
0.451
NA
0.42
1
0.163
0.262
NA
NA
NA
NA
NA
NA
NA
NA
NA
NA
NA
0.357
NA
NA
0.49
NA
NA
NA
NA
NA
NA
NA
NA
0.579
NA
NA
NA
NA
NA
NA
NA
NA
NA
NA
NA
NA
0.463
NA
NA
0.512
NA
NA
NA
NA
NA
NA
NA
NA
NA
NA
NA
NA
0.245
0.142
NA
NA
NA
NA
NA
NA
NA
NA
NA
NA
NA
NA
NA
NA
NA
NA
NA
NA
NA
NA
NA
NA
NA
NA
NA
NA
NA
NA
NA
NA
0.115
NA
NA
NA
NA
NA
NA
NA
NA
NA
NA
NA
NA
NA
NA
NA
NA
0.313
NA
0.593
NA
NA
NA
NA
NA
NA
NA
NA
NA
NA
NA
NA
NA
NA
NA
NA
NA
1
0.478
0.705
0.277
NA
0.365
0.254
0.495
0.608
NA
0.189
0.322
1
NA
0.839
0.647
0.308
NA
NA
NA
NA
NA
NA
NA
0.728
NA
0.357
NA
NA
NA
NA
NA
0.342
NA
NA
NA
NA
NA
NA
NA
NA
NA
NA
NA
NA
NA
NA
0.355
0.379
NA
NA
NA
0.464
NA
NA
0.356
0.425
NA
0.282
NA
0.257
0.316
NA
NA
0.355
0.341
0.796
NA
0.527
NA
NA
NA
NA
NA
NA
0.325
NA
NA
NA
NA
NA
NA
NA
NA
NA
NA
NA
NA
0.523
NA
NA
NA
NA
NA
NA
NA
NA
NA
NA
0.196
NA
NA
NA
0.444
NA
0.478
0.675
NA
NA
NA
NA
NA
NA
NA
NA
NA
NA
0.286
NA
NA
NA
NA
NA
NA
0.356
0.187
0.253
NA
0.388
NA
NA
0.297
0.52
NA
NA
0.61
NA
0.737
0.347
NA
0.541
NA
0.546
NA
NA
NA
NA
NA
NA
NA
NA
0.447
NA
0.27
0.42
NA
NA
0.501
0.228
NA
NA
NA
NA
0.576
NA
NA
NA
NA
NA
NA
0.592
0.737
NA
NA
NA
0.588
0.354
NA
NA
NA
NA
NA
NA
0.34
NA
NA
NA
0.568
NA
0.317
0.232
NA
NA
NA
0.125
NA
NA
NA
NA
0.305
0.235
0.305
0.305
0.305
NA
NA
0.131
NA
NA
NA
NA
0.64
NA
NA
NA
NA
NA
NA
0.372
NA
NA
NA
NA
0.784
NA
1
NA
1
NA
NA
NA
0.313
0.601
NA
NA
NA
0.667
NA
NA
0.428
NA
NA
NA
1
0.701
NA
NA
NA
0.499
NA
NA
NA
NA
NA
NA
0.428
NA
0.74
NA
NA
NA
0.59
NA
NA
NA
NA
NA
NA
1
NA
0.171
NA
NA
NA
NA
0.337
NA
0.182
NA
NA
NA
NA
NA
NA
NA
NA
NA
0.112
NA
NA
NA
0.479
NA
NA
NA
NA
NA
0.456
0.175
NA
NA
NA
0.768
NA
NA
NA
NA
0.496
0.412
NA
0.312
NA
NA
NA
NA
NA
NA
NA
NA
0.574
NA
NA
NA
NA
NA
NA
0.325
NA
NA
NA
NA
NA
0.465
NA
NA
0.345
0.437
NA
0.316
0.451
NA
NA
NA
NA
NA
0.42
0.41
NA
0.571
NA
0.518
0.553
0.343
0.469
0.356
0.758
NA
NA
NA
NA
NA
0.355
NA
NA
NA
NA
0.234
NA
0.408
NA
NA
NA
0.549
0.587
NA
NA
NA
0.559
NA
NA
NA
NA
NA
NA
NA
NA
NA
0.408
NA
0.346
0.758
NA
0.394
NA
NA
NA
NA
NA
NA
NA
NA
0.497
NA
NA
NA
NA
NA
NA
NA
NA
NA
NA
0.543
0.689
0.448
NA
NA
NA
NA
NA
NA
NA
0.218
0.704
0.74
NA
NA
0.672
NA
0.47
NA
NA
0.413
NA
0.661
0.305
NA
NA
NA
NA
NA
NA
NA
NA
NA
0.691
1
NA
0.706
0.218
NA
0.643
NA
NA
0.406
NA
0.661
0.445
NA
NA
0.613
0.784
0.341
0.361
NA
NA
NA
0.635
NA
NA
NA
NA
NA
NA
0.475
NA
0.506
NA
NA
NA
NA
NA
0.218
NA
NA
0.163
NA
NA
NA
0.557
1
NA
NA
NA
NA
NA
NA
NA
NA
0.207
NA
0.444
NA
NA
NA
NA
NA
NA
NA
0.408
0.128
NA
NA
0.331
0.292
0.734
0.321
NA
0.792
NA
NA
NA
NA
NA
NA
NA
NA
NA
0.651
0.337
NA
NA
0.549
0.361
NA
NA
NA
0.336
0.575
NA
NA
NA
NA
NA
NA
NA
0.447
0.512
0.498
NA
NA
NA
NA
0.296
0.198
NA
0.56
NA
0.257
1
0.545
NA
0.569
NA
0.463
0.299
NA
NA
NA
NA
NA
NA
NA
NA
0.59
NA
0.444
NA
NA
NA
NA
NA
NA
NA
NA
NA
NA
NA
NA
NA
NA
0.553
1
0.279
0.553
NA
0.636
1
NA
0.452
0.636
NA
0.723
NA
0.228
NA
NA
NA
NA
NA
NA
0.611
NA
NA
0.502
NA
0.187
NA
0.234
0.136
NA
0.143
0.312
NA
0.663
NA
NA
NA
0.184
0.325
0.171
NA
NA
NA
NA
NA
NA
NA
NA
NA
NA
NA
NA
NA
NA
NA
NA
0.362
NA
0.356
0.516
0.255
1
NA
0.357
0.637
NA
NA
1
0.24
NA
0.179
0.51
0.179
0.218
0.281
0.246
0.169
NA
NA
NA
NA
NA
NA
NA
NA
NA
NA
NA
NA
NA
NA
NA
NA
NA
NA
NA
NA
NA
NA
NA
NA
NA
0.355
NA
0.39
NA
NA
0.581
NA
0.508
NA
0.144
NA
NA
0.864
NA
NA
0.164
0.219
NA
0.141
NA
NA
0.297
NA
0.477
NA
0.442
NA
0.406
NA
0.305
NA
NA
0.711
0.52
NA
0.325
0.257
NA
0.591
NA
NA
0.444
NA
0.192
0.177
NA
0.293
NA
0.267
0.232
0.221
NA
NA
0.82
0.787
0.305
NA
NA
0.26
NA
0.34
NA
0.623
NA
NA
NA
NA
NA
NA
NA
NA
NA
NA
0.552
NA
0.246
0.325
NA
0.428
NA
NA
0.282
0.848
0.284
NA
NA
0.285
0.235
NA
NA
NA
NA
0.191
NA
NA
NA
NA
NA
NA
NA
0.327
0.373
0.481
NA
NA
NA
NA
NA
NA
NA
0.313
0.529
NA
NA
NA
NA
NA
NA
0.704
NA
0.555
0.686
NA
NA
NA
NA
0.892
NA
1
0.323
NA
NA
0.508
NA
NA
NA
NA
NA
0.235
NA
NA
0.648
0.497
0.313
NA
0.732
0.291
0.506
NA
NA
0.308
0.181
NA
NA
NA
0.404
NA
0.49
0.387
NA
0.292
0.399
0.574
0.301
NA
0.262
0.196
NA
NA
0.513
NA
NA
NA
NA
NA
NA
NA
0.784
0.356
NA
NA
NA
0.574
NA
0.55
NA
NA
0.458
NA
0.388
NA
NA
NA
NA
0.437
0.438
0.774
NA
NA
NA
NA
NA
0.216
NA
NA
0.399
0.551
NA
0.305
NA
0.307
NA
0.362
NA
NA
0.742
NA
NA
NA
0.302
NA
NA
NA
NA
NA
NA
NA
NA
0.343
NA
NA
NA
NA
NA
NA
NA
NA
NA
NA
NA
0.187
0.882
NA
NA
NA
0.256
NA
0.572
NA
0.486
0.206
0.63
NA
0.204
NA
NA
NA
0.306
0.257
NA
0.397
0.315
NA
0.669
0.393
NA
NA
0.236
0.638
0.248
0.214
0.601
NA
NA
NA
NA
0.658
NA
0.255
NA
0.359
NA
0.143
0.143
NA
0.448
NA
0.62
NA
NA
NA
0.259
NA
NA
0.351
1
NA
NA
0.234
0.234
NA
NA
NA
0.177
NA
1
0.64
NA
0.698
0.643
0.477
0.661
0.49
NA
NA
0.736
0.595
0.173
0.588
0.74
0.821
NA
NA
0.402
0.907
NA
NA
NA
NA
0.627
NA
NA
NA
NA
NA
NA
NA
1
NA
1
0.494
NA
NA
NA
NA
NA
0.707
NA
NA
NA
NA
NA
NA
0.615
NA
NA
NA
NA
NA
NA
NA
NA
0.325
NA
NA
NA
NA
NA
NA
NA
NA
NA
NA
NA
NA
NA
NA
NA
NA
NA
NA
NA
NA
NA
NA
NA
NA
NA
NA
NA
NA
NA
NA
NA
NA
NA
0.588
NA
0.279
0.487
NA
0.619
0.296
0.296
0.166
NA
NA
0.143
0.349
0.19
0.235
1
NA
0.561
0.398
NA
0.643
NA
NA
0.657
NA
NA
0.268
0.167
0.177
0.131
0.144
NA
0.784
1
NA
NA
NA
NA
NA
NA
NA
NA
NA
NA
NA
NA
NA
NA
NA
NA
NA
0.528
NA
NA
0.567
0.569
0.51
NA
NA
0.621
NA
NA
0.599
NA
NA
NA
NA
NA
0.64
NA
NA
NA
NA
NA
NA
0.69
0.515
NA
0.234
NA
0.166
0.68
NA
NA
NA
NA
NA
NA
NA
NA
NA
NA
NA
NA
NA
NA
NA
NA
0.647
NA
NA
NA
NA
0.113
NA
0.784
0.654
0.523
NA
NA
NA
NA
NA
0.539
NA
NA
0.447
0.6
0.441
NA
NA
NA
0.493
0.196
NA
0.533
NA
NA
NA
0.484
0.635
NA
NA
NA
0.702
0.39
0.868
NA
NA
NA
NA
NA
NA
NA
0.468
0.278
NA
NA
NA
NA
NA
0.733
0.481
NA
NA
NA
NA
0.446
0.439
NA
NA
NA
0.76
NA
1
NA
0.767
0.554
0.603
NA
NA
NA
NA
NA
0.676
NA
NA
0.489
0.577
NA
NA
NA
NA
NA
NA
NA
NA
NA
NA
NA
NA
NA
NA
NA
NA
0.429
0.301
0.105
NA
NA
NA
0.442
0.527
0.606
0.437
0.381
NA
0.758
NA
0.7
NA
0.296
0.34
NA
NA
NA
NA
0.552
0.727
0.133
0.497
NA
NA
NA
NA
NA
NA
NA
NA
NA
NA
0.671
NA
NA
0.255
NA
0.737
NA
NA
0.726
0.498
NA
1
NA
0.63
0.453
0.252
NA
NA
0.463
NA
NA
NA
NA
0.389
0.673
0.562
NA
NA
NA
NA
NA
NA
NA
NA
NA
NA
NA
NA
NA
NA
NA
NA
NA
0.792
NA
0.58
0.721
0.798
0.082
NA
NA
NA
NA
0.352
0.659
NA
NA
NA
0.447
NA
NA
NA
NA
NA
NA
NA
0.423
0.181
NA
0.292
NA
NA
NA
NA
0.177
NA
NA
0.125
NA
NA
NA
NA
NA
NA
NA
0.643
NA
0.53
0.298
NA
0.651
NA
0.77
0.363
0.416
0.413
0.511
NA
0.366
0.538
NA
NA
0.308
NA
NA
NA
0.575
0.303
NA
NA
NA
NA
0.296
NA
0.386
NA
NA
NA
NA
0.687
0.623
NA
0.605
NA
NA
NA
NA
0.152
0.242
0.278
NA
NA
NA
1
NA
0.304
0.117
NA
0.655
NA
0.117
NA
0.751
NA
NA
0.418
0.251
0.459
NA
NA
0.619
0.462
NA
NA
NA
NA
NA
0.578
0.489
0.198
NA
0.203
0.112
0.15
NA
NA
NA
0.743
NA
NA
NA
NA
NA
0.565
NA
NA
NA
NA
NA
NA
NA
NA
NA
NA
NA
NA
NA
NA
NA
NA
NA
NA
NA
NA
NA
NA
NA
NA
NA
NA
NA
NA
NA
NA
NA
NA
NA
NA
NA
NA
NA
NA
NA
NA
0.467
0.271
NA
NA
NA
0.592
NA
0.697
NA
NA
0.653
0.306
NA
0.606
NA
NA
0.784
NA
1
NA
0.577
0.337
NA
0.514
0.233
0.089
0.231
0.381
NA
0.417
NA
NA
NA
NA
NA
NA
0.455
NA
NA
NA
0.43
0.416
0.724
NA
0.501
NA
NA
NA
NA
NA
NA
NA
1
NA
NA
0.417
NA
NA
NA
NA
0.244
0.357
NA
0.452
NA
0.427
0.422
0.169
0.215
0.457
0.618
0.38
NA
0.248
NA
NA
NA
NA
0.542
NA
NA
NA
0.571
NA
NA
0.551
1
0.746
0.221
0.525
0.469
NA
NA
NA
NA
NA
NA
NA
NA
0.244
NA
NA
1
NA
NA
0.298
NA
NA
0.579
NA
NA
NA
0.298
NA
NA
NA
NA
NA
NA
0.311
NA
NA
NA
0.335
NA
NA
NA
0.707
NA
NA
0.32
0.265
0.495
NA
0.418
NA
0.411
NA
0.294
0.514
NA
0.454
NA
NA
NA
NA
NA
NA
NA
NA
NA
NA
NA
NA
NA
NA
NA
NA
NA
NA
NA
NA
0.231
0.474
NA
0.307
0.563
NA
0.74
0.7
NA
0.416
NA
1
0.704
NA
NA
NA
NA
NA
NA
0.219
0.285
0.172
NA
0.503
0.661
NA
NA
NA
NA
0.255
0.416
0.525
0.91
0.444
0.658
1
NA
0.595
NA
0.171
0.471
0.435
NA
NA
NA
0.284
NA
NA
NA
NA
NA
NA
NA
NA
NA
NA
NA
NA
NA
NA
0.516
NA
0.718
NA
0.294
0.496
0.546
NA
0.636
NA
NA
NA
NA
NA
0.202
0.294
NA
NA
NA
NA
NA
NA
0.475
1
NA
NA
NA
NA
0.442
NA
0.804
NA
NA
NA
0.233
0.163
NA
NA
NA
0.416
NA
0.752
0.516
0.273
0.338
0.5
NA
0.494
0.28
0.715
0.747
NA
0.488
0.704
0.703
0.584
0.385
NA
0.226
0.658
0.869
0.211
NA
NA
NA
NA
0.643
0.643
1
1
NA
NA
0.312
NA
0.117
0.677
0.422
NA
0.543
NA
NA
0.179
0.259
0.196
0.276
NA
NA
NA
NA
0.166
0.495
0.592
NA
0.628
NA
0.715
NA
0.525
NA
NA
NA
NA
NA
NA
0.699
NA
NA
0.271
NA
NA
NA
NA
NA
NA
NA
NA
NA
NA
NA
NA
NA
NA
1
NA
NA
0.305
0.386
NA
NA
NA
0.643
0.443
NA
NA
0.382
NA
0.501
0.509
NA
NA
0.362
NA
NA
NA
NA
NA
NA
NA
NA
NA
NA
NA
NA
0.616
NA
NA
NA
NA
NA
NA
NA
NA
0.25
0.177
NA
NA
0.488
NA
NA
NA
NA
NA
NA
NA
NA
NA
NA
NA
NA
0.417
0.376
0.244
0.784
0.131
0.496
0.382
NA
NA
NA
NA
NA
NA
NA
0.861
0.444
0.502
0.46
NA
NA
NA
NA
NA
NA
NA
NA
0.117
NA
NA
NA
NA
NA
NA
NA
0.834
0.487
0.244
0.594
NA
NA
NA
NA
NA
NA
NA
NA
NA
0.375
0.286
NA
0.2
0.716
0.318
0.201
0.506
0.359
0.576
NA
0.141
1
NA
0.53
0.566
NA
NA
NA
NA
NA
0.129
NA
NA
NA
0.529
1
0.361
NA
NA
NA
NA
NA
NA
NA
NA
NA
0.761
NA
NA
0.511
NA
NA
NA
NA
NA
NA
NA
NA
NA
NA
NA
NA
NA
NA
NA
NA
NA
NA
NA
0.27
0.537
NA
NA
0.275
NA
NA
NA
NA
0.732
0.552
NA
NA
NA
NA
0.471
NA
0.624
NA
NA
NA
NA
NA
NA
NA
NA
0.318
0.489
NA
0.304
0.811
NA
0.296
0.429
NA
0.74
NA
0.412
0.529
0.393
NA
NA
NA
NA
NA
NA
0.772
NA
NA
NA
NA
NA
NA
NA
0.77
0.329
NA
0.261
NA
0.39
0.501
NA
NA
NA
NA
NA
NA
NA
NA
1
NA
NA
NA
NA
NA
NA
NA
NA
NA
NA
NA
NA
NA
0.305
NA
NA
0.708
0.567
0.745
0.537
NA
NA
NA
0.407
NA
NA
NA
NA
NA
NA
0.518
NA
NA
NA
NA
NA
NA
0.472
0.314
0.314
NA
NA
NA
NA
0.527
NA
NA
NA
NA
NA
NA
NA
NA
0.551
NA
NA
NA
NA
NA
NA
0.143
NA
NA
0.146
NA
NA
0.182
NA
0.224
0.571
0.538
NA
NA
0.542
0.661
NA
NA
NA
NA
NA
NA
0.74
NA
NA
NA
NA
NA
NA
NA
NA
0.166
NA
NA
NA
NA
0.606
0.211
NA
NA
0.359
NA
NA
NA
NA
NA
NA
NA
NA
NA
0.704
NA
NA
NA
NA
NA
NA
NA
NA
NA
NA
NA
0.535
NA
NA
NA
NA
NA
NA
NA
0.46
NA
NA
NA
NA
0.305
NA
NA
NA
NA
NA
NA
NA
NA
0.323
NA
NA
NA
NA
0.421
NA
NA
NA
NA
NA
NA
NA
0.491
NA
NA
NA
NA
NA
NA
NA
NA
NA
NA
NA
NA
NA
1
NA
NA
NA
0.604
NA
0.153
0.423
0.599
NA
NA
NA
NA
0.513
0.424
0.515
NA
NA
NA
NA
NA
NA
NA
NA
0.643
NA
NA
NA
NA
NA
0.681
NA
NA
NA
NA
NA
NA
NA
NA
NA
NA
NA
NA
NA
NA
NA
NA
NA
0.673
NA
0.413
0.422
0.784
NA
0.357
NA
NA
NA
NA
NA
NA
NA
NA
NA
0.502
NA
0.658
0.733
NA
NA
1
NA
0.544
0.769
NA
NA
NA
NA
NA
NA
NA
NA
NA
NA
NA
NA
NA
NA
NA
1
NA
0.65
0.623
NA
NA
NA
NA
0.223
NA
NA
NA
NA
NA
NA
NA
0.53
NA
NA
NA
NA
NA
NA
0.337
NA
NA
NA
NA
NA
NA
NA
NA
NA
0.651
0.869
NA
NA
NA
NA
NA
NA
NA
NA
NA
NA
NA
0.586
0.268
0.283
0.218
NA
NA
NA
NA
NA
0.371
NA
0.166
NA
0.586
NA
NA
0.478
NA
0.426
NA
NA
NA
NA
NA
0.642
NA
NA
NA
0.649
0.432
NA
NA
NA
NA
NA
NA
NA
NA
NA
0.117
NA
0.439
0.54
NA
NA
NA
NA
NA
NA
NA
NA
0.53
0.74
NA
NA
NA
NA
NA
NA
0.591
0.307
0.461
0.374
0.387
NA
NA
NA
0.125
NA
0.513
NA
NA
0.186
0.324
NA
NA
NA
NA
NA
NA
NA
NA
NA
0.068
0.089
NA
NA
NA
NA
NA
NA
0.548
0.601
NA
0.349
0.496
0.2
0.371
NA
NA
NA
NA
0.653
NA
NA
0.397
0.752
NA
NA
0.512
NA
NA
NA
NA
0.38
0.492
1
NA
NA
NA
NA
NA
NA
NA
NA
0.318
0.63
NA
0.471
0.439
0.578
NA
0.867
NA
NA
NA
NA
NA
NA
NA
0.5
0.161
0.419
NA
NA
0.852
NA
NA
NA
NA
0.158
0.6
0.208
0.465
0.247
0.092
NA
NA
NA
NA
NA
NA
0.356
0.395
0.859
0.43
0.438
NA
NA
NA
0.253
0.605
0.549
NA
NA
NA
NA
NA
NA
NA
NA
NA
NA
0.474
NA
NA
0.533
NA
NA
0.562
NA
NA
NA
NA
NA
NA
NA
NA
0.298
NA
0.444
NA
NA
NA
1
0.417
NA
NA
NA
NA
NA
NA
NA
NA
NA
0.659
0.597
NA
NA
NA
NA
NA
0.537
0.091
NA
NA
NA
NA
NA
NA
NA
1
0.232
NA
0.462
NA
NA
NA
NA
0.489
NA
0.362
NA
NA
NA
NA
NA
NA
0.378
NA
NA
0.489
0.518
NA
NA
NA
0.686
NA
NA
0.529
NA
1
NA
NA
NA
NA
NA
NA
NA
NA
NA
NA
NA
0.578
NA
NA
NA
NA
NA
NA
NA
NA
NA
NA
NA
NA
NA
NA
NA
NA
NA
1
0.396
NA
0.481
NA
NA
NA
NA
0.733
NA
NA
NA
NA
NA
NA
NA
NA
NA
NA
0.8
0.694
NA
0.622
0.191
NA
NA
NA
0.236
0.405
0.756
1
0.373
0.47
NA
NA
NA
NA
NA
0.713
NA
NA
NA
NA
NA
NA
NA
NA
0.772
0.168
0.732
NA
NA
NA
1
NA
NA
NA
0.775
0.748
0.476
NA
0.458
0.704
NA
NA
0.574
NA
NA
NA
NA
NA
NA
0.222
NA
NA
NA
NA
NA
NA
NA
NA
NA
NA
0.91
0.643
NA
NA
NA
NA
0.436
0.792
NA
NA
NA
NA
NA
NA
NA
NA
NA
0.438
NA
NA
0.563
NA
NA
0.141
1
NA
NA
0.574
0.125
0.574
NA
NA
0.643
0.643
NA
NA
NA
NA
NA
NA
NA
NA
NA
NA
0.752
NA
NA
NA
NA
NA
0.773
NA
NA
NA
NA
NA
NA
NA
NA
0.687
NA
NA
0.244
NA
NA
NA
NA
NA
NA
NA
0.239
0.413
0.243
NA
NA
NA
0.166
NA
NA
0.525
NA
0.408
NA
NA
NA
NA
NA
NA
NA
NA
NA
0.151
NA
NA
NA
NA
0.601
NA
NA
NA
NA
NA
NA
NA
NA
NA
NA
0.667
0.829
NA
NA
NA
NA
0.643
0.497
NA
NA
0.585
NA
NA
0.081
NA
NA
NA
NA
0.349
NA
NA
NA
NA
NA
NA
NA
NA
NA
NA
NA
NA
NA
NA
NA
NA
NA
NA
NA
0.865
NA
NA
NA
NA
NA
NA
NA
NA
NA
NA
NA
NA
NA
NA
NA
NA
NA
NA
NA
NA
NA
0.68
0.341
NA
NA
NA
NA
0.528
NA
NA
NA
NA
NA
NA
NA
NA
NA
0.758
NA
NA
NA
NA
NA
NA
NA
NA
NA
NA
NA
NA
NA
NA
NA
NA
0.478
0.613
NA
0.506
NA
NA
NA
NA
NA
NA
NA
NA
0.171
NA
0.141
NA
NA
0.244
NA
NA
0.584
NA
NA
NA
NA
NA
NA
NA
0.361
NA
NA
NA
NA
0.448
0.858
NA
NA
NA
NA
0.255
NA
NA
0.565
NA
NA
NA
NA
NA
NA
NA
NA
NA
NA
NA
NA
NA
NA
NA
0.407
NA
NA
NA
NA
NA
NA
NA
NA
NA
0.491
NA
NA
NA
NA
NA
0.671
NA
0.263
0.453
NA
NA
NA
NA
NA
NA
NA
NA
0.261
0.445
NA
NA
NA
0.576
NA
NA
NA
NA
NA
NA
NA
NA
NA
NA
NA
NA
NA
NA
NA
NA
NA
NA
0.382
NA
NA
NA
0.486
NA
NA
NA
NA
NA
NA
NA
NA
NA
0.591
NA
NA
NA
NA
NA
NA
NA
NA
NA
NA
NA
NA
NA
NA
NA
NA
NA
NA
NA
NA
NA
0.433
NA
0.599
0.542
NA
NA
NA
NA
NA
NA
NA
NA
NA
NA
NA
NA
0.493
NA
NA
NA
NA
NA
NA
NA
NA
0.597
0.594
NA
NA
NA
NA
NA
NA
NA
NA
0.234
0.305
NA
NA
NA
NA
NA
NA
NA
NA
NA
NA
NA
NA
NA
NA
NA
NA
NA
NA
NA
NA
NA
NA
NA
NA
NA
NA
NA
NA
NA
NA
NA
1
1
NA
NA
NA
NA
NA
NA
NA
0.286
NA
0.661
NA
NA
NA
NA
NA
NA
NA
NA
NA
NA
NA
NA
NA
NA
NA
NA
0.685
NA
NA
NA
NA
0.374
0.433
NA
NA
0.284
NA
NA
NA
NA
NA
NA
NA
NA
NA
0.459
NA
NA
NA
NA
NA
NA
NA
0.233
NA
NA
NA
NA
NA
NA
NA
NA
NA
NA
NA
0.714
0.459
NA
0.459
NA
NA
NA
0.234
0.412
NA
NA
NA
NA
NA
NA
NA
NA
NA
NA
NA
NA
NA
NA
NA
NA
NA
NA
NA
NA
NA
NA
0.59
NA
0.313
0.762
0.472
0.574
0.361
NA
NA
NA
NA
NA
NA
NA
0.358
0.177
0.529
NA
NA
0.522
NA
0.415
NA
NA
NA
NA
NA
NA
NA
NA
NA
NA
0.645
0.639
NA
NA
NA
0.258
NA
NA
NA
NA
NA
NA
NA
NA
NA
NA
NA
NA
NA
NA
NA
NA
NA
NA
NA
NA
NA
0.171
NA
0.772
NA
NA
NA
NA
NA
NA
NA
NA
NA
NA
NA
NA
NA
NA
0.433
0.408
NA
NA
NA
NA
0.351
NA
NA
NA
NA
NA
0.394
0.549
0.591
0.671
NA
NA
NA
NA
NA
NA
NA
NA
NA
NA
NA
NA
NA
0.291
0.257
NA
NA
NA
NA
NA
NA
0.506
NA
NA
NA
NA
NA
NA
NA
NA
NA
0.509
0.149
NA
NA
NA
NA
NA
1
0.643
NA
NA
NA
0.508
0.519
NA
NA
NA
0.206
NA
NA
NA
NA
0.349
NA
NA
NA
NA
NA
NA
NA
NA
NA
NA
0.633
NA
NA
NA
NA
NA
NA
NA
NA
NA
0.784
NA
NA
NA
NA
NA
0.685
NA
NA
NA
NA
NA
NA
NA
NA
NA
0.847
0.779
0.802
0.513
NA
NA
NA
NA
NA
NA
NA
NA
NA
NA
NA
0.64
NA
NA
NA
NA
NA
NA
NA
NA
NA
NA
0.593
0.484
NA
NA
NA
NA
NA
NA
0.542
0.326
NA
NA
NA
NA
NA
NA
0.303
NA
0.704
NA
NA
0.382
NA
0.234
NA
NA
NA
0.584
0.529
NA
NA
NA
0.309
0.649
NA
NA
NA
NA
NA
NA
NA
NA
NA
NA
0.734
NA
NA
NA
NA
NA
NA
NA
0.541
0.47
0.384
0.305
NA
NA
0.39
NA
NA
0.558
NA
NA
NA
0.398
NA
NA
NA
NA
NA
NA
NA
NA
NA
NA
NA
NA
NA
NA
0.661
0.54
NA
0.569
0.565
NA
NA
NA
0.438
NA
0.353
NA
0.633
NA
0.768
NA
NA
NA
NA
0.619
0.471
NA
NA
0.546
NA
0.732
0.733
NA
0.44
NA
NA
NA
NA
NA
0.109
0.638
NA
NA
NA
0.749
NA
0.797
0.233
NA
NA
NA
NA
NA
NA
NA
NA
0.356
NA
NA
0.666
NA
NA
NA
NA
NA
NA
NA
NA
NA
0.163
NA
NA
0.606
NA
0.234
0.276
NA
NA
NA
NA
1
1
1
NA
0.578
0.394
0.199
NA
NA
0.51
NA
NA
NA
NA
NA
NA
NA
NA
NA
NA
NA
NA
NA
NA
1
NA
NA
0.536
0.492
0.317
0.337
NA
NA
NA
NA
NA
0.451
NA
NA
0.418
NA
NA
0.207
NA
NA
NA
NA
NA
NA
0.243
0.403
NA
0.356
NA
NA
NA
NA
0.154
NA
0.391
NA
NA
NA
0.219
0.347
NA
0.302
NA
NA
NA
NA
NA
0.686
NA
NA
NA
NA
NA
NA
NA
NA
NA
NA
0.536
0.645
NA
NA
NA
0.45
NA
NA
NA
NA
NA
NA
NA
NA
NA
NA
NA
NA
NA
NA
NA
NA
NA
1
NA
NA
0.255
NA
0.218
NA
0.601
NA
NA
NA
NA
0.485
NA
0.6
0.589
NA
NA
NA
NA
NA
NA
NA
NA
NA
NA
NA
0.69
NA
NA
0.544
NA
NA
NA
NA
0.508
NA
NA
NA
0.643
NA
NA
0.702
NA
NA
NA
NA
NA
0.189
NA
0.295
0.636
NA
NA
NA
NA
NA
NA
NA
NA
NA
NA
NA
NA
NA
NA
NA
NA
NA
NA
NA
NA
NA
NA
NA
NA
NA
0.255
NA
0.192
NA
NA
NA
NA
0.303
NA
NA
NA
NA
NA
NA
NA
NA
1
NA
NA
0.597
NA
NA
0.445
0.584
NA
NA
NA
NA
NA
NA
0.488
NA
NA
NA
0.641
0.326
NA
0.388
NA
NA
NA
NA
0.661
0.752
0.727
NA
NA
NA
NA
0.413
0.166
0.534
0.518
NA
NA
0.628
0.272
0.352
NA
NA
NA
0.534
0.514
NA
0.566
NA
NA
NA
0.473
NA
NA
NA
NA
NA
NA
NA
NA
NA
NA
0.421
0.784
NA
NA
NA
0.725
0.652
NA
NA
NA
NA
0.131
NA
NA
NA
NA
0.721
0.733
NA
NA
NA
NA
NA
NA
0.17
NA
0.677
NA
NA
0.47
NA
NA
NA
0.294
NA
NA
NA
NA
0.715
NA
NA
NA
NA
NA
NA
NA
NA
0.29
NA
0.396
0.357
NA
0.405
NA
0.799
NA
NA
NA
NA
NA
NA
NA
NA
0.336
NA
NA
NA
NA
NA
NA
0.296
0.61
NA
NA
NA
0.555
NA
NA
NA
NA
NA
NA
0.525
0.421
0.744
NA
NA
NA
0.184
0.325
NA
NA
NA
NA
0.652
0.729
0.824
NA
0.766
0.781
0.529
NA
NA
NA
NA
NA
NA
NA
NA
NA
NA
NA
NA
NA
NA
NA
NA
0.411
NA
NA
NA
NA
NA
0.724
NA
NA
NA
0.503
NA
NA
0.209
NA
NA
0.532
0.448
NA
NA
NA
0.179
NA
NA
NA
NA
NA
NA
0.257
0.406
NA
NA
NA
NA
NA
NA
0.16
0.383
0.308
0.507
0.554
NA
NA
NA
0.614
NA
NA
NA
NA
NA
NA
0.378
NA
0.171
0.571
0.545
0.432
NA
NA
NA
NA
0.673
NA
NA
NA
NA
0.166
NA
NA
0.684
NA
NA
NA
NA
NA
NA
NA
NA
0.672
0.341
NA
NA
NA
NA
NA
0.356
NA
0.733
NA
0.482
0.422
1
NA
NA
0.652
NA
NA
NA
0.479
0.299
NA
0.275
0.181
NA
NA
NA
NA
NA
NA
NA
0.466
NA
NA
0.393
NA
0.269
NA
NA
NA
NA
0.732
0.502
NA
0.458
0.4
NA
0.671
NA
NA
NA
NA
0.661
NA
NA
NA
NA
0.452
NA
NA
0.274
NA
NA
NA
0.581
0.303
NA
NA
1
0.784
NA
0.571
NA
0.501
0.61
NA
0.61
NA
0.493
0.34
0.556
0.571
NA
NA
NA
NA
NA
0.573
0.552
NA
NA
0.281
NA
NA
NA
NA
0.342
NA
0.788
NA
NA
NA
NA
NA
NA
NA
NA
0.305
NA
1
0.305
NA
NA
NA
NA
NA
NA
NA
NA
NA
0.422
NA
NA
0.36
NA
NA
NA
NA
NA
0.708
0.487
NA
NA
NA
NA
0.615
0.243
NA
NA
0.643
0.166
NA
NA
NA
0.461
0.224
0.231
0.422
NA
0.547
NA
NA
NA
NA
NA
NA
NA
NA
NA
NA
NA
NA
NA
0.618
NA
NA
NA
NA
NA
0.422
NA
NA
NA
0.602
NA
NA
NA
NA
NA
NA
0.434
1
0.163
NA
NA
0.385
NA
NA
NA
0.171
0.777
NA
NA
NA
NA
NA
NA
NA
NA
NA
0.759
NA
0.452
0.789
NA
NA
0.609
NA
0.428
NA
NA
NA
NA
NA
0.752
NA
0.713
NA
0.089
NA
0.314
0.46
NA
0.235
NA
NA
NA
NA
0.531
NA
0.512
0.683
1
NA
0.305
NA
NA
NA
NA
NA
0.218
0.223
NA
NA
NA
NA
0.558
NA
0.693
NA
NA
NA
0.105
NA
NA
NA
NA
NA
NA
NA
NA
NA
NA
NA
NA
NA
0.754
NA
NA
NA
NA
NA
NA
NA
NA
NA
NA
NA
NA
0.498
NA
NA
NA
NA
NA
NA
NA
0.479
NA
NA
0.275
0.221
NA
0.191
NA
NA
NA
NA
0.498
NA
NA
0.402
NA
NA
NA
NA
NA
NA
NA
NA
NA
NA
NA
NA
NA
NA
NA
NA
NA
NA
NA
0.377
NA
0.326
NA
NA
1
NA
NA
NA
NA
NA
NA
NA
NA
NA
0.545
NA
NA
NA
NA
NA
NA
0.41
NA
NA
NA
NA
NA
NA
NA
NA
NA
NA
NA
0.617
0.577
NA
0.4
NA
0.415
NA
0.731
0.746
NA
0.553
NA
NA
NA
NA
NA
0.356
0.33
NA
NA
NA
NA
0.648
0.756
0.498
NA
NA
0.444
0.325
NA
0.305
NA
0.418
0.644
0.91
0.413
1
NA
1
0.416
NA
0.483
NA
NA
0.451
0.507
0.543
0.513
0.564
NA
NA
0.635
0.452
NA
NA
NA
NA
NA
0.446
NA
NA
NA
NA
NA
NA
NA
NA
NA
0.885
0.497
NA
0.229
NA
NA
0.257
NA
0.654
0.235
0.365
NA
NA
NA
0.37
NA
0.741
NA
0.514
0.841
NA
0.565
NA
NA
NA
NA
NA
0.235
NA
NA
NA
NA
NA
NA
0.624
NA
NA
1
NA
NA
NA
NA
NA
NA
NA
0.784
0.359
0.333
1
0.296
0.166
NA
0.202
NA
NA
NA
NA
NA
NA
0.34
NA
0.422
0.577
0.478
NA
NA
NA
NA
NA
NA
NA
NA
NA
NA
NA
NA
NA
NA
NA
0.511
NA
NA
0.383
NA
NA
NA
NA
NA
NA
NA
NA
0.254
0.661
NA
NA
NA
NA
NA
NA
NA
NA
NA
NA
NA
0.382
0.383
0.417
0.606
NA
0.824
NA
NA
NA
NA
NA
NA
NA
NA
0.505
NA
NA
NA
NA
NA
0.503
1
1
0.466
0.533
0.725
NA
NA
NA
NA
NA
NA
NA
NA
NA
NA
NA
NA
NA
NA
NA
NA
NA
NA
NA
NA
NA
NA
NA
0.221
NA
NA
0.27
NA
NA
NA
NA
NA
NA
NA
NA
NA
NA
NA
NA
NA
0.565
NA
NA
0.458
NA
NA
NA
NA
NA
NA
NA
0.425
NA
0.244
NA
NA
NA
NA
NA
NA
NA
NA
NA
NA
NA
NA
NA
NA
0.244
NA
NA
NA
0.319
NA
NA
NA
NA
NA
NA
NA
NA
NA
NA
NA
NA
0.382
0.49
0.385
NA
NA
NA
0.318
NA
NA
NA
NA
NA
NA
NA
0.655
0.312
0.571
0.518
NA
NA
NA
NA
NA
NA
NA
NA
0.413
NA
NA
NA
NA
0.489
1
NA
NA
NA
NA
NA
0.296
NA
NA
NA
0.33
NA
NA
NA
NA
NA
NA
NA
NA
NA
NA
NA
NA
0.257
NA
NA
NA
NA
0.343
NA
0.908
0.582
NA
0.467
0.395
0.722
NA
NA
0.69
0.493
0.732
NA
NA
0.337
0.339
0.784
NA
NA
NA
0.163
0.244
NA
NA
NA
NA
NA
NA
NA
NA
NA
NA
NA
NA
NA
NA
NA
0.364
NA
NA
0.704
0.824
NA
0.442
0.541
NA
NA
NA
NA
NA
NA
NA
NA
NA
0.409
NA
NA
NA
NA
NA
NA
NA
NA
NA
NA
0.67
0.44
NA
NA
NA
NA
NA
NA
NA
NA
NA
NA
0.443
NA
NA
0.701
NA
NA
0.63
NA
NA
NA
0.686
NA
NA
NA
NA
NA
NA
NA
NA
NA
NA
NA
NA
NA
NA
NA
0.171
NA
NA
NA
0.324
NA
NA
NA
NA
NA
NA
NA
NA
NA
NA
NA
NA
NA
NA
NA
0.711
NA
NA
NA
NA
0.339
NA
NA
NA
NA
0.401
0.336
NA
0.227
0.209
NA
NA
NA
0.149
NA
NA
NA
0.225
NA
NA
0.292
0.532
0.305
0.853
0.44
NA
0.644
NA
0.649
NA
NA
NA
NA
NA
NA
NA
NA
NA
NA
NA
NA
0.281
0.641
NA
NA
NA
0.229
NA
NA
0.361
0.363
NA
0.344
NA
NA
0.518
0.754
NA
NA
NA
NA
NA
NA
NA
NA
NA
0.213
0.27
0.347
0.282
0.263
NA
NA
NA
NA
NA
0.293
NA
NA
NA
NA
NA
NA
1
NA
NA
NA
NA
NA
1
0.146
0.428
0.422
NA
NA
NA
NA
NA
NA
NA
NA
0.826
0.258
NA
NA
0.47
NA
NA
0.291
NA
0.523
NA
0.785
0.226
0.159
NA
NA
NA
NA
NA
NA
NA
0.443
NA
0.182
0.643
0.612
NA
NA
NA
NA
NA
NA
NA
NA
0.285
NA
0.444
NA
0.255
NA
NA
NA
0.184
0.125
NA
NA
NA
NA
NA
0.301
NA
NA
NA
NA
0.356
NA
NA
NA
NA
NA
NA
NA
NA
NA
NA
NA
0.617
0.538
NA
NA
0.497
NA
0.403
0.683
0.432
NA
NA
NA
NA
NA
NA
NA
NA
NA
0.65
NA
NA
NA
NA
0.357
NA
NA
NA
NA
NA
0.752
NA
0.555
0.448
NA
NA
0.247
0.224
NA
NA
NA
NA
0.727
NA
0.523
NA
NA
NA
0.545
NA
0.643
NA
0.277
NA
NA
NA
NA
NA
NA
0.404
NA
0.784
0.704
NA
NA
NA
NA
0.413
NA
0.612
NA
0.755
NA
NA
NA
0.239
NA
NA
NA
NA
NA
0.856
NA
0.645
NA
NA
NA
NA
0.315
NA
0.734
0.304
NA
0.672
0.773
0.526
NA
NA
0.921
0.388
0.217
NA
NA
NA
NA
0.632
0.472
NA
0.21
NA
NA
NA
NA
NA
0.503
0.617
NA
NA
NA
0.554
0.597
NA
1
NA
NA
NA
NA
NA
0.52
0.736
0.619
0.197
NA
NA
NA
NA
NA
NA
NA
NA
0.506
1
NA
0.329
NA
1
0.35
NA
NA
0.177
NA
NA
NA
NA
0.39
0.474
0.325
0.618
NA
0.458
NA
0.882
NA
NA
0.263
NA
NA
NA
0.426
NA
NA
NA
0.534
0.757
0.78
0.741
1
1
0.661
NA
0.384
NA
NA
0.63
0.511
0.565
NA
NA
NA
0.185
NA
NA
NA
NA
NA
0.572
0.512
0.366
0.496
NA
NA
0.305
NA
NA
NA
0.197
0.503
1
NA
NA
0.784
1
0.511
NA
NA
NA
NA
NA
NA
NA
NA
NA
NA
NA
NA
0.461
NA
NA
NA
NA
0.421
NA
0.255
NA
0.619
NA
NA
NA
NA
NA
NA
NA
NA
NA
NA
NA
NA
NA
NA
NA
0.229
NA
0.499
0.661
0.494
NA
0.446
0.199
0.167
0.422
0.788
0.177
0.361
0.207
NA
NA
0.664
NA
NA
NA
0.509
NA
NA
NA
NA
NA
NA
NA
NA
0.227
NA
NA
0.545
NA
0.183
NA
NA
NA
NA
NA
NA
NA
NA
0.558
NA
NA
0.716
0.17
0.564
0.476
0.435
0.53
NA
0.58
0.246
0.484
NA
0.85
NA
NA
0.314
0.603
0.413
1
1
0.305
NA
NA
NA
NA
NA
NA
NA
NA
NA
NA
0.171
NA
NA
NA
NA
0.351
NA
1
0.566
NA
NA
0.863
0.837
NA
NA
NA
NA
NA
NA
NA
NA
NA
NA
NA
0.512
0.248
0.675
0.576
0.215
0.422
0.495
NA
0.275
NA
NA
NA
NA
NA
NA
1
0.661
0.118
1
0.233
0.318
NA
NA
NA
NA
0.805
NA
NA
NA
0.232
NA
NA
0.59
NA
NA
0.203
0.147
NA
0.275
0.459
0.547
NA
NA
0.474
0.423
0.295
NA
0.463
0.344
0.507
0.449
1
NA
NA
NA
NA
NA
NA
0.681
0.486
NA
0.296
0.412
0.31
NA
0.57
1
0.244
0.323
0.503
0.615
NA
NA
NA
NA
NA
NA
NA
NA
NA
0.814
0.963
0.232
NA
0.34
0.546
0.212
0.14
0.491
NA
NA
NA
NA
NA
NA
0.257
0.792
NA
0.236
0.214
0.445
0.227
0.352
NA
NA
NA
0.425
NA
NA
NA
0.181
NA
NA
NA
NA
NA
1
NA
NA
NA
NA
NA
0.235
0.312
NA
0.233
0.154
0.187
0.483
0.513
0.461
1
0.431
NA
0.502
0.352
1
NA
0.6
0.356
NA
0.545
0.591
NA
NA
NA
0.589
NA
NA
NA
0.079
NA
0.582
0.232
0.512
0.781
0.376
NA
0.665
NA
0.542
NA
NA
0.597
0.532
0.305
NA
0.687
0.535
NA
NA
NA
1
1
0.431
0.381
NA
0.332
NA
0.262
0.318
NA
0.296
NA
NA
NA
0.359
0.635
NA
NA
NA
0.229
0.336
NA
NA
NA
NA
1
0.248
NA
0.444
0.259
0.446
NA
NA
NA
NA
0.483
NA
NA
NA
NA
0.425
0.447
0.948
NA
NA
NA
NA
1
NA
NA
NA
NA
NA
NA
NA
NA
NA
NA
NA
NA
NA
0.29
0.244
NA
0.541
NA
0.282
NA
0.832
0.544
NA
NA
NA
NA
NA
NA
0.521
0.784
NA
NA
0.249
0.178
NA
NA
NA
NA
NA
NA
0.398
NA
NA
0.57
NA
0.6
1
NA
NA
0.425
NA
NA
0.661
0.626
1
0.346
NA
0.422
NA
0.379
NA
0.784
0.388
NA
NA
NA
NA
0.768
0.285
NA
0.364
0.581
0.58
NA
NA
0.626
NA
NA
NA
NA
NA
0.321
NA
0.332
0.671
NA
NA
NA
0.548
0.548
NA
0.724
NA
NA
NA
0.537
0.392
NA
NA
NA
0.459
NA
NA
NA
NA
0.573
0.739
NA
NA
NA
NA
0.404
NA
0.589
0.722
NA
NA
0.571
NA
0.451
0.439
NA
NA
NA
0.234
0.477
NA
NA
0.244
NA
NA
NA
NA
NA
NA
NA
NA
0.445
NA
0.455
NA
NA
NA
NA
0.584
NA
NA
NA
0.545
0.442
NA
0.502
NA
NA
NA
NA
NA
NA
NA
NA
NA
NA
NA
NA
NA
NA
NA
0.332
NA
NA
NA
0.761
NA
NA
NA
0.458
0.561
0.498
NA
0.297
NA
0.456
0.344
NA
0.506
0.435
0.441
NA
NA
NA
NA
NA
0.244
NA
0.492
NA
NA
NA
NA
NA
NA
NA
NA
NA
NA
NA
NA
NA
0.24
NA
NA
NA
NA
NA
NA
NA
NA
NA
NA
NA
NA
0.413
NA
NA
NA
0.262
NA
NA
0.438
1
0.791
NA
0.661
NA
NA
NA
NA
NA
NA
NA
NA
1
1
NA
NA
NA
NA
NA
NA
NA
NA
NA
NA
NA
NA
NA
NA
NA
NA
0.784
NA
0.28
0.755
NA
NA
NA
NA
NA
NA
NA
NA
NA
NA
0.495
NA
NA
NA
NA
0.784
NA
NA
NA
NA
NA
NA
NA
NA
NA
NA
NA
NA
NA
NA
NA
NA
NA
NA
NA
NA
NA
NA
0.719
NA
NA
NA
NA
0.635
0.429
0.301
NA
NA
0.86
NA
NA
NA
NA
0.327
NA
NA
0.401
0.593
NA
NA
0.428
NA
NA
0.515
NA
NA
0.335
NA
NA
NA
0.125
0.196
NA
NA
NA
NA
NA
NA
0.867
0.089
1
NA
NA
NA
0.479
NA
NA
NA
NA
0.337
0.337
NA
NA
NA
0.653
NA
NA
NA
NA
NA
NA
NA
NA
NA
NA
NA
NA
NA
NA
NA
NA
0.164
NA
0.425
NA
NA
NA
NA
NA
NA
NA
NA
NA
NA
NA
NA
NA
NA
NA
NA
NA
NA
NA
NA
NA
NA
NA
0.338
0.547
NA
0.413
0.784
0.784
NA
NA
NA
NA
NA
NA
NA
NA
NA
NA
NA
0.582
NA
0.169
0.421
NA
0.499
NA
NA
NA
NA
NA
NA
NA
NA
NA
NA
NA
NA
NA
NA
0.704
NA
NA
NA
NA
NA
NA
NA
NA
NA
NA
NA
NA
NA
NA
0.284
NA
NA
NA
NA
NA
0.234
NA
NA
NA
NA
NA
NA
NA
NA
NA
NA
NA
NA
NA
NA
NA
NA
NA
NA
NA
NA
0.688
NA
NA
NA
NA
NA
NA
NA
NA
NA
NA
NA
NA
NA
NA
NA
NA
NA
NA
NA
NA
NA
NA
0.517
NA
NA
NA
NA
NA
NA
NA
NA
NA
NA
0.725
0.676
0.405
NA
0.213
NA
NA
NA
NA
NA
NA
0.362
NA
NA
NA
NA
NA
NA
NA
NA
NA
NA
NA
NA
NA
NA
NA
NA
NA
0.149
0.119
NA
0.696
NA
NA
0.528
NA
NA
0.414
0.277
NA
NA
NA
NA
NA
NA
NA
NA
NA
NA
NA
NA
NA
NA
0.437
NA
0.235
NA
NA
NA
NA
NA
NA
NA
NA
NA
NA
NA
NA
NA
0.202
0.208
NA
NA
NA
NA
NA
NA
NA
NA
NA
NA
NA
0.63
0.233
NA
NA
NA
NA
NA
NA
NA
0.621
NA
NA
NA
0.629
NA
NA
NA
NA
NA
NA
NA
NA
NA
NA
NA
NA
NA
NA
NA
NA
NA
NA
NA
NA
NA
NA
NA
NA
NA
0.275
NA
NA
0.358
0.372
NA
0.688
NA
NA
NA
NA
NA
NA
NA
NA
NA
NA
NA
NA
NA
0.32
NA
NA
NA
NA
NA
0.527
NA
NA
NA
NA
NA
NA
NA
NA
NA
NA
NA
NA
NA
NA
NA
NA
NA
NA
NA
NA
NA
NA
NA
NA
NA
NA
NA
NA
NA
NA
NA
NA
NA
NA
NA
NA
NA
NA
NA
NA
NA
NA
NA
NA
NA
NA
NA
NA
NA
NA
NA
NA
0.87
NA
NA
NA
NA
NA
NA
NA
NA
NA
NA
NA
NA
NA
NA
NA
0.459
0.445
0.305
0.4
NA
0.689
NA
NA
NA
0.191
NA
NA
NA
0.166
NA
NA
NA
NA
NA
0.294
0.801
NA
NA
NA
NA
NA
NA
0.496
NA
NA
NA
NA
NA
NA
NA
NA
NA
NA
NA
NA
0.602
NA
NA
NA
NA
NA
NA
NA
NA
NA
NA
NA
NA
NA
NA
NA
NA
NA
NA
NA
NA
NA
NA
NA
NA
NA
NA
NA
NA
NA
NA
NA
NA
NA
NA
NA
NA
NA
NA
NA
NA
NA
NA
NA
NA
NA
NA
NA
NA
NA
1
0.271
0.519
NA
NA
NA
NA
NA
NA
NA
NA
NA
NA
NA
NA
NA
NA
NA
1
NA
NA
NA
NA
NA
NA
NA
NA
NA
NA
NA
NA
NA
NA
NA
NA
0.589
0.62
0.412
0.33
NA
NA
NA
NA
NA
NA
NA
NA
NA
NA
NA
NA
NA
NA
NA
NA
NA
NA
NA
NA
NA
NA
NA
NA
NA
NA
NA
NA
NA
NA
NA
NA
NA
NA
NA
NA
NA
NA
NA
NA
NA
NA
NA
NA
NA
NA
NA
NA
NA
NA
NA
NA
NA
NA
NA
NA
NA
NA
NA
NA
NA
NA
NA
0.748
0.633
NA
NA
NA
0.136
0.141
NA
NA
NA
NA
0.31
NA
0.889
NA
NA
NA
0.511
NA
NA
NA
NA
NA
NA
NA
NA
NA
NA
NA
NA
NA
NA
NA
NA
1
NA
NA
NA
NA
NA
NA
NA
NA
NA
NA
NA
0.647
NA
NA
NA
0.192
NA
NA
NA
NA
NA
NA
NA
0.2
NA
NA
NA
NA
0.802
NA
NA
NA
NA
NA
NA
NA
NA
0.784
NA
NA
NA
NA
NA
NA
0.643
NA
NA
NA
NA
NA
NA
NA
NA
NA
NA
NA
NA
NA
NA
NA
NA
NA
NA
0.521
0.838
0.623
0.891
0.656
NA
NA
NA
NA
NA
0.244
0.499
NA
NA
NA
NA
NA
0.425
NA
NA
NA
NA
NA
NA
NA
NA
NA
0.276
0.731
0.234
0.097
NA
NA
NA
NA
NA
NA
NA
NA
NA
NA
NA
NA
NA
NA
NA
0.233
NA
NA
NA
NA
NA
NA
0.702
NA
NA
NA
NA
NA
NA
NA
NA
NA
0.189
0.688
NA
0.244
0.193
0.245
NA
NA
NA
NA
0.341
NA
NA
NA
NA
NA
NA
NA
NA
NA
NA
NA
NA
NA
0.621
0.307
0.244
NA
NA
NA
NA
NA
NA
NA
NA
NA
NA
NA
NA
NA
NA
0.305
0.503
NA
NA
1
NA
NA
NA
NA
NA
NA
NA
NA
0.318
0.525
NA
NA
0.734
0.608
0.519
NA
0.491
0.299
NA
NA
NA
0.663
NA
NA
NA
NA
NA
NA
NA
NA
NA
NA
0.425
NA
NA
NA
NA
NA
NA
0.445
NA
NA
NA
NA
NA
NA
0.314
0.506
0.784
NA
NA
0.325
0.445
0.472
NA
NA
NA
NA
NA
0.472
0.588
NA
0.479
0.555
NA
0.436
NA
NA
0.52
NA
1
NA
0.395
NA
0.335
0.719
0.62
NA
NA
NA
NA
NA
NA
NA
NA
NA
NA
NA
0.361
NA
NA
NA
NA
NA
NA
0.685
0.595
0.582
1
NA
NA
NA
NA
NA
NA
NA
NA
NA
NA
NA
NA
NA
NA
NA
NA
NA
NA
NA
0.543
NA
NA
NA
NA
NA
NA
NA
NA
NA
NA
NA
NA
NA
NA
NA
NA
0.305
NA
NA
NA
NA
NA
0.676
NA
0.647
NA
NA
NA
NA
NA
NA
0.301
NA
NA
NA
NA
NA
0.451
NA
0.309
0.339
NA
NA
NA
0.624
0.715
0.212
0.363
NA
0.734
NA
NA
NA
NA
NA
NA
NA
NA
NA
NA
0.763
0.584
0.514
NA
NA
NA
NA
NA
NA
NA
NA
NA
NA
NA
0.499
0.652
0.529
NA
NA
0.644
NA
NA
NA
NA
NA
NA
NA
NA
NA
NA
NA
NA
0.7
0.485
NA
NA
NA
NA
0.682
NA
NA
NA
0.484
NA
NA
NA
0.261
NA
NA
NA
0.101
NA
NA
NA
0.915
NA
NA
0.171
0.87
0.307
NA
0.662
1
0.319
NA
0.267
NA
NA
NA
NA
0.625
1
0.332
NA
NA
0.581
NA
NA
NA
NA
NA
NA
NA
NA
0.244
NA
NA
NA
NA
NA
0.448
NA
0.505
0.416
0.346
0.585
0.747
NA
NA
NA
NA
0.348
NA
0.417
1
NA
NA
0.318
NA
NA
NA
0.687
NA
NA
NA
NA
0.506
NA
NA
NA
NA
NA
NA
NA
NA
0.761
NA
NA
NA
NA
NA
NA
NA
NA
NA
NA
0.231
0.356
NA
NA
NA
1
0.191
0.779
NA
0.448
NA
NA
0.505
NA
0.311
0.79
0.625
0.276
NA
NA
NA
NA
NA
NA
NA
NA
0.505
NA
NA
0.188
NA
0.314
NA
NA
NA
0.289
NA
NA
NA
NA
NA
0.502
0.657
0.67
NA
0.303
NA
NA
NA
NA
NA
0.4
0.42
NA
NA
NA
NA
NA
NA
NA
NA
NA
NA
NA
0.803
0.817
0.203
0.157
NA
NA
0.687
0.65
NA
0.425
NA
NA
NA
0.312
0.792
0.166
NA
NA
NA
1
0.359
NA
NA
NA
0.235
NA
0.23
0.262
NA
NA
NA
NA
NA
NA
NA
0.36
0.788
0.433
NA
NA
0.474
0.618
NA
NA
NA
0.74
NA
0.552
0.477
NA
0.218
0.477
0.236
0.812
NA
0.506
NA
NA
NA
NA
0.464
NA
0.788
NA
0.565
NA
NA
NA
0.447
NA
0.559
NA
0.383
NA
NA
NA
NA
NA
NA
NA
NA
0.391
0.554
0.482
0.413
0.292
NA
NA
NA
NA
1
NA
NA
NA
NA
NA
NA
NA
NA
NA
NA
NA
NA
NA
NA
NA
NA
NA
NA
NA
NA
0.714
0.305
NA
0.108
0.809
NA
NA
0.523
0.488
NA
0.188
0.608
NA
NA
NA
NA
NA
NA
NA
0.369
0.784
NA
0.739
NA
NA
0.275
NA
NA
0.656
1
0.784
NA
NA
0.538
0.663
0.704
NA
NA
NA
0.6
NA
0.508
NA
0.748
NA
NA
NA
NA
NA
NA
0.76
NA
0.362
NA
0.468
NA
NA
NA
NA
NA
NA
NA
NA
NA
0.483
NA
1
0.634
NA
0.533
0.16
0.621
0.305
NA
NA
NA
0.343
0.663
NA
NA
NA
0.498
NA
0.798
0.453
NA
NA
NA
NA
0.356
0.425
0.15
NA
0.143
NA
NA
NA
NA
NA
NA
NA
NA
0.628
0.395
0.322
0.506
NA
NA
0.596
0.441
NA
0.316
NA
NA
NA
0.152
NA
NA
NA
NA
NA
0.203
NA
NA
NA
NA
NA
0.558
NA
0.568
NA
0.594
NA
1
NA
NA
NA
NA
NA
NA
0.6
0.143
NA
NA
0.425
0.425
0.53
0.335
NA
0.245
NA
NA
0.444
NA
0.54
NA
0.402
NA
NA
NA
NA
NA
NA
0.284
NA
0.288
0.489
0.163
NA
NA
0.702
0.552
NA
NA
1
0.5
NA
0.429
0.61
NA
0.715
0.688
0.645
0.141
NA
0.61
NA
NA
NA
0.494
0.234
NA
NA
NA
NA
0.932
NA
NA
NA
NA
NA
NA
NA
NA
NA
NA
NA
NA
NA
NA
0.422
NA
NA
NA
0.236
0.495
NA
NA
NA
NA
0.52
NA
NA
NA
1
NA
0.623
0.713
0.852
NA
NA
NA
NA
NA
NA
NA
0.741
0.191
NA
NA
NA
0.613
0.349
0.6
NA
NA
NA
NA
NA
NA
NA
NA
1
0.657
0.469
NA
NA
NA
NA
NA
0.713
NA
NA
0.596
NA
NA
0.46
0.436
NA
NA
NA
0.503
NA
NA
NA
NA
0.296
0.409
NA
1
NA
NA
NA
NA
NA
0.379
NA
NA
NA
NA
NA
NA
NA
NA
NA
NA
NA
0.532
NA
0.583
NA
NA
0.784
0.191
NA
NA
NA
NA
NA
NA
NA
NA
NA
NA
NA
NA
NA
0.285
0.784
NA
NA
NA
0.207
NA
NA
NA
NA
NA
NA
0.309
NA
0.095
NA
NA
NA
0.634
NA
NA
NA
NA
NA
NA
NA
NA
NA
NA
NA
NA
0.716
0.272
NA
NA
NA
0.574
NA
NA
NA
NA
NA
NA
NA
NA
NA
NA
NA
NA
0.403
NA
NA
NA
NA
NA
NA
NA
NA
NA
0.55
NA
NA
NA
NA
NA
NA
0.179
NA
0.678
0.824
NA
0.601
NA
0.305
NA
NA
NA
0.903
0.191
NA
0.381
0.305
0.489
NA
NA
0.529
NA
NA
NA
0.506
NA
NA
NA
NA
0.492
0.407
NA
NA
NA
NA
NA
NA
NA
NA
NA
0.324
NA
0.507
NA
NA
0.742
NA
0.437
NA
NA
NA
NA
NA
0.406
NA
0.577
0.818
NA
NA
NA
NA
NA
NA
NA
NA
0.597
0.398
0.319
NA
0.614
NA
NA
NA
NA
0.555
NA
NA
NA
0.269
0.233
NA
NA
NA
NA
NA
NA
NA
NA
NA
NA
0.606
0.74
0.203
NA
NA
NA
NA
NA
NA
NA
0.517
NA
0.516
0.503
0.643
0.461
NA
NA
0.482
0.454
0.623
NA
NA
NA
NA
NA
NA
0.467
NA
NA
NA
NA
NA
0.314
NA
0.305
NA
NA
0.125
0.081
NA
NA
NA
NA
NA
NA
NA
NA
0.179
0.112
NA
0.419
NA
0.621
NA
NA
NA
0.234
NA
NA
NA
NA
0.572
0.314
NA
NA
NA
NA
NA
0.203
NA
NA
NA
NA
NA
NA
NA
0.217
0.211
0.222
NA
0.345
NA
0.444
0.567
0.576
NA
NA
NA
NA
NA
NA
NA
NA
0.489
0.606
0.724
NA
0.704
NA
NA
NA
NA
NA
NA
NA
NA
NA
NA
0.709
NA
NA
NA
NA
0.381
NA
NA
NA
NA
NA
NA
NA
NA
NA
NA
0.643
0.754
NA
NA
NA
NA
NA
NA
0.854
0.454
NA
NA
NA
NA
NA
NA
NA
NA
NA
0.162
0.211
0.522
NA
NA
NA
NA
NA
NA
NA
NA
NA
0.163
NA
NA
NA
NA
NA
NA
NA
NA
NA
NA
0.548
NA
0.586
0.501
0.584
NA
NA
NA
NA
NA
NA
NA
NA
NA
NA
NA
NA
NA
NA
NA
NA
NA
NA
NA
NA
NA
NA
NA
NA
0.704
NA
NA
NA
0.507
NA
NA
NA
0.658
1
NA
NA
0.203
NA
0.615
NA
0.163
NA
NA
NA
NA
NA
NA
NA
0.229
0.503
NA
NA
0.502
NA
NA
0.497
NA
NA
0.5
NA
NA
NA
NA
0.348
NA
NA
NA
0.643
NA
0.684
NA
NA
NA
NA
NA
0.653
NA
NA
NA
NA
NA
0.189
NA
NA
0.304
NA
NA
0.759
NA
NA
NA
0.649
0.227
0.435
0.235
NA
NA
NA
0.53
NA
NA
NA
NA
NA
0.305
NA
0.558
0.524
NA
0.527
NA
NA
NA
0.14
NA
0.234
NA
0.514
NA
NA
0.854
0.514
0.518
NA
0.234
NA
NA
NA
NA
0.581
NA
0.706
NA
NA
NA
NA
0.356
0.397
NA
NA
0.255
0.418
NA
0.318
NA
0.441
NA
NA
NA
NA
NA
NA
NA
NA
NA
0.655
NA
0.372
NA
0.602
NA
NA
0.206
0.184
0.446
NA
NA
NA
NA
NA
NA
NA
NA
NA
NA
NA
0.819
0.244
NA
1
NA
0.715
NA
NA
NA
NA
NA
NA
NA
NA
NA
NA
NA
NA
NA
0.554
NA
0.708
0.318
0.32
NA
NA
0.769
NA
0.514
0.275
0.294
NA
0.704
0.426
0.367
NA
0.371
NA
0.234
NA
NA
NA
NA
0.374
NA
0.702
NA
NA
NA
NA
0.391
NA
NA
NA
NA
NA
NA
0.455
0.708
NA
0.499
NA
NA
NA
0.718
NA
NA
NA
0.325
NA
NA
NA
NA
NA
NA
NA
NA
NA
NA
NA
NA
