1
1
0.728
0.544
0.562
0.62
0.636
0.682
0.532
1
0.743
0.797
0.601
1
NA
0.795
0.64
0.771
0.712
0.713
1
0.529
0.625
0.682
0.658
0.502
0.662
0.613
0.701
0.66
0.739
0.429
0.588
0.697
NA
NA
NA
NA
1
0.668
0.992
0.745
0.874
1
0.444
0.62
0.702
0.789
1
1
1
NA
1
NA
0.515
NA
1
0.454
0.701
0.7
0.607
0.611
0.513
0.672
NA
0.662
0.614
NA
0.79
0.598
NA
NA
NA
NA
NA
NA
NA
NA
NA
1
NA
1
1
1
1
1
NA
0.276
0.167
0.711
NA
0.829
1
0.59
0.643
0.58
0.701
0.595
0.595
0.595
0.595
1
NA
NA
NA
NA
NA
0.608
NA
0.633
1
0.76
NA
0.919
0.919
0.709
0.451
1
0.787
0.584
0.154
0.709
1
0.245
1
NA
0.907
0.268
NA
0.561
NA
1
0.892
1
0.254
0.875
0.3
0.425
0.44
0.257
0.554
0.479
0.287
0.44
1
1
1
0.407
0.325
0.705
0.627
0.652
1
1
1
1
1
1
1
1
1
NA
0.536
0.527
0.508
0.535
0.559
0.561
0.496
1
0.626
0.641
0.641
1
0.636
0.549
0.318
0.619
0.586
0.689
1
0.593
0.571
0.515
0.747
0.432
0.563
1
0.613
0.134
0.737
0.534
1
0.738
0.662
NA
NA
NA
NA
0.787
0.618
0.699
1
0.739
0.884
0.767
0.64
NA
1
1
1
0.448
0.266
0.579
0.511
0.502
0.528
0.564
1
0.498
1
0.435
0.375
0.525
0.572
0.164
0.547
0.72
0.521
0.525
0.594
0.63
0.655
0.689
0.671
NA
0.812
0.641
0.509
0.667
0.664
1
NA
NA
0.528
0.705
0.718
NA
1
1
1
1
1
1
1
1
0.723
0.837
0.873
0.61
0.589
1
0.603
1
1
1
1
1
1
0.222
1
0.504
0.579
0.429
0.608
0.606
0.653
NA
NA
0.328
0.403
NA
0.882
0.986
1
NA
1
0.716
0.666
0.56
NA
1
0.364
0.624
0.648
0.671
0.485
0.748
0.67
0.615
0.59
0.843
0.739
0.785
NA
NA
0.671
0.608
0.558
1
1
1
1
1
NA
NA
0.598
0.631
0.573
0.502
0.622
0.468
0.725
1
0.554
0.483
0.5
1
0.587
0.602
0.559
1
0.593
0.641
0.641
0.641
0.641
NA
0.666
0.568
0.644
0.756
1
1
0.409
0.58
1
0.88
0.789
1
1
1
1
1
1
0.645
NA
0.576
0.637
0.592
0.621
0.487
0.48
NA
0.539
0.579
0.569
0.655
1
1
1
0.528
1
0.465
1
0.894
NA
0.218
1
0.579
0.722
1
0.393
1
0.339
1
0.804
0.818
0.601
0.816
0.664
1
0.576
0.356
0.608
1
NA
NA
0.768
0.8
0.506
1
0.507
1
1
1
1
1
0.196
0.678
0.76
0.736
0.638
NA
0.047
1
0.639
1
1
1
0.71
0.67
0.655
1
1
NA
0.598
0.66
0.668
0.762
0.575
0.67
0.67
0.646
0.553
1
1
0.493
0.498
0.51
0.521
1
0.514
NA
0.503
1
1
0.634
0.756
0.763
0.682
1
NA
NA
0.204
NA
0.762
NA
0.759
0.451
1
0.401
0.267
0.324
0.649
1
0.53
0.468
0.605
0.5
0.496
0.547
0.593
0.86
1
0.669
0.631
0.628
0.509
0.209
NA
0.656
0.615
0.74
0.595
0.655
NA
0.946
1
1
1
1
1
1
0.576
NA
0.438
0.371
NA
1
0.71
NA
0.696
0.894
0.614
0.269
NA
1
1
1
NA
NA
0.643
0.913
0.543
NA
1
0.675
0.752
1
1
1
0.434
0.633
0.725
0.65
0.605
0.465
0.582
0.704
0.627
0.613
0.567
0.55
0.51
0.72
0.639
0.596
0.528
0.618
1
0.78
0.684
0.713
1
0.658
0.908
1
NA
0.901
0.745
0.634
0.83
0.61
0.687
0.839
0.91
0.789
0.817
0.813
0.607
0.616
0.649
1
0.59
0.738
0.622
0.566
0.654
1
0.608
0.768
0.669
0.734
0.692
0.471
0.578
0.523
0.508
0.38
NA
NA
NA
NA
0.532
0.554
0.656
0.735
0.726
1
1
0.664
0.657
0.58
0.546
0.56
0.686
0.49
NA
0.661
0.898
0.389
0.601
0.31
0.157
1
1
1
1
1
1
1
1
1
0.828
0.711
0.803
1
0.79
0.718
NA
1
0.729
0.748
1
0.905
0.591
1
0.706
0.685
1
1
1
0.454
0.203
0.074
0.62
0.538
0.373
0.884
0.14
0.56
0.587
0.587
0.484
1
1
1
NA
0.576
0.771
0.688
0.792
0.706
0.685
0.645
0.602
0.685
0.46
0.824
0.598
0.587
0.63
0.667
0.703
0.685
0.754
0.742
1
0.786
0.671
0.572
1
0.38
0.931
0.574
1
0
0.487
0.554
0.553
0.558
1
1
0.517
0.358
1
0.641
0.641
0.253
0.569
1
0.561
0.442
0.635
1
1
1
0.503
0.518
0.834
0.638
1
1
1
NA
0.603
0.603
NA
0.634
0.603
1
0.757
0.376
0.424
0.402
0.244
0.423
0.313
0.58
0.551
NA
1
1
0.726
0.519
0.579
0.575
0.495
0.533
0.562
0.671
0.596
0.606
0.692
0.629
0.592
0.484
0.865
0.553
0.62
0.619
0.783
0.892
0.505
0.502
0.26
0.605
0.937
0.622
1
0.571
0.642
0.475
0.585
0.572
0.514
0.539
0.602
0.398
0.657
0.746
0.163
0.163
0.568
1
0.509
NA
0.858
0.409
0.768
0.311
1
0.667
0.655
1
1
0.535
0.551
0.436
0.521
0.509
1
0.486
0.607
1
0.756
0.568
1
0.828
0.668
1
NA
NA
NA
NA
1
0.629
1
1
0.644
0.933
0.819
0.633
1
1
1
1
1
1
1
1
1
1
1
0.302
NA
NA
1
0.534
0.85
0.612
NA
0.557
NA
0.611
0.549
1
0.723
1
0.623
0.34
1
0.416
0.43
NA
NA
NA
NA
NA
NA
1
0.413
0.49
NA
0.492
0.737
0.612
1
1
0.235
0.636
NA
NA
1
1
0.848
1
1
NA
0.71
1
0.585
NA
0.579
0.764
0.605
NA
0.602
0.609
0.41
0.501
0.495
0.121
0.562
0.505
0.03
NA
NA
NA
0.667
0.238
0.761
0.708
1
0.807
NA
0.586
0.466
0.401
0.587
NA
NA
0.592
0.605
0.616
0.79
0.851
0.704
1
0.634
0.582
NA
0.614
1
1
0.602
1
1
1
1
0.235
1
1
1
0.807
0.654
0.657
0.786
0.523
0.749
0.63
0.719
0.578
0.573
0.743
0.718
0.504
0.621
0.676
0.871
1
0.216
1
0.236
1
0.455
1
1
1
0.746
NA
1
1
1
1
1
1
0.843
0.662
0.571
0.483
0.667
0.701
0.938
1
1
1
0.591
1
0.63
0.617
NA
0.636
0.693
0.499
0.499
0.499
0.499
1
1
NA
1
1
0.708
1
0.473
0.723
0.788
0.728
0.652
0.662
1
1
0.54
0.402
1
1
1
1
1
1
1
1
1
1
1
1
1
0.551
0.56
0.514
0.627
0.596
0.59
0.566
0.56
0.568
0.671
0.594
0.604
0.526
0.323
0.448
NA
1
NA
0.674
0.311
0.746
0.962
0.794
NA
0.72
0.563
1
NA
1
1
1
1
NA
1
1
NA
NA
0.706
1
1
NA
1
0.556
1
0.58
0.564
0.551
0.543
0.514
0.605
NA
1
NA
0.962
1
0.7
0.865
0.61
0.53
0.52
0.504
0.582
1
0.545
0.858
0.832
NA
0.311
0.434
0.481
0.634
0.598
0.598
0.551
0.573
1
1
0.698
NA
1
0.752
1
1
0.661
1
NA
0.754
0.662
0.611
0.558
0.599
0.759
1
NA
0.717
0.235
0.614
0.647
0.614
0.632
NA
0.639
NA
1
0.575
1
0.701
0.571
0.241
0.607
0.566
1
0.71
0.648
0.66
0.678
0.633
0.536
0.689
0.689
1
0.676
0.694
NA
NA
NA
NA
1
1
1
1
0.492
0.957
0.674
0.523
0.62
0.556
0.535
0.641
0.521
0.557
1
0.62
0.565
1
1
1
0.785
0.537
0.89
0.608
1
0.244
NA
0.476
0.517
0.592
0.798
NA
1
0.558
0.079
1
0.789
0.585
0.553
0.67
1
0.898
1
0.797
NA
1
NA
NA
NA
NA
NA
NA
NA
NA
0.381
0.47
1
0.544
0.563
0.527
0.544
1
NA
0.861
NA
0.509
0.504
1
0.593
0.673
0.66
0.606
0.691
0.617
1
0.459
1
1
1
1
1
0.549
0.415
0.52
0.638
0.605
0.536
0.484
0.553
0.685
0.226
0.415
0.415
0.411
NA
NA
NA
NA
0.288
0.347
0.279
NA
NA
0.804
0.831
0.59
0.495
NA
NA
0.595
0.595
0.333
0.705
1
1
1
0.476
1
1
1
1
1
NA
1
NA
1
1
0.765
0.691
0.762
0.559
1
NA
1
1
1
NA
1
0.598
0.719
NA
0.537
0.513
0.546
0.55
0.641
0.641
1
0.491
NA
0.64
0.57
NA
0.857
1
0.142
0.143
0.514
1
1
0.797
0.956
0.857
1
NA
0.742
0.768
NA
NA
1
0.74
0.616
0
NA
NA
0.711
NA
NA
1
1
0.613
1
1
0.664
0.593
0.641
0.3
0.621
0.415
1
0.607
0.546
NA
0.552
0.849
1
1
0.594
1
0.549
0.629
NA
0.346
NA
NA
1
0.72
0.804
0.401
0.759
1
0.575
0.694
0.581
0.657
0.286
0.118
0
0.404
0.843
0.175
1
0.39
0.66
0.425
0.418
0.496
1
0.542
0.392
0.678
0.246
0.246
0.056
NA
NA
1
1
NA
0.1
0
0.056
NA
1
1
1
0.539
0.331
NA
NA
0.517
0.812
0.758
0.608
0.697
0.626
NA
NA
NA
NA
NA
NA
NA
0.467
1
0.383
1
1
0.673
0.317
1
0.839
1
0.269
0.546
0.422
1
0.621
0.683
NA
NA
NA
NA
NA
NA
1
NA
1
1
1
0.559
1
0.065
1
1
1
1
1
0.68
0.638
NA
NA
NA
0.049
1
1
1
1
0.538
1
1
1
1
0
0.366
0.421
0
0
1
1
NA
NA
NA
NA
NA
0.753
1
0.252
NA
NA
NA
NA
NA
0.028
0
0.164
0.598
1
1
NA
0.864
0.129
1
0.753
0.847
1
0.493
0.489
0.594
0.745
0.613
0.512
1
0.624
0.526
0.512
0.496
0.639
0.294
0.51
0.483
0.701
0.65
0.605
0.747
1
0.626
NA
0.716
0.615
0.617
0.409
1
0.742
0.714
0.794
0.491
0.651
0.74
0.71
NA
0.337
0.718
0.612
0.321
0.627
0.445
0.62
0.588
0.492
1
0.51
0.925
0.705
1
0.647
0.605
0.685
0.498
0.723
0.6
0.51
NA
1
1
0.597
0.628
0.572
0.39
0.538
0.432
0.602
1
1
0.435
0.639
NA
0.488
0.385
0.458
0.42
1
0.644
0.686
1
0.634
0.677
0.651
0.68
0.648
NA
0.635
0.644
0.531
0.64
0.581
0.494
NA
0.633
1
0.668
0.64
0.67
0.634
1
1
1
1
NA
1
1
1
1
NA
NA
1
1
1
1
0.69
1
1
1
0.733
1
1
1
1
0.549
1
1
0.605
0.79
1
0.549
0.764
NA
NA
NA
NA
1
0.369
0.523
0.992
1
0.365
1
1
0.753
1
0.753
1
1
0.514
0.707
0.747
1
1
0.384
1
0.739
0.654
0.583
0.681
0.691
0.692
0.693
0.713
1
0.159
0.525
0.454
0.515
0.535
0.441
0.458
0.454
0.483
0.548
0.554
0.54
0.503
0.508
0.482
0.451
0.504
0.227
0.507
0.744
0.222
0.395
0.527
1
0.473
0.725
0.663
0.712
0.5
0.454
0.657
0.583
0.542
NA
1
0.475
1
0.369
0.337
1
1
1
0.569
0.457
1
0.562
1
0.575
0.521
0.87
0.613
0.624
0.757
0.548
NA
0.714
0.528
0.53
0.655
0.683
0.161
0.694
0.73
0.575
0.726
0.627
0.605
0.53
0.664
0.499
0.575
0.634
NA
1
0.698
0.662
0.239
0.586
0.676
0.644
0.662
0.385
0.606
0.811
1
0.584
0.521
0.57
0.477
0.545
0.582
0.67
0.363
NA
0.66
0.346
0.654
0.552
0.54
0.672
0.565
0.565
0.542
0.575
0.092
0.522
0.531
NA
0.063
0.572
0.64
0.616
0.525
0.608
0.559
0.615
0.648
0.618
0.659
0.557
0.577
1
NA
0.611
0.571
1
0.634
0.624
0.659
0.161
0.57
0.501
0.592
0.572
0.55
0.598
NA
0.605
0.695
0.658
0.58
0.536
0.62
0.571
0.612
0.571
0.263
0.658
0.67
0.59
0.789
0.561
0.552
0.629
0.129
0.686
0.591
0.598
0.649
0.538
NA
0.646
0.614
0.719
0.161
0.501
0.591
0.498
0.648
0.827
0.55
0.617
0.16
0.606
NA
NA
NA
NA
0
NA
0.055
0
0.055
0.667
0.667
1
0.667
NA
NA
1
0.641
0.538
1
1
1
1
1
0.287
0.6
0.322
0.641
1
0.914
0.99
0.777
NA
0.914
0.828
0.62
1
NA
1
0.24
0.321
0.324
0.924
0.747
0.594
0.9
0.839
0.689
0.683
NA
1
1
NA
1
0.567
1
0.764
NA
1
0.513
0.7
0.628
0.571
NA
1
0.516
0.546
0.564
0.714
0.602
0.568
0.647
0.649
0.562
0.58
0.551
0.546
0.57
0.554
NA
0.617
0.428
1
1
1
1
0.523
0.564
NA
NA
0.59
0.723
0.569
0.602
0.599
1
1
0.302
1
NA
NA
0.53
0.371
0.63
0.638
0.458
0.597
0.207
0.47
0.693
NA
0.516
0.485
0.506
0.704
0.013
0.26
NA
0.534
0.098
0.443
0.427
0.5
0.563
0.55
0.55
1
1
0.344
0.543
0.465
1
0.555
0.559
0.867
1
0.353
0.477
0.454
0.459
0.504
0.405
0.383
0.5
0.301
0.444
0.65
0.431
0.005
1
NA
0.852
0.005
0.243
0.593
1
1
1
1
1
1
1
1
1
1
0.406
NA
1
0.664
0.667
0.507
1
1
0.455
0.565
0.577
0.549
0.673
0.51
NA
1
NA
1
0.812
0.302
1
1
0.768
NA
1
0.704
1
0.738
0.731
0.592
1
0.765
1
0.601
0.64
0.579
0.547
0.7
0.641
0.641
0.058
0.199
0.641
1
0.595
1
NA
0.581
0.757
1
0.63
0.382
0.178
0.922
1
1
0.567
0.726
0.675
0.794
0.822
0.735
0.554
0.622
0.668
1
1
1
0.757
0.868
0.907
0.615
0.597
0.578
0.626
0.439
NA
1
0.446
0.597
1
0.764
0.771
1
1
1
NA
NA
NA
1
0.453
0.167
0.16
1
0.353
1
0.048
0.55
0.557
0.412
1
NA
1
0.734
0.529
0.465
0.027
0.482
0.467
0.481
0.486
0.097
0.071
1
0.522
0.619
0.536
NA
0.518
NA
NA
0.53
0.594
NA
0.686
1
0.643
0.58
NA
0.258
0.487
0.456
0.572
1
0.601
0.363
0.411
0.556
0.636
0.222
0.555
0.546
1
NA
0.493
0.063
0.496
0.467
0.476
0.57
0.474
0.625
0.222
1
0.54
0.691
1
0.493
0.515
0.027
0.027
0.027
0.441
0.429
0.428
0.084
0.079
1
0.443
0.446
0.087
0.465
0.071
0.443
1
0.551
0.475
0.421
0.5
0.476
0.488
0.47
1
0.463
0.498
0.608
0.576
1
0.495
0.718
1
1
0.545
0.734
0.712
0.575
0.478
0.703
1
1
0.749
0.885
1
0.576
0.567
0.607
0.645
0.642
0.863
0.751
0.574
0.667
1
0.515
0.653
0.626
0.665
1
0.662
0.611
0.608
1
0.578
0.097
0.149
1
1
0.633
0.689
0.574
0.593
0.519
0.646
1
1
1
0.58
1
0.597
0.616
0.581
0.53
0.616
NA
0.587
0.532
0.541
0.653
NA
NA
0.58
0.35
0.358
0.81
1
0.839
0.436
1
1
1
1
1
1
1
1
1
NA
0.685
0.7
1
0.748
0.681
0.728
1
0.714
1
1
0.302
0.795
0.669
0.669
0.483
0.683
1
1
1
1
1
0.642
1
0.939
0.353
0.406
0.649
1
0.747
0.613
NA
0.329
0.686
0.647
1
0.102
1
0.848
0.768
1
1
1
1
1
1
1
0.39
0.426
0.158
NA
0.213
NA
0.124
0.144
0.114
0.136
0.462
0.559
0.475
0.56
1
0.526
0.542
0.516
1
0.713
0.705
0.67
0.604
1
0.809
0.711
0.653
0.624
0.63
0.581
0.601
0.703
0.667
0.638
0.641
1
0.8
1
0.718
0.618
0.679
1
0.569
0.815
0.553
0.754
0.767
0.767
1
0.644
0.847
0.63
0.572
0.599
1
0.671
1
1
0.571
1
0.689
0.605
0.702
1
0.416
0.624
0.701
0.861
0.857
0.856
1
0.796
0.789
0.771
0.796
0.764
1
0.919
0.727
0.683
NA
1
0.695
0.526
0.452
0.805
0.688
0.526
1
0.713
0.642
1
0.707
0.465
0.471
0.501
1
0
0.489
0.53
0.59
0.27
0.528
0.421
0.212
0.516
1
0.49
0.102
1
0.485
0.464
0.489
0.481
0.49
0.819
0.721
0.759
0.766
0.683
0.582
0.506
0.546
0.537
0.628
0.38
0.794
0.701
0.697
0.515
0.384
0.503
NA
NA
NA
0.821
1
NA
NA
0.82
NA
0.708
0.426
0.654
0.485
0.599
0.41
0.41
0
NA
0.798
0.651
0.41
0.41
0.41
0
0.41
0.41
1
0.623
0.469
1
0.614
0.583
0.3
0.56
1
0.687
0.623
1
0.521
0.927
1
NA
0.538
1
1
1
1
0.513
0.518
0.573
0.597
0.641
0.186
0.506
1
0.687
0.527
0.526
0.731
NA
0.527
0.504
NA
0.621
0.524
0.732
0.724
0.146
0.579
1
0.514
0.669
0.676
0.639
0.589
0.516
0.541
0.529
0.602
0.629
0.606
1
1
0.541
NA
0.534
0.579
0.562
0.557
0.546
1
0.543
0.263
0.566
0.566
1
0.686
1
0.636
0.849
0.764
0.787
1
1
0.885
0.622
0.793
0.491
0.535
0.765
1
0.898
0.836
0.689
0.736
1
NA
0.636
1
NA
0.877
NA
NA
NA
NA
NA
0.935
0.91
0.931
0.921
1
0.575
0.415
1
0.563
0.145
0.695
0.633
0.412
0.609
0.394
0.503
1
0.327
1
0.52
0.52
0.757
0.745
NA
0.448
0.851
0.717
0.751
0.854
0.773
0.721
NA
1
0.638
0.647
0.573
1
0.936
0.758
0.803
0.629
0.595
NA
0.641
1
1
NA
0.739
1
0.717
1
0.65
0.767
0.767
0.635
0.647
1
1
1
1
NA
0.497
NA
1
NA
NA
NA
NA
NA
NA
NA
NA
NA
NA
NA
NA
NA
1
0.187
0.107
0.799
1
0.594
NA
0.81
0.669
0.741
NA
NA
NA
NA
NA
NA
NA
NA
1
0.597
0.575
1
0.608
0.473
0.676
0.431
1
0.634
0.64
0.088
0.61
1
0.478
0.587
0.587
1
0.304
0.599
0.322
0.616
0.769
0.57
0.583
0.607
0.684
0.588
0.588
0.529
1
NA
1
1
0.184
1
0.184
0.184
NA
0.69
0.843
0.758
0.758
0.657
0.681
NA
0.687
0.564
1
1
0.644
0.591
0.502
0.535
0.623
0.591
1
0.569
1
0.716
0.69
0.536
1
NA
0.697
0.607
0.623
0.643
1
0.692
0.654
0.679
0.75
0.662
0.659
1
0.782
0.529
0.615
1
0.777
0.735
0.703
1
0.711
0.526
0.693
0.587
0.604
0.578
0.3
0.722
1
0.536
0.653
0.649
1
0.539
1
0.619
0.768
0.527
0.735
1
0.88
0.934
0.546
0.507
0.571
0.688
0.689
0.639
0.371
1
0.912
0.726
1
0.848
1
0.495
0.684
0.705
0.674
0.708
0.647
0.666
0.398
0.552
1
0.629
0.687
0.786
0.644
0.606
1
0.459
0.473
0.581
0.472
0.625
0.646
0.488
1
0.631
0.477
0.523
0.703
0.49
0.466
0.669
0.711
0.692
0.448
0.763
0.168
0.313
0.457
0.479
0.481
0.732
0.571
0.612
0.657
0.622
0.535
0.531
0.507
0.436
0.542
0.451
0.542
1
0.678
1
0.528
0.679
0.83
1
0.502
0.655
0.473
0.703
1
0.519
0.581
0.682
0.697
0.641
1
0.546
0.73
0.749
0.566
0.496
0.87
0.53
NA
0.701
1
0.848
0.708
1
0.853
0.831
0.686
0.584
0.709
0.676
0.933
1
0.871
0.558
0.564
0.663
0.883
1
0.917
0.538
0.615
0.558
0.679
0.628
1
0.412
0.69
0.552
0.897
0.419
1
0.587
0.624
0.421
NA
NA
0.64
0.54
1
0.668
0.112
0.462
0.188
0.966
0.578
0.773
0.113
0.617
0.672
0.63
0.578
0.681
NA
0.748
1
1
0.656
0.821
0.707
0.394
1
0.549
0.601
0.637
1
NA
NA
0.326
1
1
NA
1
1
1
1
1
1
1
1
0.542
0.543
0.539
0.711
0.642
1
0.674
1
0.687
0.514
0.754
0.723
0.78
0.562
0.525
0.802
0.622
0.463
0.632
0.765
0.569
0.523
0.728
0.824
0.593
0.824
1
0.302
NA
0.482
0
0.302
1
0.801
0.302
0.302
0.302
0.302
0
0.302
1
NA
1
0.505
0.649
NA
NA
NA
NA
NA
NA
NA
NA
NA
1
NA
0.657
1
1
0.527
0
0
1
1
1
NA
0.512
0.671
1
1
0.783
0.596
1
0.483
0.794
0.41
0.571
0.583
0.271
0.68
0.605
NA
0.569
0.608
1
0.46
1
NA
NA
1
0.612
0.855
0.406
NA
NA
NA
NA
NA
NA
NA
0.49
0.516
0.563
0.641
0.638
1
NA
NA
NA
1
1
0.435
0.513
0.624
0.585
0.585
0.546
0.08
0.08
0.635
0.747
0.722
0.535
0.406
NA
0.497
0.151
NA
0.103
0.103
0.495
0.617
0.62
1
NA
0.406
NA
NA
NA
1
0.474
0.573
0.103
0.103
NA
1
1
NA
1
1
1
NA
1
1
1
0.302
1
0.601
0.601
0.279
1
0.44
0.444
0.44
0.042
NA
NA
NA
NA
NA
NA
1
0.708
0.824
0.639
1
1
1
0.242
0.246
0.203
0.341
0.655
1
1
1
1
0.715
0.67
NA
NA
NA
NA
NA
0.389
1
0.683
0.716
0.644
0.524
0.552
0.51
0.346
0.502
0.518
0.493
0.489
0.508
0.419
0.508
0.722
0.591
0.606
0.682
0.828
0.686
0.541
1
0.711
0.654
0.58
0.634
0.701
0.547
1
0.639
0.59
1
0.733
0.799
0.845
1
0.586
0.562
0.872
1
1
1
1
1
NA
1
1
NA
0.851
1
0.5
1
0.646
1
0.603
0.635
0.616
0.74
0.646
1
0.696
0.67
0.703
0.526
0.534
0.607
1
0.565
0.601
1
1
0.62
0.559
0.667
1
0.777
1
1
1
0.269
NA
NA
0.747
0.49
1
1
1
0.861
0.861
0.878
0.938
0.624
0.633
0.544
1
0.327
0.536
NA
0.339
0.612
NA
NA
NA
1
0.333
0.537
1
0.625
0.615
0.689
0.885
1
0.561
0.792
0.719
0.623
0.742
0.631
0.672
0.637
0.553
0.587
1
0.524
0.582
0.572
0.591
0.774
0.541
1
0.735
1
0.595
1
NA
0.506
0.735
0.745
0.679
1
1
0.451
NA
1
NA
1
0.76
1
1
1
1
0.523
0.485
0.443
0.523
0.493
NA
0.759
1
1
1
0.514
0.224
NA
1
0.826
0.647
0.757
0.713
0.709
1
1
0.944
0.71
0.587
NA
NA
0.616
0.725
0.566
1
0.506
NA
1
1
0.12
1
0.297
0.183
0.224
0.271
0.178
0.418
1
1
1
1
1
1
0.619
0.812
0.623
1
0.609
0.615
0.333
1
0.509
0.697
0.643
0.447
1
0.395
NA
0.724
0.735
0.748
1
NA
0.81
1
0.81
0.544
0.642
0.581
0.394
0.572
1
0.523
0.565
0.827
1
0.717
NA
NA
NA
NA
0.657
1
0.416
NA
1
1
1
1
1
1
NA
1
0.389
0.279
1
1
0.779
0.471
0.583
0.474
0.41
0.646
0.542
0.518
0.576
1
0.792
1
NA
NA
NA
0.517
0.434
1
0.411
0.411
0.407
0.584
0.771
1
NA
0.796
1
1
0.671
0.661
0.513
NA
0.627
0.363
0.514
0.613
0.687
0.302
1
0.517
1
0.641
0.112
0.61
0.318
0.554
0.712
0.556
0.661
0.646
1
0.773
1
1
1
1
1
0.136
0.667
1
0.69
0.661
0.499
0.577
0.393
1
NA
0.568
0
0.753
0.523
0.504
0.496
0.452
0.477
1
1
1
0.833
1
1
0.686
0.748
1
0.56
0.688
0.745
0.416
0.163
0.284
0.416
0.278
1
0.976
1
0.001
0.001
NA
NA
0.572
0.645
0.555
1
0.592
1
0.504
NA
0.604
0.565
0.671
0.649
0.589
0.686
NA
NA
1
1
NA
NA
NA
NA
NA
NA
0.632
0.713
0.565
1
0.431
1
1
1
0.825
0.658
0.834
0.679
0.716
0.628
0.235
0.235
1
0.235
0.235
0.235
NA
0.652
1
0.877
0.836
0.727
0.628
0.683
0.809
0.907
1
0.809
0.681
0.758
0.855
0.838
0.384
0.74
0.155
1
1
1
1
0.811
0.423
0.688
0.49
0.617
1
NA
1
1
0.633
1
0.707
0.883
1
0.665
0.422
0.518
0.593
1
0.565
0.629
0.72
0.716
0.685
1
1
1
1
0.136
0.708
0.715
1
1
1
1
1
1
1
1
1
1
1
NA
1
1
1
1
0.697
0.45
0.495
0.545
0.661
0.501
0.465
1
0.568
0.64
0.713
1
0.575
1
0.352
1
1
1
1
NA
1
0.986
0.758
0.461
0.47
0.499
0.504
0.469
NA
NA
0.724
1
0.129
1
0.573
0.635
0.565
NA
NA
NA
NA
NA
1
0.632
0.702
0.585
0.796
0.457
0.436
0.467
0.476
0.43
1
0.443
0.48
0.597
0.628
0.909
1
0.488
0.605
NA
0.718
1
0.627
1
0.6
0.346
0.624
0.653
1
1
1
0.402
0.712
1
1
0.536
0.619
0.778
0.79
0.793
0.495
1
1
0.819
0.775
0.685
0.255
1
1
0.316
0.425
1
0.528
0.632
0.581
NA
1
0.615
0.615
0.569
0.725
0
0.592
0.538
1
0.734
0.517
0.524
0.613
0.516
0.535
0.688
0.091
0.567
NA
0.6
0.616
0.659
0.877
0.642
0.475
0.526
0.585
0.633
0.721
0.9
0.807
0.78
0
0.143
0.194
0.31
1
NA
NA
NA
NA
NA
NA
1
1
0.344
0.563
0.538
1
0.287
0.153
0.106
0.287
0.216
0.724
1
1
1
1
1
1
0.566
0.838
1
1
0.889
0.792
NA
NA
0.625
0.851
NA
1
1
NA
1
1
1
0.395
1
0.598
0.663
0.557
0.434
0.486
1
NA
0.451
1
0.753
0.623
NA
NA
NA
NA
1
1
0.742
0.887
0.887
0.894
1
0.7
1
0.211
0.698
1
0.168
1
0.273
NA
1
1
1
NA
1
0.551
NA
NA
0.641
1
1
1
0.582
1
0.621
1
1
1
NA
1
NA
1
1
1
1
0.464
NA
NA
1
1
0.579
0.512
1
0.498
0.743
0.541
0.559
0.078
1
0.48
0.362
1
1
1
1
1
1
1
1
1
NA
1
0.637
0.634
0.718
0.719
0.716
1
NA
NA
NA
1
1
0.828
0.675
0.806
0.479
0.892
NA
0.784
0.714
0.727
0.575
0.577
0.744
1
NA
0.82
0.789
0.839
0.798
0.802
0.724
0.851
0.871
1
NA
0.795
0.624
0.94
1
0.495
NA
1
1
1
1
1
1
1
0.69
NA
1
1
0.369
0.324
0.398
NA
0.299
1
0.172
1
1
1
1
1
1
1
0.235
1
0.77
0.507
0.612
1
0.835
0.448
1
0.521
0.573
0.562
0.785
0.584
0.701
0.673
0.634
1
0.602
NA
0.485
0.315
0.367
0.41
0.602
0.602
0.303
0.424
0.602
0.27
0.312
NA
0.424
0.382
NA
0.602
NA
0.61
0.667
0.667
0.667
1
1
1
1
1
NA
1
1
0.68
NA
NA
1
1
1
NA
NA
NA
NA
0.578
1
0.565
0.555
0.51
NA
0.691
0.072
0.602
1
1
1
1
0.654
1
0.686
0.54
0.636
0.733
0.973
0.646
1
0.701
0.851
1
0.715
0.725
0.67
0.588
1
0.549
0.909
1
0.622
0.74
NA
0.831
1
0.909
0.909
0.857
0.628
1
0.683
0.773
0.579
0.551
1
0.669
0.909
0.689
0.757
NA
1
1
0.615
0.598
0.62
0.933
0.933
0.933
0.657
0.616
1
0.899
0.682
0.667
0.617
NA
0.516
NA
1
0.818
0.715
0.66
0.691
0.73
0.775
0.788
NA
0.67
0.827
1
1
NA
NA
1
1
1
1
0.647
0.509
0.509
0
0.501
1
0.8
1
1
1
1
1
0.439
1
1
0.338
0.657
1
NA
0.656
1
1
0.586
0.434
1
0.536
0.636
0.656
NA
1
0.577
0.578
1
0.898
0.797
0.861
NA
0.562
0.587
0.696
NA
0.669
0.648
0.407
0.472
1
0.155
0.078
0.031
NA
1
0.416
0.401
0.17
0.353
0.81
0.814
1
0.606
0.582
0.561
1
0.688
0.593
0.582
0.03
0.171
1
0.353
0.352
NA
0.424
0.289
0.326
0.36
0.526
1
0.289
1
0.601
0.545
0.675
0.519
NA
0.539
0.547
0.556
0.643
0.455
0.424
0.377
0.377
0.377
0.46
0.572
0.585
1
0.623
0.592
0.628
0.001
0.377
1
0.523
0.575
0.605
0.627
0.721
0.646
1
1
0.136
0.377
0.558
1
0.606
1
0.581
0.624
0.269
0.337
0.78
1
0.383
0.383
0.071
0.163
0.568
0.664
0.461
1
0.213
0.219
0.424
0.689
1
0.573
0.53
0.294
1
0.424
0.123
1
0.527
0.624
0.281
1
0.499
0.503
1
1
NA
NA
NA
NA
0.416
0.416
0.337
1
0.746
0.746
0.714
0.644
0.751
1
1
0.244
0.021
0.641
0.625
0.553
0.666
0.599
0.539
0.5
0.586
0.648
0.5
0.644
0.158
NA
1
NA
0.491
0.566
0.547
1
NA
0.639
0.602
0.382
0.579
NA
NA
NA
NA
0.118
NA
0.054
NA
NA
NA
NA
0.547
0.587
1
1
0.28
1
0.448
0.448
1
0.358
0.621
0.621
0.464
0.36
0.155
NA
1
1
0.693
NA
1
1
0.498
0.646
0.613
1
0.532
0.633
0.576
0.521
0.469
0.459
0.513
0.507
NA
NA
NA
NA
NA
NA
NA
0.581
NA
0.244
0.636
1
1
0.761
0.874
0.638
0.56
0.836
0.517
0.455
NA
0.042
NA
1
0.067
0.265
0.643
0.643
0.51
NA
NA
NA
NA
NA
NA
NA
NA
1
NA
NA
NA
NA
1
1
1
1
1
NA
1
1
1
1
1
1
1
1
1
1
1
0.063
0.018
1
1
1
1
0.688
0.552
1
0.554
0.616
0.593
0.513
0.48
0.452
0.674
0.567
0.536
0.535
0.643
0.574
1
1
0.897
0.079
0.166
1
0.477
0.541
0.489
0.717
1
0.549
0.459
1
0.455
NA
0.538
0.549
0.501
0.493
0.648
1
1
1
1
0.592
0.642
0.626
NA
0.686
0.688
1
0.54
0.639
0.596
0.577
0.545
0.604
0.254
1
0.455
0.403
1
0.332
1
0.068
0.332
0.485
0.338
0.582
0.222
0.22
1
0.134
0.358
0.505
0.185
0.602
0.499
0.472
0.576
0.572
NA
0.638
0.572
0.467
1
0.496
0.509
0.539
0.453
0.478
0.519
1
1
0.326
1
1
1
1
0.556
0.448
NA
0.403
1
0.914
0.57
1
0.577
0.787
1
0.572
0.647
1
0.647
1
1
1
1
1
1
1
1
1
0.609
0.855
0.803
0.488
0.502
0.456
1
0.611
1
0.407
0.489
0.733
0.789
1
NA
NA
NA
NA
NA
NA
1
NA
NA
0.722
NA
1
1
NA
NA
NA
0
1
1
0.673
0.669
NA
1
NA
NA
NA
0.621
0.552
0.416
0.688
0.637
0.395
1
0.771
0.814
1
1
1
0.832
1
NA
1
1
1
0.39
1
0.553
NA
1
0.825
0.719
0.561
0.531
0.551
0.226
0.416
0.416
0.478
0
NA
0.622
1
NA
1
0.495
0.64
1
0.076
1
NA
0.59
0.579
0.627
0.669
0.757
1
0.737
0.757
0.646
0.312
0.513
0.532
1
0.505
1
0.475
0.475
0.475
0
NA
0.969
0.577
0.63
1
1
1
0.333
0.617
0.767
0.486
0.767
0.259
0.132
0.463
NA
NA
0.645
0.591
0.64
0.601
0.681
1
0.763
0.558
0.788
0.472
0.544
0.606
0.745
0.609
1
0.507
0.805
0.782
0.773
0.528
0.528
0.658
0.62
0.446
1
1
0.646
0.601
0.9
NA
0.423
0.68
0.581
1
0.757
0.755
0.551
0.749
0.662
1
0.659
0.545
0.712
0.54
NA
1
0.722
0.487
0.827
0.619
NA
0.11
0
0.33
1
NA
1
0.462
0.232
0.47
0.404
1
0.536
0.577
0.54
0.568
0.641
0.641
0.812
0.641
0.575
0.534
0.506
0.778
0.576
0.619
NA
1
0.733
0.57
0.719
0.741
0.584
1
NA
0.675
1
0.73
0.742
0.662
0.605
0.782
0.803
0.807
0.699
0.677
0.592
0.769
0.791
0.703
0.753
0.818
0.739
1
0.293
0.551
0.443
0.547
0.576
1
1
1
0.556
0.638
NA
0.568
0.283
0.696
0.612
0.687
1
NA
NA
1
0.33
0.594
1
1
1
1
1
1
0.579
0
1
1
0.591
1
1
0.82
0.385
1
0.623
0.82
0.532
0.573
0.819
0.651
0.712
0.942
0.272
NA
0.682
1
0.589
0.692
0.609
1
0.814
0.901
0.754
0.636
0.595
0.579
0.576
0.576
0.576
0.416
0.887
NA
NA
0.746
1
0.863
0.864
0.698
1
0.933
0.65
0.749
1
0.903
1
1
1
0.576
0.576
NA
1
NA
0.409
1
1
0.774
0.607
1
NA
0.343
1
NA
NA
0.508
0.68
1
0.525
0.666
0.601
0.665
1
0.644
0.6
NA
0.748
0.628
0.564
0.532
NA
NA
0.549
1
1
1
1
1
1
0.453
0.988
0.416
0.728
0.855
0.574
0.573
0.459
0.437
0.677
0.531
0.643
0.612
0.633
0.494
0.754
0.643
1
NA
NA
1
1
0.5
0.718
1
0.554
0.67
0.51
0.46
1
NA
1
0.615
0.595
0.524
0.577
1
0.556
1
0.547
0.621
0.518
0.56
0.455
1
0.649
1
0.486
NA
0.45
NA
1
NA
0.603
0.669
1
1
0.567
0.754
0.638
0.599
NA
0.555
1
0.724
0.53
0.528
1
0.612
0.624
1
0.615
0.571
0.509
0.599
0.604
NA
0.589
0.622
0.64
1
0.575
0.602
0.491
0.547
0.55
0.562
0.643
0.658
0.523
0.561
0.563
1
0.557
0.64
0.606
1
0.508
0.558
1
NA
0.508
1
1
0.361
0.59
0.585
0.539
1
0.502
1
1
1
1
1
1
1
0.035
0.154
0.247
0.099
0.206
0.151
0.162
0.254
0.146
NA
0.155
0.403
1
0.14
1
0.543
1
0.551
0.439
1
0.265
0.265
0.265
0.265
0.536
NA
NA
0.665
0.773
0.788
0.715
0.543
1
0.502
0.665
NA
NA
1
NA
0.284
0.848
0.861
1
0.602
0.485
0.503
0.313
0.462
0.562
0.526
0.313
1
1
0
0.004
0.376
0.688
NA
NA
0.637
0.557
0.183
0.559
0.129
0.541
0.129
1
NA
NA
NA
NA
NA
0.474
0.698
0.497
0.519
1
0.59
0.606
0.568
0.586
0.625
0.618
0.504
0.64
0.511
0.513
0.531
0.286
1
1
1
NA
1
0.53
1
0.131
NA
NA
NA
NA
NA
NA
NA
NA
0.719
0.534
0.646
0.639
NA
0.665
1
0.585
0.36
1
0.481
0.348
0.624
0.317
1
0.624
0.624
0.624
0.624
0.624
0.624
0.538
1
0
0
1
1
0.201
0.891
0.519
NA
0.049
0.036
0.107
0.258
0.683
0.389
0.636
0.425
0.644
0.372
0.346
0.271
0.342
1
0.198
0
0
0.52
0.494
0.473
0.47
0.535
NA
1
0.808
1
0.499
0.477
0.701
0.609
NA
0.583
1
0.57
NA
0.615
1
0.646
0.461
0.813
1
0.345
0.77
0.202
0.535
0.462
NA
0.519
0.601
0.491
0.53
0.396
0.591
1
0.578
0.39
0.429
0.001
1
0
0.429
0.544
0.61
0.471
0.198
0.898
1
0.485
1
0.366
0.646
1
1
1
0.377
0.362
0.307
1
0.35
0.332
0.997
1
1
0.409
1
0.854
1
0.292
0.35
0.35
1
1
0.35
0.35
1
1
1
0.336
0.399
NA
NA
NA
1
0.872
1
0.754
0.658
0.557
0.696
1
1
1
1
0.577
0.589
0.586
1
0.609
0.792
1
0.548
0.622
0.69
0.202
1
0
NA
NA
NA
NA
NA
0.433
1
1
0.386
1
0
1
1
1
0.628
0.641
0.689
1
0.327
0.605
0.697
0.562
0.678
0.598
0.892
0.838
0.635
0.505
0.488
0.573
NA
1
0.537
0.454
0.5
0.542
0.556
0.565
1
0.66
0.846
0.591
0.605
0.648
0.549
1
0.545
0.606
0.63
0.47
1
0.791
0.599
0.848
NA
0.616
0.613
0.777
0.655
0.603
0.875
0.747
0.559
0.623
0.502
0.603
0.722
0.597
0.576
0.545
0.575
0.521
0.662
1
0.594
1
0.77
0.594
1
0.511
1
0.721
0.213
0.501
0.554
0.631
0.647
1
0.607
0.7
0.587
0.329
0.765
1
0.761
1
0.533
0.572
0.508
0.531
0.579
NA
NA
NA
NA
NA
NA
NA
0.578
NA
0.551
0.636
1
0.458
0.254
0.454
0.492
0.548
0.789
NA
0.835
1
0.5
0.591
1
0.503
0.692
1
0.434
0.835
0.643
0.667
0.655
0.732
1
0.301
0.522
1
0.189
1
1
0.715
0.583
0.627
0.683
0.705
0.189
0.546
0.536
1
1
0.765
1
1
0.164
1
1
0.689
0.259
NA
0.42
0.519
1
0.984
1
0.606
0.69
0.516
0.457
0.763
0.611
0.061
0
0.483
0.527
0.488
1
0.636
0.639
0.229
0.494
0.708
0.607
0.646
0.488
0.539
NA
0.456
0.659
0.496
0.694
1
0.07
0
0.591
1
0.602
0.574
0.68
0.484
NA
1
0.581
1
0.536
0.283
0.061
0.403
0.522
0.514
0.938
0.74
1
0.481
0.562
0.667
0.532
0.512
0.583
0.657
1
0.616
0.871
0.817
0.723
0.697
0.787
0.778
0.819
NA
1
0.74
0.638
0.808
0.521
0.498
0.703
0.657
0.803
0.723
0.63
1
0.708
1
0.78
1
0.548
1
0.548
1
0.856
1
0.511
0.974
NA
0.558
0.551
0.527
0.486
0.782
0.564
0.493
1
0.808
0.629
1
1
0.438
0.544
1
0.776
1
0.077
0.522
0.453
0.466
0.09
0.335
0.166
0.142
0.907
0.693
0.689
1
0.569
0.443
1
0.489
1
0.835
0.213
1
0.155
0.29
0.506
0.287
0.278
0.201
0.29
0.458
1
NA
0.529
0.567
NA
1
0.431
0.857
1
0.994
0.64
0.297
NA
0.552
0.529
0.509
0.39
0.525
0.496
0.51
0.499
0.824
0.481
0.39
0.527
0.15
0.495
0.493
1
NA
0.492
0.734
0.744
0.552
1
0.519
1
1
0.579
0.652
1
1
0.404
1
0.737
0.653
0.665
0.652
0.744
1
0.662
0.679
0.654
0.572
0.614
0.628
0.951
1
1
1
1
0.619
NA
0.691
0.668
0.619
0.667
0.599
0.752
0.596
1
0.884
0.846
0.375
0.235
0.654
0.618
0.678
0.678
0.627
1
0.736
0.674
1
1
0.654
0.516
0.591
0.08
0.588
0.597
1
0.575
1
1
NA
NA
0.782
1
0.634
0.687
0.856
0.68
0.702
0.603
0.699
0.604
0.533
0.647
1
1
0.323
0.773
0.598
1
NA
1
1
0.887
0.887
1
1
0.887
NA
0.681
0.595
0.68
0.403
0.55
1
NA
0.583
0.585
0.914
0.834
NA
1
NA
NA
NA
NA
NA
NA
NA
0.501
0.884
0.706
NA
NA
0.529
0.563
0.496
0.707
1
1
0
0.165
0.334
1
NA
0.409
0
0.302
0.302
NA
NA
NA
0.466
1
0.506
0.631
0.597
0.606
1
0.748
NA
1
1
0.597
0.452
0.705
0.376
1
0.765
1
NA
NA
0.489
1
0.462
1
1
1
1
1
1
1
1
1
0.053
0.58
0.612
0.608
1
0.484
0.591
NA
1
0.52
NA
NA
0.001
0.659
1
0.81
1
NA
NA
NA
NA
NA
NA
NA
NA
NA
NA
NA
0.416
1
NA
NA
0.27
0.299
0.184
NA
0.576
0.588
0.574
1
1
0.534
1
0.403
0.67
0.701
1
0.907
0.586
0.611
0.437
0.494
0.512
0.591
1
0.54
0.704
0.604
NA
1
0.547
0.376
0.89
1
0.269
0.588
0.619
NA
0.579
0.643
1
0.689
0.597
0.627
1
1
1
0.657
NA
NA
0.462
1
1
1
0.571
1
0.371
1
1
1
1
0.615
0.55
0.447
0.47
NA
1
0.858
0.665
0.747
NA
1
0.612
NA
0.757
0.81
1
1
NA
0.603
0.606
0.637
0.487
0.534
0.565
NA
NA
1
1
0.328
0.639
0.533
0.771
1
0.07
0.624
0.536
NA
0.688
0.576
0.474
0.809
0.834
1
NA
1
0.741
0.623
1
1
1
1
1
1
1
0.546
0.326
1
1
NA
0.511
0.566
0
1
0.725
0.438
0.455
0.47
0.582
0.541
NA
0.58
0.079
1
0.707
NA
0.757
NA
0.705
1
0.802
0.873
0.609
1
NA
0.57
0.569
0.649
0.583
0.397
0.534
0.528
1
0.595
1
0.513
0.596
0.512
0.285
0.498
0.715
0.126
0.604
0.534
0.544
0.558
0.736
0.638
0.612
1
0.541
1
0.641
NA
0.702
0.728
1
0.793
0.567
1
0.823
0.772
0.719
0.522
NA
0.491
0.544
0.558
0.502
0.451
0.488
0.51
0.569
NA
1
1
0.488
0.591
0.568
0.515
0.543
0.65
0.707
0.568
0.737
0.525
0.522
0.493
0.513
0.409
0.58
NA
0.518
0.568
0.6
0.526
0.531
0.557
0.538
NA
0.714
NA
0.729
0.559
0.573
0.758
0.731
0.133
0.571
0.726
0.682
0.682
0.463
0.645
0.611
0.69
0.695
1
0.739
0.553
0.779
0.819
0.748
0.612
0.879
1
0.824
0.591
0.607
0.753
0.626
NA
NA
0.45
0.397
0.576
1
0.594
0.685
0.708
0.579
0.548
0.649
0.509
0.628
0.429
0.602
0.582
0.525
1
0.537
0.458
0.672
0.297
0.661
1
NA
0.561
0.607
0.616
0.892
0.538
0.574
0.539
0.519
0.604
0.572
0.74
NA
0.82
0.801
0.745
0.694
0.696
0.74
0.611
0.798
NA
0.537
0.767
0.826
0.815
1
0.647
0.81
0.789
0.572
NA
1
0.58
NA
0.643
0.805
0.641
0.583
0.612
0.621
0.56
1
0.548
0.583
NA
0.559
1
0.617
0.561
0.754
0.613
0.621
0.661
0.617
0.733
0.729
0.618
NA
1
0.091
0.429
0.579
0.377
0.62
0.62
0.598
0.442
0.502
NA
0.781
0.496
NA
1
0.83
1
0.565
0.525
0.62
0.596
0.499
0.603
0.562
NA
NA
NA
NA
NA
NA
NA
NA
NA
NA
NA
1
0.467
0.317
NA
1
1
1
1
1
1
1
1
1
1
1
1
1
1
1
1
1
1
0.275
NA
0.51
1
NA
1
NA
NA
NA
1
1
0.825
1
0.723
1
0.786
0.786
0.164
1
1
1
1
0.389
0.149
NA
0.05
0.672
0.75
1
0.589
0.669
1
0.361
1
1
1
1
NA
NA
0.81
0.437
0.149
1
0.81
0.81
1
1
NA
0.599
0.604
0.058
1
0.456
0.559
0.799
0.874
1
0.557
1
1
1
1
0.72
1
1
0.901
1
1
1
1
1
1
0.217
1
1
1
1
1
1
0
1
1
1
1
1
1
1
1
1
1
1
1
1
NA
1
1
NA
1
0.065
0.513
0
1
1
NA
1
0
0.5
0.5
1
0.327
0.396
0.274
0.249
1
0.572
0.576
1
0.597
0.548
0.71
0.722
1
0.71
0.638
0.789
0.747
0.722
0.686
0.771
0.697
0.679
0.672
0.809
0.666
1
1
0.659
NA
1
0.802
0.64
0.841
0.841
1
0.821
NA
1
1
NA
0.733
NA
NA
NA
1
0.733
0.812
0.516
1
0.709
0.596
NA
0.598
NA
0.578
0.153
0.609
1
0.676
0.648
0.566
0.58
0.531
0.593
0.659
0.602
1
NA
0.73
0.559
0.561
1
1
1
1
0.81
1
1
0.81
0.375
0.552
1
1
1
1
0.81
1
1
0.81
0.552
1
0.001
1
0.681
0.635
1
0.487
0.529
0.519
0.703
1
0.638
0.462
NA
NA
1
NA
1
1
1
0.425
0.773
0.746
0.746
1
0.593
0.302
0.366
1
0.586
0.508
1
0.668
NA
0.804
1
0.349
0.597
1
NA
0.827
0.827
0.799
0.827
0.744
1
0.593
0.721
1
1
1
1
1
1
0.319
0.107
0.177
0.065
0.029
0.221
NA
1
0.175
0.641
0.533
0.55
0.557
0.419
1
0.394
0.175
0.218
0.641
1
0.439
0.592
NA
NA
NA
NA
NA
NA
NA
NA
NA
NA
NA
NA
NA
0.606
0.391
0.285
0.207
0.553
1
0.022
1
1
1
1
0.639
1
1
1
1
0.434
1
NA
1
1
1
1
0.737
1
NA
0.81
0.81
1
0.542
NA
0.1
1
1
0.343
0.474
NA
0.129
0
0.671
0.024
0.482
1
0.314
1
0.414
1
0.709
1
0.691
0.69
1
0.953
0.806
NA
1
NA
0.651
0.559
1
0.431
0.545
0.614
0.758
0.73
0.818
1
1
0.651
0.419
0.624
0.658
0.613
0.631
1
0.748
0.112
0.626
0.618
0.614
0.643
0.539
0.653
0.55
0.764
NA
0.68
0.752
0.701
0.628
1
0.706
0.64
1
NA
0.302
1
1
1
1
1
1
1
1
1
1
1
1
0.78
0.929
0.833
0.665
NA
1
0.579
0.665
0.712
0.643
0.65
1
0.691
0.626
0.628
1
0.618
0.664
0.543
1
0.547
1
0.448
0.44
0.635
1
1
1
1
1
1
1
0.78
1
0.513
NA
0.587
0.487
0.552
0.563
0.53
0.544
0.53
0.561
NA
NA
1
0.566
0
NA
0.667
0.47
0.543
1
0.584
0.571
0.676
1
0.351
0.621
0.709
0.523
0.756
0.719
0.855
0.856
1
1
0.83
0.876
0.427
1
0.947
1
0.725
0.537
NA
NA
NA
NA
NA
NA
NA
NA
NA
NA
NA
1
0.244
0.307
0
1
0.251
0.244
0.597
0.771
0.594
0.509
0.621
0.608
0.476
1
0.833
0.602
0.572
0.52
0.561
0.684
0.607
0.527
NA
0.62
0.605
0.637
1
0.326
0.707
0.453
0.423
1
0.449
0.449
0.44
0.486
NA
NA
NA
NA
NA
NA
NA
NA
NA
NA
1
1
1
1
1
1
1
1
1
1
NA
1
1
1
1
1
NA
0.761
1
0.361
0.683
1
0.548
0.358
0.516
0.565
0.555
0.614
0.572
0.665
0.699
1
0.609
0.942
0.507
0.727
1
NA
0.08
1
1
0.321
0.601
0.542
1
1
1
1
1
1
NA
1
1
1
1
0.531
0.501
0.807
0.738
0.616
0.734
0.741
0.704
NA
0.6
0.755
NA
0.854
0.811
NA
0.796
1
0.679
0.595
0.201
0.821
0.867
0.578
1
0.853
1
0.888
0.874
0.854
NA
0.634
0.537
0.595
0.587
0.478
0.81
1
0.864
0.616
0.583
0.553
0.583
1
1
1
0.6
0.613
0.784
0.675
0.72
0.693
0.71
1
0.847
0.907
0.591
NA
1
0.579
0.585
0.431
0.329
NA
0.618
0.644
0.668
0.257
0.259
1
1
0.56
NA
NA
NA
NA
NA
NA
0
0
NA
0.232
0
0
NA
0.664
0.127
0.388
0.408
0.496
0.471
0.389
0.369
0.893
0.845
0.062
1
0.676
0.574
0.66
1
0.265
0.345
0.636
0.59
0.447
0.544
0.582
0.613
1
0.436
0.907
0
0.736
0.228
0.602
0.252
1
0.868
0.541
0.527
0.623
0.528
0.529
0.825
0.546
1
1
1
0.596
1
0.564
0.658
0.611
0.179
0.208
0.499
1
0.195
1
0.385
1
NA
NA
0.73
1
0.611
0.361
0.261
0.065
0.923
NA
0.042
0.584
1
0.155
0.813
0.294
0.333
0.365
0.297
1
0.311
0.505
0.617
0.51
0.469
0.505
0.564
0.623
0.387
1
0.511
0.651
0.538
1
1
1
1
1
0.624
1
0.624
0.792
NA
1
1
0.517
1
0.55
0.024
1
1
1
NA
1
0.476
0.557
0.399
0.205
0.309
0.386
0.436
0.529
0.568
0.357
0.387
0.482
0.551
NA
0.444
0.949
0.535
0.423
0.386
0.518
0.544
0.336
0.712
0.406
1
NA
1
0.268
0.375
0.356
0
0.11
0.202
0.079
0.207
1
0.619
1
0.622
0.622
0.622
0.699
0.622
0.625
1
0.521
0.313
1
0.666
0.766
0.812
NA
NA
0.429
0.496
1
0.434
0.338
NA
0.366
1
0
0
0
0
1
NA
1
1
0.681
0.31
NA
1
0.188
0.783
0.653
1
1
0.327
0
0.695
1
0.655
0.642
0.558
0.627
0.808
0.756
0.605
1
0.587
NA
0.688
0.685
0.757
0.541
0.638
1
NA
1
0.616
0.227
0.614
1
1
0.478
0.571
1
NA
NA
NA
NA
NA
NA
0.699
0.673
1
0.671
0.615
0.564
0.543
0.727
0.903
1
0.732
1
1
1
1
1
NA
NA
NA
NA
NA
NA
NA
NA
0.488
NA
0.735
0.81
1
0.668
1
0.77
0.611
0.19
0.265
0.519
0.599
0.617
0.614
0.602
NA
0.501
0.609
0.779
1
NA
0.155
0.155
1
0.918
0.792
0.713
NA
NA
NA
1
0.609
1
0.733
1
NA
0.885
1
0.576
0.557
0.618
0.641
0.341
0.535
0.641
0.179
0.49
0.775
0.407
NA
0.02
0.641
NA
0.53
NA
NA
0.878
1
0.903
1
1
1
1
0.905
0.905
NA
NA
1
NA
1
0.514
0.491
0.476
0.518
0.284
0.457
0.293
0.518
1
0.332
0.356
0
0.392
NA
0.983
NA
0
0.468
0.001
0.001
0.001
0.387
0.557
1
0.511
0.509
0.025
0.62
1
0.45
0.501
0.462
0.402
0.462
0.408
0.447
1
0.609
0.591
1
1
1
1
1
1
1
1
1
1
0.57
NA
0.335
0.556
1
0.77
1
0.642
0.767
0.596
1
0.571
1
0.507
0.485
0.18
0.18
0.833
NA
1
0.776
0.674
0.638
1
1
0.66
NA
1
0.641
NA
0.589
0.496
0.194
NA
NA
NA
NA
NA
1
0.523
0.558
0.516
0.545
1
0.454
NA
0.691
1
0.755
0.684
0.722
0.722
1
1
1
0.667
1
0.595
NA
1
1
0.832
NA
0.544
0.553
0.846
0.049
0.472
0.55
0.613
0.557
0.634
1
1
1
0.172
1
0.499
1
0.533
1
0.525
1
0.348
0.323
0.695
1
0.436
0.436
1
0.544
0.627
0.601
0.651
NA
NA
0.543
0.6
0.675
0.601
0.236
NA
NA
NA
0.664
0.802
1
0.564
0.593
1
NA
1
1
0.639
NA
0.81
0.492
0.731
0.677
0.59
0.556
1
0.666
0.6
0.564
0.446
0.557
1
0.858
0.444
1
0.509
0.738
0.629
0.516
0.487
0.176
1
0.522
1
0.572
1
0.498
0.775
0.546
0.66
0.493
0.519
0.567
0.524
0.527
0.557
NA
0.235
0.719
0.543
0.61
0.572
1
0.454
0.65
0.446
0.607
1
0.435
0.535
0.427
0.49
0.507
0.688
1
0.478
0.067
0.407
0.623
1
1
0.727
0.552
0.953
NA
0.572
1
0.368
0.624
0.111
0.811
1
1
0.111
0.111
1
NA
NA
0.748
0.507
NA
0.523
0.752
0.568
0.526
0.727
0.471
1
0.567
0.734
0.748
0.725
0.603
0.724
0.714
0.674
0.706
0.693
0.46
0.528
1
0.45
0.767
0.431
NA
0.67
0.81
0.558
0.41
0.615
0.575
0.682
0.793
1
0.853
0.695
0.443
0.803
0.763
0.265
0.473
1
1
1
1
1
1
1
1
1
1
1
1
0.521
1
1
0.641
0.62
NA
0.712
0.646
0.505
0.544
NA
NA
1
NA
NA
NA
1
0.996
0.552
1
0.728
0.597
0.688
1
1
1
1
0.604
0.442
1
0.667
0.655
0.673
0.447
0.576
NA
0.507
0.576
0.652
0.665
1
0.658
1
0.642
NA
1
0.588
0.422
0.601
NA
0.618
0.622
1
0.503
0.557
0.652
NA
0.352
NA
NA
NA
0.692
0.63
0.669
0.039
0.642
1
0.843
0.657
0.662
0.62
0.657
0.653
0.646
0.542
0.62
0.722
1
NA
NA
0.387
1
0.606
0.647
1
0.525
0.095
0.522
0.622
0.705
0.302
0.64
NA
0.443
1
0.807
NA
NA
NA
0.641
1
0.518
0.751
0
1
NA
NA
NA
NA
0.808
0.103
0.444
0.533
0.155
0.648
0.792
0.745
0.566
0.526
0.585
1
0.719
0.659
0.658
0.549
0.582
0.62
0.542
0.643
0.556
0.747
0.642
1
NA
1
0.827
1
1
0.674
0.885
0.536
1
1
NA
1
0.885
0.536
1
1
1
0.848
NA
0.659
0.846
0.107
0.385
0.566
0.61
0.466
0.454
0.475
0.526
0.62
0.659
0.52
1
NA
0.512
1
1
0.75
NA
0.929
0.3
0.56
1
1
1
1
0.037
NA
0.537
0.093
0.42
1
NA
1
0.623
1
1
NA
NA
1
0.65
0.717
1
0.281
1
0.587
0.599
0.601
1
0.302
0.654
0.66
NA
0.693
NA
0.641
1
0.727
0.33
NA
0.601
0.451
0.617
NA
0.733
1
0.65
0.375
0.6
1
1
0.302
NA
NA
NA
0.601
0.701
1
0.72
1
0.622
0.232
0.502
1
0.565
0.518
0.578
1
1
1
1
1
0.696
1
0.659
0.634
0.784
0.7
NA
1
0.409
0.522
1
0.652
NA
1
0.627
0.556
1
1
NA
0.24
0.591
0.344
0.568
0.242
0.375
0.471
0.712
0.568
0.584
0.6
0.517
0.442
1
0.466
0.487
1
0.492
1
0.507
0.001
0.453
1
NA
NA
NA
NA
NA
NA
0.511
0.539
1
0
0
1
0.667
1
0.622
1
0.56
0.496
0.503
0.526
NA
NA
NA
NA
NA
NA
NA
NA
1
0.618
NA
0.525
0.31
0.662
0.423
0.606
0.568
0.547
NA
0.587
0.683
NA
0.658
1
1
NA
1
0.587
0.625
0.668
NA
0.611
0.376
0.59
NA
1
0.729
0.831
0.64
0.576
0.599
0.859
0.26
0.721
0.288
0.624
0.918
0.664
0.664
0.575
0.657
0.633
0.515
0.454
0.566
1
0.66
0.606
0.528
0.525
0.571
0.645
0.597
0.538
0.54
0.696
0.671
0.834
0.788
0.748
0.482
0.522
0.588
0.626
0.653
0.676
0.545
0.704
0.743
1
0.532
0.647
0.71
0.782
0.691
NA
0.611
0.65
1
0.805
NA
1
0.649
0.612
1
0.516
0.59
0.712
0.665
0.707
0.697
0.593
0.841
0.641
0.594
0.588
0.759
0.563
0.778
0.753
0.477
NA
NA
NA
0.576
1
0.753
1
0.607
0.683
1
0.624
NA
NA
0.547
1
NA
1
0.871
1
NA
NA
NA
NA
0.861
NA
NA
NA
NA
1
0.757
0.761
0.876
1
0.895
1
0.679
1
0.507
0.509
0.667
0.589
1
1
0.527
0.5
1
0.493
0.454
0.484
0.981
1
0.46
0.48
0.528
1
0.687
0.507
1
0.738
0.841
1
1
1
0.968
0.968
1
0.478
0.588
0.53
0.606
0.55
0.631
0.493
0.768
0.607
1
0.623
0.606
1
1
1
1
0.78
0.552
1
NA
0.793
0.62
0.603
1
1
0.626
0.576
0.733
1
0.613
0.606
0.613
NA
0.926
0.726
0.824
0.793
0.771
0.78
0.76
0.781
0.596
0.756
0.65
0.798
0.663
0.681
0.695
0.751
1
0.745
0.818
0.794
0.652
0.603
0.742
0.761
NA
0.61
0.591
0.793
0.552
0.699
0.659
0.793
0.659
0.692
1
0.501
1
0.414
0.621
0.764
0.636
0.716
1
1
0.83
0.693
0.768
0.596
0.811
0.732
0.784
0.813
0.842
0.848
0.531
0.726
0.925
0.925
1
0.925
1
1
0.501
NA
0.298
0.349
0.582
0.702
NA
0.751
0.63
0.562
0.915
0.503
0.725
0.5
0.84
0.838
0.437
1
1
0.675
0.62
0.537
0.592
0.637
0.515
0.505
1
0.6
0.682
1
0.515
0.53
0.629
0.642
1
0.508
0.572
0.531
0.518
0.616
0.568
0.618
0.642
0.535
0.612
0.552
0.689
0.686
0.556
0.69
0.648
1
0.529
0.55
0.666
0.686
0.671
0.679
0.809
NA
0.621
NA
0.576
1
0.703
0.557
1
0.596
0.6
0.591
0.553
0.551
0.582
0.584
0.642
0.54
0.649
0.573
0.581
0.637
0.572
0.656
0.55
0.566
NA
0.572
0.228
0.559
0.511
1
0.585
0.654
0.643
1
0.62
0.748
0.545
0.756
1
0.541
NA
0.224
0.673
0.542
1
0.69
0.768
1
0.645
0.428
NA
0.587
0.607
0.574
1
0.487
0.493
0
0.552
0.552
0
0
0.058
0.563
0.557
0.439
0.605
0.562
0.479
1
1
0.404
0.404
0.404
NA
0
1
1
0.51
0.528
0.564
0.531
0.559
0.565
0.568
0.486
0.831
0.785
0.814
0.84
0.529
0.542
0.544
0.639
1
1
1
0.667
0.566
1
1
1
1
1
1
1
1
0.201
1
1
1
1
1
1
1
1
1
1
1
1
0.679
0.623
0.667
0.201
0.072
1
0.603
1
1
0.65
0.538
0.685
0.784
1
1
NA
1
1
0.656
0.519
0.572
1
0.54
NA
0.523
1
0.589
1
0.759
0.707
1
0.625
0.767
0.507
0.577
1
1
0.555
1
0.617
0.779
0.864
0.876
0.685
NA
0.608
0.615
0.564
0.782
NA
0.672
0.806
1
1
1
0.496
NA
0.671
1
0.707
0.617
1
1
0.739
1
0.582
0.668
0.738
1
0.628
0.607
0.591
0.665
0.759
1
0.685
0.696
0.583
1
0.743
NA
0.715
0.657
0.773
0.566
0.667
0.662
0.735
1
1
0.666
0.591
1
0.62
1
0.679
0.465
0.633
0.689
0.693
0.708
0.595
1
1
1
0.343
0.505
0.495
1
1
0.516
0.715
0.715
1
0.637
1
1
1
1
1
1
0.506
0.563
0.528
0.491
0.585
0.698
0.61
0.716
0.661
0.729
0.664
1
0.68
1
0.623
1
0.658
1
0.728
0.805
0.718
0.76
0.717
0.793
0.714
0.745
0.685
1
0.658
0.612
0.719
1
0.818
0.577
0.58
0.696
0.618
0.786
0.755
1
0.76
0.679
0.646
0.658
0.619
0.597
0.83
0.711
0.704
0.695
0.647
1
0.736
0.752
0.837
1
0.785
1
0.755
0.451
0.753
NA
0.589
NA
1
0.495
0.64
0.854
1
0.763
1
0.627
0.711
0.733
0.691
0.939
0.786
0.769
0.721
0.678
0.739
1
0.722
0.641
0.847
0.88
0.394
1
1
1
1
NA
NA
0.569
0.574
0.639
1
0.751
1
0.891
0.591
0.602
0.869
1
0.896
0.956
0.784
0.671
1
1
0.703
NA
0.735
0.85
1
0.576
0.406
0.626
1
0.705
0.675
1
1
0.364
1
0.775
0.61
0.486
0.372
0.539
0.708
0.669
0.726
0.727
0.834
1
1
0.63
1
0.596
0.57
0.614
NA
0.598
0.589
0.58
1
1
1
1
1
0.276
0.702
0.694
0.735
1
1
0.753
0.809
0.667
0.222
0.474
0.912
0.82
1
0.617
0.528
1
0.616
0.765
0.569
0.769
0.44
0.688
1
0.399
0.675
0.364
0.794
1
0.403
0.536
0.582
0.541
0.533
0.517
1
1
1
0.43
1
0.302
1
0.302
1
0.643
0.562
0.67
0.741
1
0.297
1
1
1
1
NA
0.147
0.065
0
0.55
1
1
0.744
0.068
0.523
1
0.662
0.527
0.567
0.735
0.566
1
0.538
0.312
0.567
0.641
0.488
0.548
0.682
0.699
0.576
1
0.542
0.573
0.518
0.517
0.556
0.561
0.507
0.451
0.508
1
0.589
0.676
0.756
0.79
1
0.697
0.692
0.565
0.828
0.665
0.765
0.406
0.523
0.665
0.746
0.302
0.567
0.87
0.524
0.492
0.578
0.639
0.47
0.668
0.662
0.638
0.416
0.504
0.513
0.594
1
0.531
0.499
1
1
0.701
0.5
0.533
0.484
0.493
0.678
0.834
1
0.632
0.522
0.557
0.534
0.606
0.652
0.675
0.867
1
0.396
1
0.585
0.327
0.534
0.598
0.504
0.579
0.609
0.611
0.637
1
0.683
0.748
0.343
0.565
0.585
1
0.538
0.641
0.092
0.563
0.485
0.635
0.65
0.567
0.616
0.484
0.472
0.503
0.582
0.394
0.619
0.437
1
1
0.582
1
0.173
0.572
0.665
0.567
0.61
0.651
0.715
0.543
0.604
0.636
0.762
0.584
0.523
0.553
0.619
0.635
0.706
0.81
0.574
0.643
0.608
0.612
0.731
0.824
1
1
0.713
0.617
0.606
0.583
0.639
0.699
0.562
0.612
0.64
0.41
0.701
0.255
0.255
0.222
NA
0.194
0.324
0.347
0.065
0.104
1
0.159
0.712
0.225
0.578
0.624
0.217
0.769
0.658
0.451
0.238
0.518
1
1
1
1
0.514
1
1
1
1
0.695
1
NA
1
NA
0.623
1
NA
NA
NA
NA
NA
NA
NA
NA
NA
NA
NA
NA
NA
NA
NA
NA
NA
NA
NA
NA
NA
NA
NA
NA
NA
NA
1
1
1
0.477
0.035
0.646
0.174
0.662
0.618
0.571
0.695
0.672
1
0.554
0.558
0.587
0.622
0.624
0.521
0.413
0.598
0.576
0.756
0.709
NA
0.627
0.594
1
0.753
0.582
0.753
1
0.881
0.655
1
1
0.81
1
1
0.796
1
1
NA
0.556
0.534
0.747
1
0.542
NA
NA
NA
0.608
1
0.666
0.788
1
1
0.606
0.727
0.596
0.739
0.56
0.658
0.682
0.598
0.732
0.564
0.632
0.556
0.762
0.716
0.633
0.633
0.569
0.605
0.718
0.777
0.71
0.672
0.663
0.582
0.587
0.613
0.659
0.566
1
0.598
0.612
0.687
0.617
0.56
0.623
1
0.571
0.766
0.64
0.568
0.611
0.568
0.769
0.685
0.698
0.553
1
1
0.679
0.562
0.612
1
1
1
0.164
0.551
0.605
0.644
0.583
0.619
1
0.633
0.704
0.669
0.61
0.71
0.659
0.602
0.642
NA
NA
NA
1
1
0.533
0.562
0.663
0.253
0.216
0.409
0.442
0.877
1
0.657
NA
NA
NA
1
1
1
1
0.269
0.288
NA
NA
0.602
0.672
1
0.622
0.795
0.802
0.648
NA
0.78
0.565
0.284
1
0.592
1
0.612
0.572
0.628
1
0.583
1
0.574
0.033
0.601
0.568
0.684
0.728
1
NA
0.977
1
0.64
1
0.814
NA
0.604
0.579
0.46
1
0.628
0.635
0.347
0.694
0.586
0.601
NA
0.619
0.767
1
NA
0.562
1
0.775
NA
0.611
0.769
0.514
0.724
0.977
0.771
1
0.88
NA
0.592
0.689
NA
0.875
1
0.852
1
NA
0.624
NA
0.826
1
0.529
0.609
0.602
1
0.57
0.622
0.291
0.518
0.574
NA
0.659
0.534
0.569
0.624
0.595
1
1
0.7
NA
0.709
0.728
0.554
NA
NA
NA
NA
NA
0.806
0.684
0.697
0.7
0.212
1
0.784
1
1
0.677
0.613
0.808
0.635
0.485
1
0.685
0.589
1
1
1
0.415
0.573
1
0.737
0.504
0.752
0.905
0.616
0.443
0.51
0.304
0.701
0.117
0.439
0.524
0.468
0.509
0.905
0.963
0.477
0.559
0.727
0.848
0.567
1
0.527
1
0.515
0.927
0.809
0.611
0.619
0.778
NA
0.604
0.68
0.663
0.754
0.685
0.451
0.556
0.6
0.619
0.658
0.558
0.666
0.647
0.683
1
0.625
0.657
NA
NA
NA
0.782
0.623
0.521
0.639
0.706
0.654
0.457
0.605
0.473
0.614
0.553
0.504
0.418
0.635
1
0.564
1
0.635
0.673
NA
NA
0.478
0.656
0.562
0.446
0.726
0.597
0.54
0.536
0.66
1
NA
1
0
1
0.59
0.615
0.562
0.551
0.512
0.648
0.73
0.73
0.73
0.73
0.73
0.805
0.665
0.792
0.619
1
0.627
1
NA
1
0.81
1
1
0
0
1
NA
0.102
1
1
0.698
0.771
1
0.583
NA
NA
NA
NA
1
1
0.528
0.823
0.505
0.581
1
NA
NA
NA
1
0.312
0.717
0.796
1
0.576
1
1
1
1
1
0.7
1
NA
1
1
1
0.473
1
NA
NA
0.675
0.928
0.536
NA
1
1
0.78
NA
NA
NA
0.527
NA
0.843
0.874
1
0.612
0.545
NA
NA
0.699
0.621
0.613
1
0.542
0.619
0.634
0.632
0.639
0.574
0.587
0.711
NA
0.561
1
0.607
0.538
0.526
0.567
0.56
0.604
0.67
0.601
0.561
0.626
0.529
0.606
0.655
1
NA
0.711
0.626
0.709
1
1
1
0.652
1
0.922
1
0.594
NA
0.677
0.565
0.862
1
NA
1
NA
NA
NA
NA
NA
NA
NA
NA
NA
NA
NA
NA
NA
NA
NA
NA
NA
NA
NA
NA
NA
NA
NA
NA
NA
NA
NA
1
1
0.78
0.766
1
1
NA
0.139
0
0
0.475
0.079
0.079
NA
1
0.608
0.6
0.609
1
0.694
1
0.661
0.689
1
0.552
0.576
1
0.62
0.577
0.536
0.583
1
0.627
0.517
1
0.514
1
NA
NA
NA
NA
NA
NA
NA
NA
0.532
0.441
1
0.576
0.643
0.71
0.331
0.631
0.568
NA
NA
NA
NA
NA
0.538
0.538
NA
NA
NA
0.72
0.539
0.399
1
0.705
1
0.688
NA
0.601
0.62
0.735
0.49
0.597
0.592
0.368
0
1
1
0.45
0.62
0.52
0.575
0.653
0.649
0.749
0.779
1
0.454
0.779
0.789
0.398
0.33
0.705
0.439
0.473
0.447
0.32
NA
NA
NA
NA
NA
NA
NA
NA
NA
NA
0.729
0.768
1
0.323
0.664
0.735
0.579
0.751
0.634
0.744
0.596
0.826
0.769
0.596
0.445
0.467
1
0.7
0.508
0.474
0.596
0.582
0.342
0.688
0.514
0.618
0.667
0.561
0.519
0.392
0.545
0.475
1
0.907
0.768
0.487
0.456
0.67
0.623
1
0.597
0.538
0.598
0.655
0.575
0.581
0.515
0.775
0.717
0.676
1
0.479
0.572
0.614
1
0.703
0.717
0.597
0.679
0.572
0.615
0.634
1
0.614
0.7
0.725
0.672
0.711
0.686
NA
0.812
0.572
0.631
0.631
0.687
0.826
0.758
0.764
NA
0.643
0.656
0.625
0.738
0.864
0.807
0.646
0.688
NA
0.764
0.738
1
1
0.682
0.87
0.758
1
0.646
0.22
0.643
0.66
1
0.552
0.654
0.591
0.669
0.634
1
0.67
0.671
0.782
0.896
0.675
0.937
0.631
1
0.565
0.55
1
0.576
1
0.853
1
0.828
1
NA
1
0.781
1
1
1
0.657
1
0.667
0.585
NA
0.425
0.409
NA
NA
0.439
0.559
1
1
NA
NA
0.608
1
0.31
0.558
0.605
0.613
0.571
0.761
0.735
0.637
0.392
0.651
0.102
0.197
0.63
0.687
0.761
0.741
1
1
0.654
0.726
0.518
0.7
0.664
0.556
0.604
0.552
1
NA
NA
NA
NA
1
1
1
1
1
1
0.671
1
0.576
0.432
0.301
0.391
0.323
0.5
1
1
NA
NA
NA
NA
0.725
0.367
0.433
0.517
0.491
0.421
NA
0.485
0.174
0.137
0.713
0.278
1
1
0.062
0.582
0.235
0.466
0.927
0.617
0.472
0.263
1
1
0.585
0.607
0.481
0.58
NA
0.537
0.519
1
0.66
0.744
0.319
0.744
0.498
NA
0.691
0.451
1
0.608
1
0.628
0.649
0.653
0.596
0.651
0.677
0.588
1
1
0.639
0.378
0.578
NA
NA
NA
1
1
1
1
0.652
0
1
0.402
1
1
1
NA
NA
0.436
1
0.258
0.599
0.672
0.608
0.671
0.774
0.8
1
0.399
0.399
NA
NA
1
1
1
1
1
0.532
0.55
1
0.164
1
1
0.351
0.496
0.968
0.842
NA
NA
1
NA
0.747
1
1
1
1
1
0.523
0.703
0.563
1
0.46
NA
NA
0.508
0.555
0.544
0.612
0.715
0.651
1
0.302
0.302
NA
1
NA
1
NA
1
0.534
1
NA
NA
0
0.468
0.409
0.455
0.398
0.403
0.875
1
0.409
NA
0.385
1
0.561
NA
1
1
1
NA
1
1
1
NA
NA
NA
0.641
1
0.48
1
1
0.565
1
1
1
1
1
0.676
0.562
0.653
1
1
0.733
0.544
0.574
1
0.076
0.474
1
0.804
0.709
0.525
0.35
0.197
1
1
1
1
0.51
1
1
0.301
0.569
0.563
0.427
0.637
0.565
NA
1
1
0.536
0.578
0.556
NA
NA
0.302
1
0.302
0.7
0.7
NA
NA
1
0.789
0.613
0.698
1
0.51
NA
0.586
1
0.252
0.747
0.609
0.599
0.339
NA
0.619
0.498
1
0.652
0.696
0.645
0.725
NA
0.635
0.539
1
1
0.733
1
0.605
0.605
NA
NA
NA
NA
NA
0
1
1
0.155
0.11
1
0.154
0.602
0.623
0.892
0.7
0.622
0.678
0.662
1
0.568
0.57
NA
0.522
0.439
0.566
1
0.604
0.726
0.649
0.743
0.601
NA
1
0.15
0.56
0.323
0.569
NA
0.552
0.483
0.087
0.597
0.614
0.647
0.57
0.13
0.662
0.198
1
0.589
1
1
1
0.835
0.674
1
0.608
0.609
0.753
1
1
1
1
1
0.538
0.792
0.641
0.571
0.59
0.689
0.679
0.581
0.47
0.544
0.547
0.551
0.565
0.599
0.445
0.551
0.61
0.647
0.618
0.364
0.517
0.589
NA
0.579
1
0.532
0.318
NA
0.326
1
1
0.569
1
0.559
0.584
0.578
0.574
0.503
0.598
0.919
0.589
0.692
0.491
0.667
0.685
0.728
0.677
0.646
0.569
1
0.347
0.495
NA
0.686
0.804
1
0.802
0.91
0.55
0.69
0.62
0.631
1
0.747
1
1
0.792
0.524
0.45
0.399
NA
NA
NA
NA
NA
NA
1
0.732
0.617
0.604
0.606
0.672
0.739
0.659
0.69
0.596
0.68
0.706
0.722
0.572
0.615
NA
1
0.576
0.569
1
0.531
1
0.659
1
0.537
0.435
0.577
0.476
0.55
0.535
0.7
0.21
0.722
0.675
0.581
1
0.706
0.451
0.684
NA
0.475
NA
0.28
1
0.164
1
0.318
0.735
NA
NA
NA
NA
0.604
0.583
0.509
0.565
0.367
0.598
1
0.501
NA
1
NA
NA
0.426
0.733
0.43
0.453
0.669
NA
NA
NA
NA
NA
NA
NA
NA
NA
0.758
NA
NA
0.809
NA
NA
NA
NA
NA
NA
NA
NA
NA
NA
NA
NA
NA
NA
NA
NA
NA
NA
NA
NA
NA
NA
NA
NA
NA
NA
NA
NA
NA
NA
NA
NA
NA
NA
0.564
NA
NA
0.001
NA
0.218
0.646
0.166
NA
NA
NA
0.498
0.41
0.343
0.257
NA
NA
NA
NA
NA
NA
NA
NA
0.664
1
NA
0.509
1
NA
NA
NA
NA
NA
NA
NA
NA
NA
NA
NA
1
NA
NA
NA
NA
NA
NA
NA
NA
NA
NA
NA
NA
NA
NA
NA
NA
NA
NA
NA
NA
NA
NA
NA
NA
NA
NA
NA
NA
NA
NA
NA
NA
NA
NA
NA
NA
NA
NA
NA
NA
NA
NA
1
NA
NA
NA
NA
NA
NA
NA
1
NA
0.595
NA
NA
NA
NA
NA
NA
NA
NA
NA
NA
NA
NA
NA
NA
NA
NA
NA
NA
0.536
NA
0.213
0.286
NA
NA
NA
NA
NA
NA
NA
NA
NA
NA
NA
NA
NA
NA
NA
NA
0.294
0.641
NA
NA
NA
1
0.6
NA
NA
NA
NA
0.564
0.418
0.622
0.575
1
0
0.081
NA
0.603
NA
NA
NA
1
0.727
NA
0.585
NA
1
0.582
1
NA
NA
NA
NA
NA
0.481
NA
NA
NA
NA
0.62
0.636
NA
NA
NA
NA
NA
NA
NA
NA
NA
0.698
1
NA
NA
NA
NA
NA
NA
NA
NA
NA
NA
NA
NA
NA
NA
0.741
0.576
NA
0.525
0.603
NA
0.572
NA
NA
0.641
0.641
NA
1
NA
NA
NA
NA
0
NA
NA
NA
NA
NA
NA
NA
NA
NA
NA
NA
NA
NA
NA
NA
NA
NA
NA
NA
NA
NA
NA
NA
NA
NA
NA
NA
NA
NA
NA
NA
NA
NA
NA
NA
NA
0.641
NA
NA
0.323
NA
0.196
NA
0.576
0.155
NA
NA
NA
NA
NA
NA
NA
NA
NA
0.755
NA
NA
0.33
0.255
NA
NA
0.535
NA
NA
NA
NA
NA
NA
NA
NA
NA
0.347
0.717
NA
NA
0.463
0.81
NA
1
1
1
1
0.591
NA
0.213
1
NA
NA
NA
NA
0.446
NA
NA
NA
NA
NA
NA
NA
NA
NA
0.551
0.49
0.534
0.53
0.506
0.112
0.651
NA
NA
NA
0.641
NA
0.641
0.641
NA
1
NA
0.424
0.411
NA
NA
1
1
0.576
NA
NA
NA
NA
NA
NA
1
0.327
0.548
0.564
1
NA
NA
0.545
0.535
0.499
1
0.431
0.685
0.69
NA
0.545
0.651
NA
NA
NA
NA
0.7
NA
0.614
NA
NA
0.659
NA
NA
NA
NA
NA
NA
NA
NA
NA
NA
NA
0.417
NA
NA
NA
NA
NA
NA
NA
NA
NA
0.299
0.743
NA
0.001
NA
NA
NA
NA
1
0.41
NA
NA
NA
NA
NA
NA
NA
NA
NA
NA
NA
NA
1
0.59
NA
0.451
NA
NA
NA
NA
NA
NA
NA
NA
NA
NA
0.7
NA
0.576
NA
NA
NA
NA
0.537
NA
NA
0.101
NA
NA
NA
0.632
0.185
NA
0.628
NA
NA
NA
0.822
NA
0.569
NA
NA
NA
NA
NA
0
NA
NA
0.34
1
0.649
NA
NA
0.61
0.65
NA
NA
NA
0.61
0
NA
NA
NA
0.553
NA
0.466
NA
NA
NA
0.547
0.257
NA
0.39
NA
0.359
0.753
NA
NA
NA
NA
NA
1
1
1
0.641
NA
1
NA
0.766
0.688
NA
NA
0.601
1
NA
NA
0.577
NA
NA
NA
1
0.653
NA
NA
0.001
NA
NA
NA
0.735
NA
NA
0.588
NA
0.553
0.451
NA
NA
NA
NA
NA
NA
NA
NA
0.26
0.273
NA
NA
1
NA
0.722
0.707
0.747
NA
NA
0.689
NA
0.616
NA
0.548
NA
0.394
NA
NA
0.764
0.662
NA
NA
NA
NA
NA
1
NA
0.252
NA
0.679
NA
NA
NA
NA
NA
NA
0.166
NA
NA
NA
0.574
0.5
NA
NA
NA
NA
NA
0.547
0.641
0.224
NA
NA
NA
NA
NA
0.636
0.802
0.547
0.638
NA
NA
NA
NA
NA
NA
NA
0.168
NA
0.131
NA
NA
NA
0.669
NA
0.758
NA
NA
0.651
NA
0.48
0.475
1
NA
1
NA
0.606
NA
0.541
NA
NA
0.617
NA
0.571
1
1
NA
0.543
0.516
0.342
NA
NA
NA
NA
NA
NA
NA
NA
0.568
NA
0.664
0.664
0.358
0.735
NA
0.593
NA
NA
NA
0.611
0.538
0.538
0.293
0.072
NA
NA
NA
NA
NA
NA
NA
NA
NA
0.528
NA
0.583
0.408
0.542
0.219
0.037
0.698
0.68
1
NA
NA
NA
NA
NA
NA
NA
NA
NA
NA
NA
NA
0.551
NA
NA
NA
NA
NA
NA
0
0.001
NA
NA
NA
0.508
NA
NA
1
1
1
NA
NA
NA
0.041
0.102
0
NA
NA
NA
NA
1
NA
NA
NA
NA
NA
NA
NA
NA
1
1
NA
NA
NA
NA
NA
1
NA
NA
NA
NA
NA
NA
NA
NA
NA
0.155
NA
NA
NA
0.302
NA
NA
NA
NA
NA
NA
0.81
NA
NA
NA
NA
NA
NA
NA
1
0.664
0.657
0.453
0.409
NA
NA
NA
NA
NA
NA
NA
NA
NA
NA
NA
0.357
NA
NA
NA
1
NA
0.265
0.802
NA
NA
NA
NA
NA
NA
NA
NA
NA
NA
NA
0.641
NA
NA
NA
NA
0.544
NA
NA
NA
NA
NA
0
NA
NA
NA
NA
NA
NA
NA
NA
NA
NA
NA
NA
NA
NA
0.323
0.323
NA
NA
NA
NA
NA
NA
NA
1
NA
NA
NA
NA
NA
0.335
0.539
NA
NA
NA
NA
NA
NA
NA
NA
NA
NA
NA
NA
NA
NA
NA
NA
NA
1
NA
NA
0.027
0.336
0.394
1
0.451
NA
1
1
0.713
1
NA
NA
0.562
NA
0.692
NA
0.565
0.553
NA
NA
NA
NA
NA
0.049
0.049
NA
NA
NA
NA
NA
NA
NA
NA
NA
NA
1
1
NA
0.671
0.499
NA
0.065
NA
NA
NA
NA
NA
NA
NA
0.44
0.629
NA
0.079
NA
1
NA
1
NA
NA
NA
0.444
NA
0.661
0.564
NA
NA
NA
NA
NA
NA
NA
NA
0.477
0.327
NA
0
0.646
0.75
NA
NA
NA
NA
NA
NA
NA
NA
NA
NA
NA
0.682
NA
NA
NA
0.405
NA
NA
NA
NA
NA
NA
NA
NA
NA
NA
0.063
NA
NA
NA
NA
NA
NA
0.495
NA
NA
NA
0.291
0.444
NA
NA
NA
NA
NA
NA
NA
NA
NA
NA
NA
NA
NA
NA
NA
NA
NA
NA
NA
0.497
NA
NA
NA
0.394
0.685
0.677
0.471
NA
0.545
NA
NA
NA
0.601
NA
NA
NA
NA
0.664
NA
NA
NA
0.707
NA
NA
NA
NA
1
NA
NA
NA
NA
NA
0.648
NA
NA
NA
1
NA
NA
NA
0.499
NA
NA
NA
NA
NA
NA
NA
NA
0.87
NA
NA
NA
NA
NA
0
0.725
0.641
NA
NA
NA
NA
NA
NA
0.521
0.709
NA
NA
NA
NA
NA
0
NA
NA
NA
NA
NA
NA
NA
NA
0.21
NA
NA
NA
NA
NA
NA
NA
NA
NA
0.617
NA
NA
NA
NA
0.621
NA
NA
NA
NA
NA
NA
NA
0
NA
NA
NA
0
0.528
NA
NA
NA
NA
NA
NA
NA
NA
NA
NA
NA
NA
NA
0.488
0.1
NA
NA
NA
NA
NA
NA
0.112
0.585
NA
NA
NA
NA
NA
NA
NA
NA
NA
NA
NA
NA
NA
NA
NA
NA
NA
NA
0.333
NA
NA
NA
0.721
NA
1
NA
0.725
NA
NA
NA
NA
NA
NA
NA
NA
NA
NA
0
NA
0.048
0
NA
NA
NA
1
NA
1
0.69
1
1
NA
NA
NA
NA
NA
NA
NA
NA
NA
NA
NA
NA
NA
0.359
NA
0.443
NA
NA
NA
0.233
NA
0.794
NA
NA
NA
NA
NA
NA
NA
NA
1
1
NA
0.401
NA
NA
NA
0.416
0.093
NA
NA
NA
NA
NA
NA
NA
NA
NA
0.309
NA
NA
NA
NA
NA
NA
NA
NA
NA
0.496
NA
NA
NA
0.607
NA
NA
NA
NA
NA
NA
NA
NA
0.037
1
0.614
0.749
0.697
NA
NA
NA
0.213
NA
NA
NA
NA
NA
NA
NA
NA
NA
0
0
0
NA
NA
NA
NA
NA
NA
NA
0.697
NA
0.617
NA
NA
NA
NA
NA
1
0.862
NA
NA
NA
NA
0.327
0.058
NA
0.874
NA
NA
NA
NA
NA
NA
1
NA
NA
NA
NA
0.256
NA
NA
NA
NA
NA
0
0.311
NA
NA
NA
1
0.646
0.612
NA
NA
NA
0.644
1
0.492
NA
0.528
NA
NA
NA
NA
NA
NA
0.464
0.548
NA
0.246
NA
NA
NA
0.538
0.179
NA
0
0.246
0.187
NA
NA
NA
1
NA
NA
NA
NA
NA
NA
NA
NA
NA
NA
1
NA
NA
NA
NA
NA
NA
NA
NA
NA
NA
NA
NA
NA
0.702
NA
NA
NA
NA
NA
NA
NA
0.81
NA
NA
NA
NA
0.301
0.324
0.274
0.639
NA
NA
0.583
0.537
0.643
NA
NA
0.616
NA
0.302
NA
0.302
NA
NA
NA
NA
NA
NA
NA
NA
1
1
NA
0.184
NA
NA
NA
0
NA
NA
NA
NA
NA
NA
NA
NA
NA
NA
0.336
0.472
NA
0.704
NA
NA
NA
NA
NA
NA
NA
NA
NA
NA
NA
NA
NA
NA
NA
0.112
NA
NA
0.638
0.679
0.374
NA
NA
NA
NA
NA
NA
NA
NA
NA
0.576
NA
NA
NA
NA
NA
NA
NA
NA
NA
NA
0.045
NA
NA
NA
NA
NA
NA
NA
NA
NA
NA
NA
NA
NA
0.521
NA
NA
NA
NA
NA
NA
NA
NA
NA
0.028
0
NA
NA
0.667
NA
NA
NA
NA
NA
NA
NA
0.68
1
NA
NA
NA
NA
NA
1
0.577
NA
0.548
NA
NA
NA
NA
NA
NA
NA
1
0.546
0.543
NA
NA
1
1
NA
0.571
NA
0.302
0.013
NA
NA
NA
NA
NA
NA
0.613
NA
0.499
0.649
NA
0.619
NA
NA
NA
NA
NA
NA
1
1
0.629
0.564
NA
NA
NA
0.491
NA
NA
NA
NA
1
1
0.028
NA
0.228
NA
NA
NA
0.18
1
NA
NA
NA
0.531
NA
NA
NA
0.501
0.678
NA
NA
NA
NA
NA
0.146
0
NA
NA
NA
0.13
0.641
NA
1
0.449
0.444
0.453
1
NA
0.612
0.383
NA
NA
NA
0.683
0.671
0.647
NA
NA
NA
NA
0.623
0.717
NA
NA
NA
NA
NA
0.636
NA
NA
NA
0.618
0.479
0.745
1
NA
NA
NA
0
NA
NA
0.678
NA
0
0.616
NA
NA
NA
1
NA
0.697
NA
NA
NA
0.41
NA
NA
NA
1
NA
NA
NA
NA
NA
NA
NA
NA
NA
NA
NA
0.595
NA
NA
0.754
0.791
NA
NA
NA
1
NA
NA
0.536
1
NA
NA
NA
0.394
NA
NA
NA
NA
NA
NA
0.705
NA
0.51
NA
NA
NA
0.513
NA
NA
NA
0.384
NA
NA
NA
NA
NA
NA
NA
NA
1
0.69
NA
NA
NA
NA
0.636
NA
NA
NA
NA
NA
NA
NA
NA
NA
NA
1
NA
NA
NA
NA
NA
NA
NA
NA
NA
NA
NA
NA
NA
NA
NA
NA
NA
0.517
0.101
NA
NA
NA
NA
NA
NA
NA
NA
NA
NA
NA
NA
NA
NA
NA
NA
0.27
NA
0.731
0.401
NA
NA
NA
0.442
NA
NA
NA
NA
0.333
NA
NA
NA
NA
NA
NA
NA
NA
0.436
0.127
NA
NA
NA
0.017
0.146
NA
NA
NA
0.243
NA
NA
NA
NA
NA
0.245
NA
0.436
NA
NA
NA
NA
NA
NA
NA
NA
NA
NA
NA
NA
NA
NA
NA
NA
NA
NA
NA
1
0.125
0.45
NA
0.143
NA
NA
NA
NA
NA
NA
NA
NA
NA
NA
0.523
0.694
0.63
0.609
NA
NA
NA
NA
NA
NA
NA
NA
NA
NA
NA
NA
NA
0.276
NA
NA
NA
1
NA
NA
NA
NA
NA
NA
NA
1
NA
NA
0.312
1
0.507
NA
NA
NA
0.611
0.593
0.812
NA
0.546
0.27
0.56
NA
NA
NA
NA
NA
NA
NA
NA
NA
NA
NA
NA
NA
NA
NA
0.6
0.593
1
NA
1
NA
NA
NA
NA
NA
NA
NA
NA
NA
NA
NA
NA
NA
NA
NA
NA
NA
NA
NA
NA
0.266
NA
NA
NA
0.81
NA
0
NA
NA
0.564
NA
NA
0.494
NA
NA
0.568
1
NA
1
1
NA
0.018
NA
NA
NA
NA
NA
0.552
NA
NA
NA
NA
NA
NA
NA
NA
NA
NA
NA
NA
NA
NA
NA
NA
1
0.149
0.097
1
0.643
NA
NA
NA
NA
0.426
0.457
0.31
0.231
NA
0.489
NA
NA
1
NA
NA
NA
NA
NA
NA
NA
NA
NA
NA
0.62
NA
0.453
0.314
NA
NA
NA
NA
NA
0.106
0.393
0.014
NA
0.119
0.583
NA
NA
NA
NA
1
NA
NA
NA
NA
NA
0.028
NA
NA
NA
0.272
0.272
NA
NA
0.502
0.592
NA
0.678
0.494
NA
0.48
0.647
1
NA
0.696
1
1
NA
NA
0.491
0.611
0.486
0.501
NA
0.687
0.576
0.622
1
0.653
0.662
NA
NA
NA
0.815
0.357
0.551
NA
0.27
NA
NA
NA
NA
NA
0.602
1
NA
NA
0.508
NA
0.549
0.557
NA
0.199
NA
NA
NA
NA
NA
0.752
NA
NA
NA
NA
1
0.38
0
NA
NA
NA
NA
NA
NA
NA
0.409
NA
0.767
NA
NA
NA
NA
NA
1
NA
0.59
1
NA
0.576
NA
NA
0.636
0.69
NA
NA
0.785
0.761
NA
0.451
NA
NA
NA
0.246
NA
NA
0.548
NA
1
NA
0.62
NA
NA
NA
0.595
NA
0.327
NA
NA
0.269
NA
NA
0.439
NA
NA
0.668
0.06
0.52
0.505
NA
0.641
NA
NA
NA
0.621
1
NA
NA
NA
NA
NA
1
NA
NA
NA
NA
NA
NA
NA
0.161
NA
NA
NA
NA
NA
NA
0.69
NA
NA
NA
NA
NA
NA
NA
NA
NA
NA
1
1
1
NA
NA
NA
NA
NA
NA
NA
NA
NA
NA
NA
0.43
1
1
0.657
NA
0.251
0.121
NA
0.81
0
0.264
NA
NA
0.063
NA
NA
NA
0.39
NA
NA
0.511
0.51
NA
NA
NA
NA
NA
NA
NA
NA
NA
NA
0.184
NA
0.609
0.607
NA
NA
0.444
0.538
NA
NA
NA
0.53
NA
NA
0.601
NA
NA
NA
NA
NA
NA
0.399
0.792
0.638
NA
NA
NA
NA
1
0.52
NA
NA
NA
0.321
0.399
NA
0.28
NA
NA
0.575
NA
NA
NA
0.583
NA
0.442
0.528
0.52
NA
NA
0.514
0.136
0.693
0.477
0.494
0.468
NA
NA
NA
1
NA
0.125
NA
NA
NA
NA
0.265
NA
NA
NA
NA
NA
NA
0.584
NA
0.538
NA
NA
NA
NA
0.507
NA
NA
NA
0.351
NA
0.605
0.576
0.626
NA
NA
NA
NA
NA
0.326
0.592
0.232
NA
NA
1
NA
NA
NA
NA
NA
NA
NA
NA
0.302
NA
NA
0.635
NA
1
NA
NA
1
1
0
NA
NA
1
NA
0.001
NA
NA
NA
NA
1
NA
0.416
1
NA
NA
NA
0.721
0.702
NA
NA
NA
NA
NA
NA
0.571
NA
NA
NA
NA
NA
NA
NA
NA
0.657
NA
NA
NA
NA
NA
1
NA
NA
NA
NA
0
NA
NA
NA
NA
NA
1
1
1
NA
NA
NA
NA
0.35
NA
NA
NA
0.459
0.599
0.499
NA
0.732
NA
0.255
0.343
1
1
NA
NA
NA
0.416
NA
NA
NA
NA
NA
NA
NA
NA
NA
NA
NA
NA
NA
NA
0.585
NA
0.529
1
NA
NA
1
NA
1
NA
NA
NA
NA
0.477
NA
NA
NA
NA
NA
NA
0.711
NA
1
0.746
NA
0.239
0.416
NA
NA
NA
NA
1
NA
NA
0.463
0.709
NA
NA
NA
NA
NA
1
NA
0.335
NA
NA
NA
NA
NA
NA
NA
NA
NA
NA
NA
NA
NA
NA
NA
NA
NA
NA
0.436
NA
NA
NA
NA
NA
NA
NA
NA
NA
0.825
NA
NA
NA
NA
NA
NA
0.424
NA
NA
NA
NA
NA
NA
NA
0.631
NA
NA
0.535
0.605
NA
NA
NA
0.202
NA
NA
NA
NA
0.577
0.753
0.807
0.641
0.213
NA
NA
1
NA
NA
NA
1
NA
NA
NA
0.641
NA
0.622
0.65
0.629
NA
NA
NA
NA
0.065
NA
NA
NA
0.244
0.685
NA
0.553
NA
NA
NA
0.524
NA
0.578
NA
NA
NA
NA
NA
NA
1
NA
0.439
NA
NA
0.827
NA
0.567
NA
0.753
0.269
NA
NA
NA
NA
NA
NA
NA
NA
NA
NA
NA
NA
NA
NA
NA
NA
0.457
NA
0.517
NA
NA
NA
NA
NA
NA
NA
NA
NA
NA
NA
0.581
NA
NA
0.753
NA
NA
NA
NA
NA
NA
NA
NA
0.536
NA
NA
NA
NA
NA
NA
NA
NA
NA
NA
NA
NA
NA
0.666
0.622
NA
NA
NA
NA
NA
0.75
NA
NA
NA
NA
0.66
NA
NA
0.048
NA
NA
NA
NA
NA
NA
NA
NA
NA
NA
NA
NA
0.586
0.55
NA
NA
NA
NA
NA
0.628
NA
0.451
0.451
NA
NA
NA
NA
1
NA
NA
NA
NA
NA
NA
0.517
NA
NA
0.549
NA
NA
NA
NA
NA
NA
NA
NA
NA
NA
NA
NA
NA
NA
NA
NA
NA
NA
NA
NA
0.66
0.226
NA
0.51
0.711
NA
NA
NA
NA
NA
NA
NA
NA
NA
NA
0.429
0.274
NA
NA
0.627
NA
NA
NA
NA
NA
NA
NA
NA
NA
NA
NA
NA
NA
NA
NA
NA
NA
NA
NA
NA
1
NA
NA
NA
NA
NA
NA
NA
NA
NA
NA
NA
NA
NA
0.5
0.263
NA
NA
0.233
NA
NA
0.385
NA
NA
1
0.442
0.214
NA
NA
NA
NA
NA
NA
NA
NA
NA
NA
NA
NA
NA
NA
NA
0.544
NA
NA
NA
NA
NA
NA
NA
NA
NA
NA
0.366
NA
0.721
NA
NA
NA
NA
0.554
NA
NA
NA
NA
NA
NA
NA
0.333
0.333
0.421
1
NA
NA
NA
NA
NA
1
NA
0.617
0.332
NA
0.737
NA
0.803
NA
NA
0.639
NA
NA
NA
NA
0.31
NA
NA
NA
NA
0.641
NA
0.641
NA
NA
NA
0.81
NA
NA
NA
NA
NA
NA
NA
NA
NA
NA
NA
NA
NA
NA
NA
NA
NA
NA
NA
NA
NA
NA
NA
NA
NA
NA
NA
NA
NA
NA
NA
NA
NA
NA
NA
NA
NA
NA
NA
NA
NA
0.807
0.582
1
1
NA
NA
NA
NA
NA
NA
NA
NA
0.145
NA
0.785
NA
0.501
0.448
NA
NA
NA
NA
NA
NA
NA
NA
0.484
0.511
NA
1
NA
NA
NA
NA
NA
NA
NA
NA
0.623
1
NA
0.417
NA
NA
NA
NA
NA
0.625
0.597
0.517
1
NA
NA
NA
NA
NA
NA
0.645
1
NA
NA
NA
NA
NA
0.446
NA
NA
NA
NA
NA
NA
NA
0.537
NA
NA
NA
NA
1
NA
NA
NA
NA
NA
NA
NA
NA
NA
1
NA
1
1
0.354
NA
NA
NA
NA
1
1
NA
NA
NA
NA
NA
NA
NA
NA
NA
NA
NA
NA
NA
0.533
NA
NA
0.456
NA
NA
0.163
NA
1
0.546
NA
0.49
0.739
NA
NA
NA
NA
NA
NA
0.48
NA
NA
0.624
NA
NA
NA
NA
1
NA
NA
NA
NA
NA
NA
NA
NA
NA
NA
0.658
NA
NA
NA
NA
NA
NA
NA
0.554
1
1
NA
0.374
NA
NA
NA
NA
NA
0
NA
NA
NA
NA
NA
NA
NA
NA
NA
NA
NA
NA
NA
NA
NA
NA
0.819
NA
NA
NA
NA
NA
NA
NA
NA
0.001
0
0.146
NA
NA
NA
0.653
NA
NA
NA
NA
0.213
NA
1
0.589
NA
NA
0.28
NA
NA
NA
NA
NA
NA
NA
NA
0.497
0.492
NA
NA
NA
NA
NA
NA
NA
0.211
NA
NA
NA
NA
NA
0.341
0.617
0.605
NA
NA
NA
0.149
0.595
0.641
NA
0.641
NA
NA
NA
NA
0.235
NA
NA
NA
NA
NA
NA
NA
NA
NA
0.281
0.692
0.681
NA
NA
0
NA
NA
NA
NA
NA
0.722
0.546
NA
NA
NA
NA
NA
NA
NA
NA
NA
1
1
0.166
1
NA
NA
NA
NA
NA
NA
NA
NA
NA
NA
NA
NA
NA
0.199
0.568
0.48
0.588
NA
NA
NA
NA
NA
NA
NA
NA
NA
NA
0.36
NA
NA
NA
1
NA
1
0.733
NA
NA
NA
NA
0.604
NA
0.566
NA
NA
NA
0.244
NA
NA
NA
NA
NA
NA
0.425
NA
NA
NA
NA
NA
NA
NA
NA
NA
0.604
0.694
NA
NA
1
0.753
NA
NA
NA
NA
NA
NA
0.527
0.001
NA
NA
0.636
NA
NA
NA
0.416
0.54
0.388
NA
0.452
0.508
0.176
0.612
0.156
NA
NA
NA
NA
NA
NA
NA
NA
NA
NA
NA
NA
1
0.611
0.129
NA
NA
NA
NA
NA
NA
NA
1
NA
NA
NA
0.152
NA
NA
NA
NA
NA
NA
0.517
NA
NA
0.091
NA
NA
NA
NA
NA
NA
NA
NA
NA
0.295
NA
NA
NA
NA
0.239
NA
NA
NA
0.612
1
0.436
NA
NA
0.582
NA
NA
0
NA
NA
NA
NA
NA
0
NA
0
NA
NA
NA
NA
NA
0.795
0.345
NA
NA
NA
0.071
0.064
0.214
0.599
0
0.501
NA
0.35
NA
0.68
NA
NA
NA
NA
NA
NA
NA
0.564
0.642
0
NA
NA
NA
NA
NA
NA
0.214
0.163
0.473
NA
0.49
0.451
1
NA
NA
NA
NA
NA
NA
NA
NA
NA
0.642
NA
NA
0.641
NA
NA
NA
NA
NA
NA
0.514
0.562
NA
NA
NA
NA
NA
NA
NA
NA
NA
NA
NA
1
NA
0.411
0.65
NA
NA
NA
NA
NA
NA
0.81
NA
0.227
NA
NA
NA
NA
1
1
NA
NA
NA
NA
0.286
NA
NA
NA
NA
NA
NA
NA
NA
NA
NA
0.656
NA
NA
NA
0.703
NA
NA
NA
NA
NA
NA
1
1
NA
NA
NA
NA
NA
NA
NA
0.346
0.698
NA
NA
NA
NA
NA
NA
NA
NA
NA
NA
NA
NA
NA
NA
0.428
NA
1
0.641
1
NA
NA
NA
NA
NA
NA
NA
NA
NA
0.326
NA
NA
NA
NA
NA
NA
NA
NA
NA
NA
NA
NA
NA
NA
NA
NA
NA
NA
NA
NA
NA
NA
NA
NA
NA
NA
NA
NA
NA
NA
NA
NA
NA
NA
NA
0.642
NA
NA
0.129
NA
NA
NA
NA
NA
NA
NA
0.132
NA
NA
NA
NA
NA
NA
NA
1
NA
NA
NA
NA
NA
NA
NA
NA
NA
NA
NA
NA
NA
NA
NA
0.546
NA
NA
0.645
0.201
NA
NA
NA
NA
NA
NA
NA
NA
0
0.641
NA
NA
NA
NA
0.602
1
0.558
0.35
0.331
NA
NA
NA
NA
NA
NA
NA
NA
NA
NA
NA
NA
NA
NA
0.458
NA
NA
NA
NA
NA
1
NA
1
NA
NA
NA
1
NA
1
NA
1
0.206
NA
NA
1
1
NA
NA
NA
NA
NA
NA
1
0.416
NA
NA
NA
NA
NA
NA
0.631
NA
NA
NA
NA
NA
1
NA
1
NA
NA
NA
NA
NA
NA
NA
NA
NA
NA
NA
NA
NA
NA
NA
0.491
0.357
NA
NA
NA
0.713
NA
NA
NA
NA
0.608
1
NA
NA
NA
NA
NA
0.491
NA
0.625
NA
NA
0.58
1
NA
NA
NA
NA
NA
0.048
0.416
0.039
NA
NA
NA
NA
NA
NA
NA
NA
NA
1
0.753
1
1
NA
NA
NA
NA
0.293
0.657
NA
NA
NA
NA
NA
0.498
0.451
0.522
NA
1
NA
1
NA
1
1
NA
1
NA
NA
NA
0.561
NA
NA
NA
NA
NA
NA
NA
1
NA
NA
NA
NA
NA
NA
NA
NA
1
NA
NA
NA
NA
NA
NA
NA
NA
NA
NA
NA
NA
NA
NA
NA
NA
NA
1
NA
0.107
NA
NA
NA
NA
NA
NA
NA
0.484
0.466
NA
0.365
NA
NA
1
0.413
NA
0.312
NA
NA
NA
NA
NA
NA
0.702
NA
NA
NA
NA
NA
NA
0.721
0.81
NA
NA
NA
NA
NA
0.471
NA
0.584
0.643
0.514
NA
NA
NA
1
NA
0.81
0.213
NA
0.213
NA
NA
NA
0.523
NA
NA
1
NA
1
1
NA
1
NA
NA
0.394
1
0.433
0.483
0.492
NA
NA
NA
NA
NA
NA
NA
NA
NA
NA
NA
1
1
NA
NA
NA
NA
0.514
NA
NA
NA
1
NA
NA
NA
NA
NA
NA
NA
NA
NA
NA
NA
NA
NA
NA
NA
NA
NA
NA
NA
NA
NA
NA
NA
NA
NA
1
1
NA
NA
NA
NA
NA
NA
NA
NA
NA
NA
NA
NA
NA
NA
NA
NA
NA
NA
NA
1
NA
1
NA
NA
NA
1
1
1
NA
NA
NA
NA
NA
NA
NA
NA
NA
NA
0.052
NA
NA
0.637
1
NA
0.67
NA
1
0.73
0.501
NA
NA
NA
0.434
0.568
NA
NA
0.24
0.24
NA
0.36
NA
NA
NA
NA
NA
NA
NA
NA
NA
NA
1
0.622
NA
0.82
NA
NA
NA
0.606
1
NA
NA
NA
NA
NA
0.599
0.677
NA
NA
NA
NA
NA
1
NA
NA
NA
0.464
NA
NA
NA
NA
NA
NA
NA
NA
NA
NA
NA
NA
NA
NA
0.416
NA
NA
NA
NA
NA
NA
NA
NA
NA
NA
1
NA
NA
0.371
0.639
0.3
NA
0
0.383
NA
0.505
0.235
0.369
NA
0.194
NA
NA
NA
0.343
0.422
NA
NA
0.468
NA
NA
0.624
0.497
0.325
NA
0.576
0.141
NA
NA
0.592
NA
NA
NA
NA
0.001
NA
NA
NA
0.42
0.332
NA
1
NA
NA
0.203
NA
0.416
1
NA
NA
0.755
NA
NA
NA
NA
NA
0.536
NA
0.906
0.288
NA
1
0.602
NA
NA
NA
NA
NA
NA
NA
NA
NA
NA
NA
NA
NA
NA
NA
NA
0.51
NA
NA
NA
NA
NA
NA
NA
NA
0.403
NA
NA
NA
NA
NA
NA
NA
NA
NA
NA
NA
NA
0.448
NA
0.002
0.246
NA
NA
NA
NA
NA
NA
NA
NA
NA
NA
NA
NA
0.433
1
1
NA
NA
NA
NA
NA
NA
NA
NA
NA
NA
NA
NA
NA
NA
NA
NA
NA
NA
NA
NA
NA
NA
NA
NA
NA
NA
NA
NA
NA
0.227
0.416
NA
NA
NA
NA
NA
NA
NA
NA
NA
NA
NA
NA
NA
NA
NA
0.715
NA
0.81
NA
NA
NA
NA
NA
NA
NA
NA
NA
NA
NA
NA
NA
NA
NA
NA
NA
NA
0.592
0.475
0
NA
0.061
0.087
0.077
0.102
NA
0.317
0.51
0.693
NA
0.693
0
0.368
NA
NA
NA
NA
NA
NA
NA
NA
NA
NA
NA
NA
NA
NA
NA
0.076
NA
NA
NA
NA
NA
NA
NA
NA
NA
NA
NA
NA
NA
NA
0.276
0.001
NA
NA
0.166
0.095
NA
NA
NA
0.166
NA
0.166
NA
0.629
0.563
NA
NA
0.51
1
0.368
NA
0
NA
NA
NA
NA
NA
NA
0.592
NA
NA
NA
NA
NA
NA
NA
NA
NA
NA
NA
NA
0.636
NA
NA
NA
NA
NA
NA
NA
NA
NA
NA
NA
NA
NA
NA
0.368
NA
0.609
0.514
NA
1
NA
NA
NA
NA
NA
NA
NA
NA
0.412
NA
1
NA
1
NA
NA
0.331
0.204
0.193
NA
0.317
NA
0.538
0.312
0.085
NA
NA
0.345
NA
0.384
0.673
NA
0.679
NA
0.137
0.481
NA
NA
NA
NA
NA
NA
NA
0.393
0.616
0.463
NA
NA
NA
0
0.111
NA
NA
0
NA
0.444
NA
NA
NA
NA
NA
NA
0.461
NA
NA
NA
NA
NA
0.326
NA
NA
NA
NA
NA
NA
NA
NA
NA
NA
NA
NA
1
NA
NA
NA
NA
NA
NA
NA
NA
NA
NA
NA
NA
NA
NA
NA
0.622
0.622
NA
NA
NA
NA
NA
NA
NA
NA
NA
NA
NA
0.136
NA
NA
NA
NA
NA
NA
0.638
NA
1
NA
NA
NA
NA
0.707
NA
NA
NA
0.436
NA
NA
0.507
NA
NA
0.753
0.753
NA
NA
NA
NA
NA
NA
NA
NA
NA
NA
NA
1
NA
1
NA
NA
NA
NA
NA
NA
NA
NA
NA
NA
0.501
NA
0.592
NA
NA
NA
NA
0.416
NA
NA
NA
NA
NA
NA
NA
NA
NA
NA
NA
0.169
NA
0.622
NA
1
1
NA
0.573
0.341
NA
0.396
NA
NA
NA
NA
0.501
NA
NA
NA
NA
1
0.479
NA
0
NA
NA
NA
NA
NA
NA
NA
NA
NA
NA
NA
NA
NA
NA
NA
0.235
NA
NA
1
NA
NA
0.3
NA
NA
NA
NA
NA
0.273
0.224
NA
NA
NA
NA
NA
0.301
0.278
NA
0.546
0.646
0.079
0.319
0.255
0
0
NA
NA
NA
NA
NA
NA
1
NA
NA
NA
1
0
NA
0.641
NA
NA
NA
NA
1
NA
NA
NA
0.571
NA
NA
NA
0.637
NA
NA
NA
NA
NA
0.42
NA
0.521
0.343
NA
0.361
NA
NA
0.617
0.189
NA
NA
NA
NA
0.202
NA
NA
NA
NA
NA
NA
NA
NA
NA
0.453
0.503
0.346
0.46
NA
NA
NA
NA
NA
NA
NA
NA
0.733
0.733
NA
NA
0.155
NA
0.498
NA
NA
NA
NA
0.306
0.733
NA
NA
NA
NA
NA
NA
NA
NA
NA
0.161
1
NA
0.645
NA
NA
NA
NA
NA
0.582
NA
0.563
NA
NA
NA
1
0.605
NA
NA
0.283
0.734
0.733
NA
NA
NA
NA
NA
NA
NA
0.549
NA
0.326
NA
NA
NA
NA
NA
NA
NA
0.339
NA
NA
NA
0.733
0.522
0.288
NA
NA
NA
NA
NA
NA
NA
NA
0.685
NA
NA
NA
NA
NA
NA
NA
NA
NA
0.374
0.299
NA
NA
0.626
NA
0.423
1
NA
0.806
NA
NA
NA
NA
NA
NA
NA
NA
NA
0.565
1
NA
NA
0.572
0.001
NA
NA
0.576
0
0.564
0.744
NA
NA
NA
NA
NA
NA
0.475
0.73
0.339
NA
NA
NA
NA
NA
0.536
NA
0
NA
0
0.178
0.231
NA
0.005
NA
0.442
0.166
NA
NA
NA
NA
NA
NA
NA
NA
0
NA
0
NA
NA
NA
NA
NA
NA
NA
NA
NA
NA
NA
NA
NA
NA
0.456
0.826
0.452
1
NA
0.753
0.323
NA
0.585
0.326
NA
0.326
NA
0.326
NA
NA
NA
NA
NA
NA
0.136
NA
NA
0.594
NA
0.243
NA
0.542
0
NA
0.248
NA
NA
0.35
NA
NA
NA
0.457
0.476
NA
NA
NA
NA
NA
NA
NA
NA
NA
NA
NA
NA
NA
NA
NA
NA
NA
0.572
NA
0.582
1
0.001
1
NA
NA
0.477
NA
NA
0.094
0.235
NA
0.246
0.252
0.606
0.567
1
0.154
0.452
NA
NA
NA
NA
NA
NA
NA
NA
NA
NA
NA
NA
NA
NA
NA
NA
NA
NA
NA
NA
NA
NA
NA
NA
NA
1
NA
0.526
NA
NA
0.534
NA
0.197
NA
0.313
NA
NA
0.602
0.364
NA
0.096
0.394
0.637
NA
0.641
NA
1
NA
0.615
NA
1
NA
1
0
0.409
NA
NA
0.276
0.473
NA
0.602
NA
NA
NA
NA
NA
0.431
NA
0.18
1
NA
0.094
NA
0.159
0.35
0.35
NA
NA
1
0.664
0.481
NA
NA
0.811
NA
0.602
NA
NA
1
NA
NA
NA
NA
NA
NA
NA
NA
NA
1
NA
0.501
0.339
NA
0.064
NA
NA
0.601
0.709
0.056
NA
NA
0.539
1
NA
NA
NA
NA
0
NA
NA
NA
NA
NA
NA
NA
NA
NA
1
NA
0.576
0.576
0.081
0.576
NA
NA
NA
1
NA
NA
NA
NA
NA
NA
0.884
NA
0.231
NA
NA
NA
NA
NA
1
NA
0.733
0.486
1
NA
0.76
NA
NA
1
NA
NA
NA
NA
NA
0.653
1
0.507
NA
0.359
NA
0.219
NA
NA
0.568
0.51
NA
NA
NA
0.672
1
0.632
0.499
NA
1
1
1
0.416
NA
0.394
0.394
NA
NA
0
NA
NA
NA
NA
NA
NA
NA
0.228
0.205
NA
NA
NA
1
NA
0.375
NA
NA
0
NA
0.559
NA
NA
NA
NA
NA
0.514
0.802
NA
NA
NA
NA
NA
NA
NA
NA
0.11
0.552
NA
0.329
0.733
NA
NA
0.421
NA
0.741
0.692
NA
NA
1
0.507
NA
NA
NA
NA
NA
NA
NA
NA
0.265
NA
NA
NA
NA
NA
NA
NA
NA
NA
NA
NA
0.336
0.622
NA
NA
NA
0.057
NA
0.388
NA
0.475
NA
0.186
NA
0.553
NA
NA
NA
0.213
1
NA
0.213
0.213
NA
0.25
0.287
NA
NA
NA
NA
0.31
0.405
0.074
NA
NA
NA
NA
1
NA
NA
NA
1
NA
0.637
0.654
NA
0.579
NA
1
NA
NA
NA
0.233
NA
NA
0.468
1
NA
0.641
1
1
NA
NA
NA
0.413
NA
0.602
0.62
NA
0.465
NA
0.495
0.691
0.54
NA
NA
0.471
0.695
0
0
0
1
NA
NA
0.641
0.566
NA
NA
NA
NA
1
NA
NA
NA
NA
NA
NA
NA
1
NA
0.774
0.323
NA
NA
NA
NA
NA
0.59
1
NA
NA
NA
NA
NA
0.527
NA
NA
NA
NA
NA
NA
NA
NA
1
NA
NA
NA
NA
NA
NA
NA
NA
NA
NA
NA
NA
NA
NA
NA
NA
NA
NA
NA
0.277
NA
NA
NA
NA
NA
NA
NA
NA
NA
NA
NA
NA
NA
0.627
NA
0.501
0.009
NA
NA
1
0.657
0.53
NA
NA
0.104
0.302
0.302
NA
0.675
1
0.792
NA
NA
0.504
NA
NA
0.659
NA
NA
0.501
1
NA
NA
0.781
NA
1
1
0
NA
NA
NA
NA
NA
NA
NA
NA
NA
NA
NA
NA
NA
NA
NA
NA
NA
NA
NA
0.063
0.05
0.667
NA
NA
0.692
NA
NA
0.054
NA
NA
NA
NA
NA
NA
NA
NA
NA
NA
NA
NA
0.398
0.265
NA
0.392
NA
0.155
1
NA
NA
NA
NA
NA
NA
NA
NA
NA
NA
NA
NA
NA
NA
NA
NA
0.121
NA
NA
NA
NA
NA
1
NA
1
0.642
NA
NA
NA
NA
NA
1
NA
NA
1
0.121
1
NA
NA
NA
1
0.288
1
0.552
NA
NA
NA
0.657
0
NA
0.81
NA
0.538
0.534
0.575
NA
NA
NA
NA
0.782
0.048
0.766
0.398
0.39
NA
NA
1
1
NA
0.655
0.538
NA
NA
NA
NA
0.536
0.536
0.051
0.173
0.025
0.183
NA
1
NA
0.495
0.603
0.316
NA
NA
NA
NA
NA
0.092
NA
NA
0.569
0.097
NA
NA
NA
NA
NA
NA
NA
NA
NA
NA
NA
NA
NA
NA
NA
NA
NA
NA
NA
NA
NA
NA
0.065
0.326
0.326
0.726
0.651
NA
0.668
NA
0.656
NA
0.728
0.751
NA
NA
NA
NA
NA
0.64
0
0.149
NA
NA
NA
NA
NA
0.641
NA
NA
NA
NA
0.563
NA
1
NA
NA
NA
NA
NA
0.528
0.338
NA
NA
NA
1
1
0.536
1
NA
1
NA
NA
NA
NA
0
0.062
0.058
NA
NA
NA
NA
NA
NA
NA
NA
NA
NA
NA
0.326
NA
NA
NA
NA
NA
0.55
0.404
0.528
0.323
1
0.61
0.262
NA
1
NA
0.584
0.507
NA
NA
NA
0.418
NA
NA
NA
NA
NA
NA
NA
0.674
0.706
NA
NA
NA
NA
NA
NA
1
NA
NA
NA
NA
NA
NA
NA
NA
NA
NA
1
NA
1
1
NA
0.402
NA
0.708
0.56
0.442
0.174
0.746
NA
0.13
1
NA
NA
NA
NA
NA
NA
NA
0.543
NA
NA
0.655
0.81
0.81
1
0.569
NA
NA
NA
NA
0.655
0.33
NA
0.272
NA
NA
NA
0.267
0.34
0.508
0.63
NA
0.154
NA
NA
NA
NA
0.502
NA
NA
NA
NA
NA
1
NA
NA
NA
0.384
0
NA
NA
0.81
0.517
NA
NA
NA
NA
NA
0.462
NA
0.341
NA
0.166
0.129
NA
NA
NA
NA
1
NA
NA
NA
NA
NA
0.095
NA
NA
NA
NA
NA
NA
NA
NA
NA
NA
NA
NA
NA
NA
NA
NA
NA
NA
NA
NA
NA
NA
NA
NA
NA
NA
NA
NA
NA
NA
NA
NA
NA
NA
NA
NA
0.416
NA
NA
NA
0.569
NA
NA
NA
NA
0
NA
0.622
NA
NA
0.571
NA
NA
0.276
0.048
NA
NA
NA
0.73
1
0.664
0.518
NA
0.332
0.756
1
0.739
0.332
NA
1
NA
NA
NA
NA
NA
NA
0.227
NA
0.302
NA
1
0.442
0.348
NA
0.415
NA
NA
NA
NA
NA
1
NA
0.387
NA
NA
0.722
NA
0.242
NA
NA
1
1
NA
0.082
NA
0.386
0.104
1
1
1
0.66
0.252
NA
0.238
NA
NA
NA
NA
0.463
0.38
NA
NA
0
1
NA
NA
0.327
0.513
0.543
0.564
0.555
NA
NA
NA
NA
NA
NA
NA
NA
0.654
NA
NA
0.434
NA
NA
NA
NA
NA
0.222
NA
1
NA
NA
NA
NA
NA
NA
NA
NA
NA
NA
NA
NA
1
0.528
NA
NA
0.635
NA
NA
0.689
0.244
0.244
NA
NA
NA
0
NA
0.244
0.675
NA
0.576
NA
NA
NA
NA
NA
NA
NA
NA
NA
NA
NA
NA
NA
NA
NA
NA
NA
NA
NA
NA
0.112
0.102
NA
0.416
0.479
NA
0.147
0.475
NA
NA
NA
0.576
0.576
NA
NA
NA
NA
NA
NA
0.321
0.667
0.493
NA
1
0.733
NA
NA
NA
NA
NA
0.534
0.366
0.35
0.517
0.514
1
NA
1
NA
0.171
0.47
0.232
NA
NA
NA
0.314
NA
0.065
1
NA
NA
NA
NA
NA
NA
NA
NA
NA
NA
NA
0.511
NA
0.658
NA
1
0.554
0.2
NA
0.079
0.794
0.288
NA
NA
NA
0.489
0.113
1
1
NA
NA
NA
NA
0
0
NA
NA
NA
NA
0.466
NA
0.559
NA
0.129
0
NA
NA
NA
NA
NA
0.538
NA
0.55
0.787
0.665
0.203
0.42
NA
1
0
0.511
0.475
NA
0.572
1
0.717
0.674
NA
NA
0.232
0.535
0.545
0.385
NA
NA
NA
NA
NA
NA
0.562
1
NA
NA
0.149
NA
0.493
0.607
NA
NA
0.423
NA
NA
0.7
0.392
0.664
0.552
NA
NA
NA
NA
NA
1
0.394
NA
1
NA
0.605
NA
0.605
NA
NA
NA
NA
NA
NA
0
NA
NA
0.284
NA
NA
NA
NA
NA
NA
NA
NA
NA
0.273
0.338
NA
0.582
NA
1
NA
1
0.63
1
NA
NA
NA
0.36
1
NA
NA
NA
NA
NA
NA
NA
NA
0.497
NA
NA
NA
NA
NA
NA
NA
NA
NA
NA
NA
NA
0.462
NA
NA
NA
NA
NA
NA
NA
NA
1
1
0.15
NA
0.095
NA
NA
NA
NA
NA
NA
NA
NA
NA
NA
NA
NA
0.366
0.334
0.372
0.209
1
0.463
0.527
NA
NA
NA
NA
NA
NA
NA
0.853
NA
0.27
0.149
NA
NA
NA
NA
NA
NA
NA
NA
0.4
NA
NA
NA
NA
NA
NA
NA
0.254
0.327
0.327
0.338
NA
NA
NA
NA
NA
NA
0.476
NA
NA
1
0.66
NA
NA
0.604
NA
1
1
0.256
0
NA
0.529
0.517
NA
1
0.339
NA
NA
NA
NA
NA
NA
NA
NA
NA
1
0.704
0.627
NA
0.697
0.552
NA
0.187
NA
NA
0.576
NA
NA
NA
NA
NA
NA
NA
NA
1
NA
NA
NA
NA
NA
NA
NA
NA
NA
NA
NA
NA
NA
NA
NA
0.668
0.532
NA
NA
0.602
NA
0.451
NA
NA
0.748
0.702
NA
NA
NA
NA
0.721
1
0.86
NA
NA
NA
NA
NA
NA
1
NA
0.273
0.792
0.368
NA
NA
NA
0.81
0.255
NA
0.392
NA
1
1
1
NA
NA
NA
NA
NA
NA
0.326
NA
NA
NA
NA
NA
NA
NA
0.752
0.407
NA
0.536
NA
1
0.187
NA
NA
NA
NA
NA
NA
NA
NA
0.66
NA
NA
NA
NA
NA
NA
NA
NA
NA
NA
NA
NA
NA
0.531
NA
NA
0.129
0.374
NA
0.666
NA
NA
NA
0
NA
NA
NA
NA
NA
NA
0.249
NA
NA
NA
NA
NA
NA
1
0.729
1
NA
NA
NA
NA
1
NA
NA
NA
NA
NA
NA
NA
NA
0.179
NA
NA
NA
NA
NA
NA
NA
NA
NA
NA
NA
NA
0.627
NA
NA
0
1
NA
NA
0.633
0.312
NA
NA
NA
NA
NA
NA
0
NA
NA
NA
NA
NA
NA
NA
NA
NA
NA
NA
NA
NA
0.692
0.574
NA
NA
0.635
NA
NA
1
0.621
NA
NA
NA
NA
NA
0.432
NA
NA
NA
NA
NA
NA
NA
NA
0.721
NA
NA
0.448
NA
NA
NA
NA
NA
NA
NA
0
NA
NA
NA
NA
0.538
NA
NA
NA
NA
NA
NA
NA
NA
NA
NA
NA
NA
NA
0
NA
NA
NA
NA
NA
NA
NA
0.302
NA
NA
NA
NA
NA
NA
NA
NA
NA
NA
NA
NA
NA
0.71
NA
NA
NA
1
NA
NA
1
0.633
NA
NA
NA
NA
NA
NA
0.878
0.102
NA
NA
NA
NA
0.536
NA
NA
0.448
0.246
NA
NA
NA
NA
0.457
NA
NA
NA
NA
NA
NA
NA
NA
NA
NA
NA
NA
NA
NA
NA
NA
NA
0.502
0.444
1
0
1
NA
0
NA
NA
NA
NA
NA
NA
NA
NA
0.345
0.513
NA
1
1
NA
NA
0.436
1
1
NA
NA
NA
NA
NA
NA
NA
NA
1
NA
0.624
NA
NA
NA
NA
NA
0.407
NA
1
1
NA
NA
NA
NA
0.714
0.614
0.523
0.129
NA
NA
NA
NA
0.48
NA
NA
NA
NA
NA
NA
1
NA
NA
NA
NA
NA
NA
NA
NA
NA
1
0.14
NA
NA
NA
NA
NA
NA
NA
NA
NA
NA
NA
0.17
0.791
0.246
0.582
NA
NA
NA
NA
NA
0.001
NA
NA
NA
0.746
NA
0.565
0.613
NA
1
NA
NA
NA
NA
NA
0.734
NA
NA
NA
1
0.541
NA
NA
NA
NA
NA
NA
NA
NA
NA
NA
NA
1
0.508
NA
NA
NA
NA
NA
NA
NA
NA
0.26
0.733
NA
NA
NA
NA
NA
NA
0.455
0.841
0.7
1
1
NA
NA
NA
NA
NA
NA
NA
NA
NA
0.444
NA
NA
NA
NA
NA
NA
NA
NA
NA
0.207
NA
NA
0
NA
NA
NA
NA
0.762
0.431
NA
0.597
0.729
NA
1
NA
NA
NA
NA
0.432
NA
NA
0.505
0.546
NA
NA
0.46
NA
NA
NA
NA
0.179
0.379
1
NA
NA
NA
NA
NA
NA
NA
NA
0.643
0.166
NA
0.621
0
0.686
NA
1
NA
NA
NA
NA
NA
NA
NA
0.537
NA
0.587
NA
NA
NA
NA
NA
NA
NA
NA
0.518
1
0.809
0
0.746
NA
NA
NA
NA
NA
NA
0.124
0.326
0.449
1
0.629
NA
NA
NA
0.411
0.491
NA
NA
NA
NA
NA
NA
NA
NA
NA
NA
NA
0
0
NA
1
NA
NA
0.329
NA
NA
NA
0.576
0.576
NA
NA
0.576
0.163
0.582
NA
NA
NA
NA
0.117
0.242
NA
NA
NA
NA
1
NA
NA
NA
NA
0.016
0
NA
NA
NA
NA
NA
0.375
NA
NA
NA
NA
NA
NA
NA
NA
NA
NA
NA
0.546
NA
NA
NA
0.214
1
1
NA
NA
NA
NA
NA
NA
NA
0.549
NA
NA
0.559
0.467
NA
NA
NA
0.403
NA
NA
0.691
NA
0.459
NA
NA
NA
NA
NA
NA
NA
NA
NA
NA
NA
0.661
NA
NA
NA
NA
NA
NA
NA
NA
NA
NA
NA
0.162
NA
NA
NA
NA
NA
0.234
0.162
NA
0.09
NA
NA
NA
NA
0.91
NA
NA
NA
NA
NA
NA
NA
NA
NA
NA
1
0.569
NA
NA
NA
NA
0.622
NA
NA
0.577
0.533
1
1
0.298
NA
NA
NA
NA
1
1
NA
NA
NA
NA
NA
NA
NA
NA
0
0.193
0.112
0.311
NA
NA
0.237
NA
NA
NA
0.424
0.452
0.639
NA
0.535
0.469
NA
NA
0.462
0.641
NA
NA
NA
NA
NA
0.27
NA
NA
NA
NA
NA
NA
NA
NA
NA
NA
NA
0.256
NA
NA
NA
NA
0.418
0.254
NA
NA
NA
NA
NA
NA
NA
NA
NA
0.805
NA
NA
0.601
NA
NA
0.81
0.704
NA
NA
NA
NA
NA
NA
NA
NA
NA
0.739
NA
NA
NA
NA
NA
NA
NA
NA
NA
0.635
NA
NA
0.641
0.641
NA
0.273
NA
NA
NA
NA
NA
NA
NA
NA
0.461
NA
NA
NA
NA
NA
NA
NA
NA
NA
NA
0.519
0.526
1
NA
NA
NA
1
NA
NA
0.552
NA
0.612
NA
NA
NA
NA
NA
NA
NA
NA
NA
NA
NA
NA
NA
NA
0.339
NA
NA
NA
NA
NA
NA
NA
NA
NA
NA
0.553
0.648
NA
NA
NA
NA
0
NA
NA
NA
1
NA
NA
0.503
NA
NA
NA
NA
0
NA
NA
NA
NA
NA
NA
NA
NA
NA
NA
NA
NA
NA
NA
NA
NA
NA
NA
NA
0.518
NA
NA
NA
NA
NA
NA
NA
NA
NA
NA
NA
NA
NA
NA
NA
NA
NA
NA
NA
NA
NA
0.45
0
NA
NA
NA
NA
0.548
NA
NA
NA
NA
NA
NA
NA
NA
NA
1
NA
NA
NA
NA
NA
NA
NA
NA
NA
NA
NA
NA
NA
NA
NA
NA
0.322
0.077
NA
0.368
NA
NA
NA
NA
NA
NA
NA
NA
NA
NA
NA
NA
NA
0.415
0.525
NA
0.323
NA
NA
NA
NA
1
NA
NA
0.161
NA
0.459
NA
NA
0
1
NA
NA
NA
NA
NA
NA
NA
NA
NA
NA
NA
NA
NA
NA
NA
NA
NA
NA
NA
NA
NA
NA
NA
1
NA
NA
NA
NA
NA
NA
NA
NA
NA
NA
NA
NA
NA
NA
NA
0
NA
0.102
0.102
NA
NA
NA
NA
NA
NA
NA
NA
1
0.668
NA
NA
NA
1
NA
NA
NA
NA
NA
NA
NA
NA
NA
NA
NA
0.641
NA
NA
NA
NA
NA
NA
0.388
1
0.554
1
0.756
NA
NA
NA
NA
NA
NA
NA
NA
NA
0.32
NA
NA
NA
NA
NA
NA
NA
NA
NA
NA
NA
NA
0.248
NA
NA
NA
NA
NA
0.094
0.284
1
0.401
NA
0.812
NA
NA
NA
NA
NA
NA
NA
NA
NA
NA
NA
NA
NA
1
NA
NA
NA
NA
NA
NA
NA
NA
0
0.113
NA
NA
NA
NA
NA
NA
NA
NA
1
0.144
NA
NA
NA
NA
NA
NA
NA
NA
NA
NA
NA
NA
NA
NA
NA
NA
NA
NA
NA
NA
NA
NA
NA
NA
NA
NA
NA
NA
NA
NA
NA
NA
NA
0.676
1
NA
NA
NA
NA
NA
NA
0.54
NA
NA
NA
NA
NA
NA
NA
NA
NA
NA
NA
1
NA
NA
0.746
NA
1
0.593
NA
NA
NA
NA
NA
0.477
0.589
0.675
0.416
NA
0.511
NA
0.358
0.09
1
0.494
NA
0.653
NA
NA
NA
1
NA
0.754
0.608
0.664
NA
NA
0.094
NA
NA
NA
NA
NA
0
NA
0.439
1
NA
NA
NA
0.079
0.079
NA
NA
NA
NA
NA
0.422
0.601
NA
NA
NA
0.635
NA
NA
NA
NA
1
1
NA
NA
NA
NA
NA
0.155
0.155
0.155
NA
NA
0.621
NA
NA
0.677
NA
NA
NA
0.748
NA
NA
NA
NA
NA
NA
NA
NA
NA
NA
NA
NA
0.641
NA
0.613
NA
NA
NA
NA
0.385
NA
NA
NA
0.286
0.81
NA
0.439
NA
NA
NA
NA
NA
NA
NA
NA
NA
NA
NA
NA
NA
NA
NA
0.139
0.279
NA
NA
0.487
NA
NA
NA
0.618
0.551
0.586
NA
1
NA
0.686
NA
NA
0.593
0.788
0.489
NA
NA
NA
NA
NA
NA
NA
0.526
NA
NA
NA
NA
NA
NA
NA
0.375
NA
NA
NA
NA
NA
0.001
NA
NA
NA
NA
NA
NA
NA
NA
NA
NA
NA
NA
0.023
NA
NA
NA
0.49
NA
NA
0.579
NA
0.381
NA
1
NA
NA
NA
NA
NA
NA
NA
NA
0.639
0.143
NA
NA
NA
NA
NA
NA
NA
NA
NA
NA
NA
NA
NA
NA
NA
NA
NA
NA
0.149
0.639
NA
NA
NA
NA
NA
NA
NA
1
NA
0.51
NA
NA
NA
NA
NA
0.482
NA
NA
NA
NA
NA
NA
NA
NA
NA
NA
NA
NA
NA
NA
NA
NA
NA
NA
NA
1
1
NA
0.557
NA
NA
NA
NA
0.223
0.662
0.394
NA
NA
0.699
NA
NA
NA
NA
0.171
NA
NA
0.485
0.584
NA
0
1
NA
NA
1
NA
NA
0.646
NA
NA
NA
0.657
0.308
NA
NA
NA
NA
NA
NA
0.478
NA
NA
NA
NA
NA
NA
NA
NA
NA
NA
1
NA
NA
NA
NA
0.389
NA
NA
NA
NA
NA
NA
NA
NA
NA
NA
NA
NA
NA
NA
NA
NA
1
NA
0.187
NA
NA
NA
NA
NA
NA
NA
NA
NA
NA
NA
NA
NA
NA
NA
NA
NA
NA
NA
NA
NA
NA
NA
0.74
0.665
NA
0.647
0.584
0.164
NA
NA
NA
NA
NA
NA
NA
NA
0.326
1
NA
0.641
0.634
0.048
1
NA
0.664
0.641
0.691
NA
NA
NA
NA
NA
NA
NA
NA
NA
NA
NA
NA
0
NA
NA
NA
NA
0.589
0.817
NA
NA
NA
NA
NA
1
NA
NA
0.538
NA
NA
NA
NA
NA
NA
NA
NA
NA
NA
NA
NA
NA
NA
NA
NA
NA
NA
NA
NA
NA
NA
NA
NA
NA
NA
0.611
NA
NA
1
NA
NA
NA
NA
NA
NA
NA
NA
NA
NA
NA
NA
NA
NA
NA
NA
NA
NA
NA
NA
NA
NA
NA
NA
NA
NA
1
NA
NA
NA
0.812
1
1
NA
0.622
NA
NA
NA
NA
NA
NA
0.569
NA
NA
NA
NA
NA
NA
NA
NA
NA
NA
NA
NA
NA
NA
NA
NA
NA
0.311
0.693
NA
1
NA
NA
0.622
NA
NA
NA
0.652
NA
NA
NA
NA
NA
NA
NA
NA
NA
NA
NA
1
NA
0.641
0.417
0.331
0.061
1
1
NA
NA
NA
NA
0.567
0.602
NA
NA
NA
NA
NA
0
0
NA
NA
NA
NA
NA
NA
NA
NA
NA
NA
NA
1
NA
NA
NA
NA
NA
NA
NA
NA
0
NA
1
NA
0.18
NA
NA
NA
NA
NA
NA
NA
NA
NA
NA
NA
NA
NA
NA
NA
NA
NA
NA
NA
NA
NA
NA
NA
NA
NA
1
NA
0.222
0.529
0.447
NA
1
NA
NA
NA
NA
NA
NA
NA
NA
NA
NA
NA
NA
NA
0.342
NA
NA
NA
NA
NA
1
NA
NA
NA
NA
NA
NA
NA
NA
NA
NA
NA
NA
NA
NA
NA
NA
NA
NA
NA
NA
NA
NA
NA
NA
NA
NA
NA
NA
NA
NA
NA
NA
NA
NA
NA
NA
1
NA
NA
NA
1
NA
NA
NA
NA
NA
NA
NA
NA
NA
NA
NA
0.746
NA
NA
NA
NA
NA
NA
NA
NA
NA
NA
NA
NA
NA
NA
NA
0.941
0.529
NA
0.53
NA
0.663
NA
0.717
NA
0.155
NA
NA
NA
NA
NA
NA
NA
NA
0.693
0.504
0.693
NA
NA
NA
NA
NA
NA
0.81
NA
NA
NA
NA
NA
NA
NA
NA
NA
NA
NA
NA
1
NA
NA
NA
NA
NA
NA
NA
NA
1
NA
NA
1
1
NA
NA
NA
NA
NA
NA
NA
NA
NA
NA
NA
NA
NA
NA
NA
NA
NA
NA
1
NA
NA
NA
NA
NA
NA
NA
NA
NA
NA
NA
NA
NA
NA
NA
NA
NA
NA
0.065
1
NA
NA
NA
NA
NA
NA
NA
NA
NA
NA
NA
NA
NA
NA
NA
1
NA
NA
NA
NA
NA
NA
NA
NA
NA
NA
NA
NA
NA
NA
NA
NA
0.343
0.343
0.343
0
NA
NA
NA
NA
NA
NA
NA
NA
NA
NA
NA
NA
0.302
NA
NA
NA
NA
NA
NA
NA
NA
NA
NA
NA
NA
NA
NA
NA
NA
NA
NA
NA
NA
NA
NA
NA
NA
NA
NA
NA
NA
NA
NA
NA
NA
NA
NA
0.694
NA
NA
NA
NA
NA
NA
NA
NA
1
1
NA
NA
NA
NA
NA
0.628
0.778
NA
NA
NA
0.216
0.664
NA
NA
NA
NA
1
NA
1
NA
NA
NA
0.693
NA
NA
NA
NA
NA
NA
NA
NA
NA
NA
NA
NA
NA
NA
NA
NA
1
1
NA
NA
NA
NA
NA
NA
0.429
NA
NA
NA
0.657
NA
NA
NA
NA
NA
NA
NA
NA
NA
NA
NA
1
NA
NA
NA
NA
NA
NA
NA
1
NA
NA
NA
NA
NA
0.69
NA
NA
NA
0.006
NA
NA
0.235
NA
NA
NA
NA
NA
NA
NA
NA
NA
NA
NA
NA
NA
NA
NA
0.639
NA
NA
1
1
0.091
0.102
0.343
NA
NA
1
NA
NA
0.595
0.187
NA
NA
NA
NA
NA
NA
NA
NA
NA
NA
NA
NA
NA
NA
NA
0.603
NA
0.302
0.302
NA
NA
NA
NA
NA
NA
NA
NA
NA
NA
NA
NA
NA
NA
NA
NA
0.7
NA
NA
NA
NA
NA
NA
NA
NA
NA
NA
NA
NA
NA
NA
NA
NA
0.069
NA
1
NA
NA
NA
NA
NA
NA
1
NA
NA
NA
NA
NA
NA
NA
NA
NA
NA
0
NA
NA
1
1
NA
NA
NA
NA
NA
NA
NA
NA
NA
NA
NA
NA
NA
NA
NA
0.385
0.677
NA
NA
0.679
NA
NA
NA
NA
NA
NA
NA
NA
NA
1
NA
NA
0.71
0.179
1
NA
0.046
0.523
NA
NA
NA
0.625
NA
NA
NA
NA
NA
NA
NA
NA
NA
NA
NA
NA
NA
NA
NA
NA
NA
0.363
NA
NA
NA
NA
NA
NA
NA
0.133
0.422
NA
NA
NA
0.001
0.549
NA
NA
NA
NA
NA
0.538
0.453
1
0.551
0.74
NA
0.291
NA
NA
0.597
NA
0.458
NA
0.571
NA
0.377
0.604
NA
NA
NA
NA
NA
NA
NA
NA
NA
NA
NA
NA
0.733
NA
NA
NA
NA
NA
NA
0.582
0.529
0.595
0.599
NA
NA
NA
NA
NA
NA
NA
NA
NA
NA
NA
NA
NA
NA
NA
NA
NA
NA
NA
0.738
NA
NA
NA
NA
NA
NA
NA
NA
NA
NA
NA
NA
NA
NA
NA
NA
0
NA
0.576
NA
NA
NA
1
NA
0.484
NA
NA
NA
NA
NA
NA
0
NA
NA
NA
NA
NA
0.56
0.576
NA
0.062
NA
NA
NA
0.708
0.344
0.5
NA
NA
0.571
NA
NA
NA
NA
NA
NA
NA
NA
NA
NA
NA
0.577
NA
NA
NA
NA
1
NA
NA
NA
NA
NA
NA
NA
1
0.629
0.641
0.558
NA
0.53
NA
NA
NA
NA
NA
NA
NA
NA
NA
NA
NA
NA
0.907
1
NA
NA
NA
NA
0.561
NA
NA
1
0.653
NA
NA
NA
0.375
NA
NA
NA
1
NA
NA
NA
0.58
0.624
NA
NA
0.618
0.143
NA
0.23
0.3
0.582
0.284
0.41
NA
NA
NA
NA
NA
NA
0.615
NA
NA
1
1
NA
NA
NA
NA
0.87
0.855
NA
0.35
NA
NA
NA
NA
NA
0.632
1
0.359
0.461
0.659
0.628
0.476
NA
NA
NA
NA
NA
NA
1
1
NA
NA
0.387
NA
NA
NA
0.069
NA
NA
NA
NA
1
NA
NA
NA
NA
NA
NA
NA
NA
0.339
NA
NA
NA
NA
NA
0.731
NA
NA
NA
NA
NA
NA
NA
NA
NA
NA
NA
NA
NA
1
NA
NA
1
NA
0.71
0.724
0.49
0.491
1
NA
NA
NA
NA
NA
NA
NA
0.333
NA
NA
0.385
NA
0.246
NA
NA
0
NA
NA
NA
NA
NA
NA
0.513
0.685
0.598
0.602
1
NA
NA
NA
NA
NA
0.21
0.102
NA
NA
0.705
1
0.621
NA
NA
NA
NA
NA
NA
NA
0.375
0.405
NA
NA
NA
0.499
0.497
NA
0.458
NA
NA
NA
0.468
0.68
NA
NA
NA
NA
0.717
0.343
NA
NA
NA
NA
NA
0.609
0.551
NA
NA
NA
NA
NA
NA
NA
0.549
NA
0.318
NA
NA
0.462
0.546
NA
NA
1
NA
0.326
0.326
0.326
NA
1
NA
0.41
1
NA
0.578
NA
0.582
NA
1
0.149
NA
0.109
NA
1
NA
NA
NA
NA
NA
1
NA
1
NA
NA
NA
NA
NA
NA
NA
NA
0.661
0.544
0.453
0.563
0
NA
NA
NA
NA
1
NA
NA
NA
NA
NA
NA
NA
NA
NA
NA
NA
NA
NA
NA
NA
NA
NA
NA
0.154
0.077
NA
NA
NA
0.367
0.52
NA
NA
0.261
1
NA
0.345
0.001
NA
NA
NA
NA
NA
NA
NA
0.079
0.587
NA
0.589
NA
NA
0.602
1
NA
0.651
0.593
0.64
NA
NA
0.579
0.419
0.578
NA
NA
NA
0.538
NA
0.113
NA
NA
NA
NA
NA
NA
NA
NA
1
NA
0.036
NA
0.539
NA
NA
NA
0.079
NA
NA
NA
NA
NA
1
NA
NA
0.37
NA
0.37
0.37
0.701
NA
NA
NA
NA
0.203
0.603
NA
NA
NA
0
NA
0.062
0.206
NA
NA
1
0.112
0.561
0.491
NA
NA
0.327
NA
NA
NA
NA
NA
NA
NA
NA
0.705
0.371
NA
0.465
1
NA
0.14
NA
NA
1
NA
NA
NA
1
NA
0.602
NA
NA
NA
0.361
NA
NA
NA
NA
NA
1
NA
1
NA
0.358
NA
0
NA
NA
NA
NA
0.398
0
0.121
NA
NA
NA
0.569
0.533
0.576
1
NA
0.439
NA
NA
NA
NA
0.535
0.81
1
NA
NA
NA
NA
NA
NA
0.622
NA
0.334
1
0.189
NA
NA
0.47
NA
NA
NA
NA
1
NA
NA
0.171
NA
0.364
0.18
0.576
0
NA
0.307
NA
NA
NA
0.714
0.711
NA
NA
NA
NA
1
NA
0
NA
NA
NA
NA
NA
NA
NA
NA
NA
NA
NA
NA
0.431
NA
NA
NA
1
0.483
NA
0.733
NA
NA
0.647
NA
NA
NA
NA
0.406
0.521
0.652
0.744
NA
NA
NA
NA
NA
NA
1
1
NA
NA
NA
NA
NA
0.218
NA
NA
NA
NA
NA
NA
NA
NA
NA
NA
1
0.47
NA
NA
NA
NA
1
0.62
NA
NA
0.597
NA
NA
0.733
0.733
NA
NA
NA
NA
NA
NA
NA
NA
1
0.298
NA
0.379
NA
NA
NA
NA
NA
1
NA
NA
NA
NA
NA
NA
NA
NA
0.201
NA
NA
1
NA
0.396
NA
NA
NA
NA
NA
NA
NA
NA
NA
NA
NA
NA
NA
NA
NA
NA
NA
0.236
0.516
NA
NA
NA
0.384
NA
NA
NA
NA
NA
NA
1
NA
0.554
0.576
NA
NA
0.064
NA
NA
NA
NA
NA
NA
NA
NA
NA
NA
NA
NA
0.8
0.533
NA
NA
0.576
NA
NA
NA
NA
NA
NA
NA
NA
NA
NA
NA
NA
NA
0.765
0.468
NA
NA
1
NA
NA
0.411
NA
NA
0.428
NA
NA
NA
NA
NA
NA
0.302
NA
0.707
0.392
NA
0.501
NA
0.447
NA
NA
NA
0.421
NA
NA
0.733
0.048
0.705
NA
NA
1
NA
NA
NA
0.34
NA
NA
NA
NA
0.639
0.753
NA
NA
NA
NA
NA
NA
NA
NA
NA
0.089
NA
0.733
1
NA
NA
NA
0.641
NA
NA
NA
NA
NA
1
0.574
0.41
1
NA
NA
NA
NA
NA
NA
NA
NA
0.119
0.125
0.11
0.171
0.141
NA
NA
NA
NA
1
NA
NA
NA
0.102
0.296
NA
1
NA
NA
NA
NA
NA
NA
NA
NA
0.386
0.627
0.639
NA
NA
NA
NA
NA
0.31
NA
0.596
NA
0.24
0.218
1
1
0
NA
0.556
0.511
0.81
NA
NA
NA
NA
NA
NA
0.599
NA
NA
NA
0.667
1
0.749
NA
0.296
NA
NA
0.719
0.302
NA
NA
NA
NA
NA
NA
NA
1
1
NA
NA
0.547
NA
0.623
NA
NA
NA
NA
NA
NA
NA
NA
1
1
NA
NA
NA
1
1
NA
NA
NA
NA
NA
NA
NA
NA
NA
1
0.641
NA
0.087
NA
0.656
0.628
0.629
NA
NA
NA
NA
NA
NA
NA
0.733
0.169
0.076
0.73
NA
0.649
NA
NA
NA
NA
NA
NA
0.55
1
0.733
NA
0.531
NA
NA
NA
NA
0.574
NA
NA
NA
NA
NA
NA
NA
NA
NA
NA
NA
1
NA
NA
NA
NA
NA
NA
0.547
0.641
NA
NA
NA
NA
NA
NA
NA
NA
NA
0.712
0.731
0.615
NA
NA
NA
NA
NA
NA
NA
NA
NA
1
NA
NA
NA
NA
NA
0.375
NA
NA
NA
NA
0.576
0.087
0.579
0.536
0.607
NA
NA
NA
NA
NA
NA
NA
NA
NA
NA
NA
NA
NA
NA
NA
1
NA
NA
NA
NA
NA
NA
NA
NA
0.749
NA
NA
NA
0.388
NA
NA
NA
0.635
0.58
NA
NA
0.308
NA
1
NA
NA
NA
NA
NA
NA
NA
NA
NA
0.657
0
NA
NA
NA
NA
NA
0.655
NA
NA
0.009
NA
NA
NA
NA
0.57
NA
NA
NA
NA
NA
0.542
1
NA
NA
NA
NA
0.537
1
NA
NA
NA
NA
NA
NA
NA
0
NA
NA
0.699
0.81
NA
NA
0.302
NA
0.599
NA
NA
NA
NA
0.59
NA
NA
NA
NA
NA
0.532
NA
0.603
0.312
NA
1
NA
NA
NA
0.947
NA
NA
NA
0.703
NA
NA
1
0.659
0.546
NA
0.209
NA
NA
NA
NA
0.603
NA
0.521
NA
NA
NA
NA
0.485
0.393
NA
0.733
NA
0.679
NA
NA
NA
1
NA
NA
NA
NA
NA
NA
NA
NA
NA
0.149
NA
0.317
NA
0.653
NA
NA
1
0.515
NA
NA
NA
NA
0.706
NA
NA
NA
NA
NA
NA
NA
0.771
NA
NA
NA
NA
0.488
NA
NA
NA
NA
NA
NA
NA
NA
NA
0.468
NA
NA
NA
0.462
NA
0.533
1
0.66
NA
1
0.643
NA
1
NA
1
NA
NA
0.155
0.164
1
1
NA
1
NA
NA
NA
NA
1
NA
0.524
NA
NA
NA
NA
0.622
NA
NA
NA
NA
NA
NA
1
1
NA
0.366
NA
NA
NA
0.375
NA
NA
NA
0.619
NA
1
NA
0.311
0.311
NA
1
NA
0.501
1
NA
NA
