1
1
0.527
0.294
0.361
0.374
0.388
0.598
0.313
1
0.599
0.696
0.382
1
NA
0.791
0.524
0.678
0.554
0.558
1
0.326
0.484
0.588
0.536
0.312
0.545
0.501
0.616
0.554
0.701
0.248
0.394
0.644
NA
NA
NA
NA
1
0.435
0.99
0.611
0.835
1
0.146
0.38
0.516
0.619
1
1
1
NA
1
NA
0.356
NA
1
0.459
0.534
0.57
0.459
0.374
0.361
0.501
NA
0.514
0.236
NA
0.667
0.454
NA
NA
NA
NA
NA
NA
NA
NA
NA
1
NA
1
1
1
1
1
NA
0.286
0.094
0.659
NA
0.833
1
0.427
0.462
0.489
0.634
0.33
0.33
0.33
0.521
1
NA
NA
NA
NA
NA
0.476
NA
0.406
1
0.699
NA
0.85
0.85
0.673
0
1
0.717
0.402
0.078
0.673
1
0.169
1
NA
0.86
0.26
NA
0.5
NA
1
0.863
1
0
0.731
0
0
0
0
0
0
0
0
1
1
1
0.109
0.143
0.562
0.398
0.482
1
1
1
1
1
1
1
1
1
NA
0.301
0.305
0.312
0.296
0.28
0.41
0.361
1
0.441
0.386
0.364
1
0.583
0.507
0.325
0.42
0.319
0.505
1
0.451
0.37
0.4
0.702
0.26
0.394
1
0.402
0.078
0.593
0.392
1
0.606
0.557
NA
NA
NA
NA
0.717
0.472
0.545
1
0.572
0.851
0.606
0.397
NA
1
1
1
0.317
0.042
0.295
0.261
0.488
0.298
0.348
1
0.467
1
0.311
0.243
0.421
0.314
0.092
0.273
0.713
0.358
0.584
0.407
0.504
0.483
0.682
0.477
NA
0.684
0.191
0.278
0.375
0.565
1
NA
NA
0.301
0.719
0.55
NA
1
1
1
1
1
1
1
1
0.778
0.854
0.882
0.419
0.398
1
0.289
1
1
1
1
1
1
0
1
0.365
0.402
0.36
0.385
0.552
0.469
NA
NA
0.191
0.313
NA
0.87
0.988
1
NA
1
0.72
0.415
0.267
NA
1
0.239
0.418
0.419
0.462
0.395
0.731
0.448
0.384
0.416
0.746
0.603
0.667
NA
NA
0.584
0.536
0.326
1
1
1
1
1
NA
NA
0.31
0.362
0.385
0.295
0.447
0.278
0.539
1
0.431
0.268
0.398
1
0.47
0.518
0.489
1
0.537
0.191
0.191
0.191
0.191
NA
0.524
0.323
0.451
0.736
1
1
0.126
0.418
1
0.8
0.646
1
1
1
1
1
1
0.534
NA
0.463
0.516
0.598
0.445
0.372
0.336
NA
0.441
0.379
0.345
0.474
1
1
1
0.336
1
0.294
1
0.861
NA
0.218
1
0.402
0.654
1
0.233
1
0
1
0.674
0.631
0.422
0.681
0.557
1
0
0.065
0.559
1
NA
NA
0.438
0.679
0.325
1
0.352
1
1
1
1
1
0
0.545
0.651
0.602
0.442
NA
0.085
1
0.531
1
1
1
0.489
0.43
0.396
1
1
NA
0.4
0.412
0.465
0.78
0.441
0.363
0.363
0.311
0.335
1
1
0.291
0.412
0.415
0.421
1
0.337
NA
0.345
1
1
0.447
0.578
0.527
0.589
1
NA
NA
0.125
NA
0.715
NA
0.64
0
1
0.328
0.037
0.044
0.542
1
0.339
0.297
0.379
0.477
0.286
0.334
0.367
0.845
1
0.531
0.495
0.419
0.288
0
NA
0.488
0.494
0.574
0.408
0.536
NA
0.931
1
1
1
1
1
1
0
NA
0.342
0.222
NA
1
0.457
NA
0.5
0.85
0.391
0.225
NA
1
1
1
NA
NA
0.403
0.914
0.329
NA
1
0.437
0.536
1
1
1
0.157
0.353
0.615
0.54
0.367
0.229
0.433
0.539
0.401
0.371
0.321
0.327
0.234
0.591
0.481
0.459
0.385
0.42
1
0.693
0.578
0.534
1
0.534
0.84
1
NA
0.869
0.639
0.461
0.776
0.418
0.604
0.786
0.87
0.673
0.757
0.748
0.367
0.363
0.377
1
0.403
0.548
0.411
0.291
0.597
1
0.45
0.714
0.51
0.64
0.54
0.354
0.364
0.354
0.333
0.215
NA
NA
NA
NA
0.289
0.457
0.535
0.626
0.616
1
1
0.385
0.373
0.263
0.491
0.521
0.607
0.143
NA
0.641
0.829
0.332
0.582
0.172
0.067
1
1
1
1
1
1
1
1
1
0.752
0.598
0.67
1
0.621
0.438
NA
1
0.644
0.5
1
0.842
0.608
1
0.377
0.667
1
1
1
0.279
0
0.112
0.691
0.626
0.223
0.851
0
0.38
0.63
0.63
0.325
1
1
1
NA
0.489
0.584
0.612
0.612
0.537
0.454
0.479
0.413
0.454
0.369
0.648
0.418
0.5
0.512
0.375
0.491
0.436
0.579
0.448
1
0.596
0.41
0.374
1
0.134
0.84
0.398
1
0.096
0.299
0.387
0.376
0.358
1
1
0.403
0.373
1
0.504
0.484
0
0.463
1
0.331
0.191
0.39
1
1
1
0.319
0.352
0.746
0.551
1
1
1
NA
0.374
0.374
NA
0.4
0.436
1
0.671
0.307
0.334
0.329
0.286
0.405
0.123
0.626
0.396
NA
1
1
0.529
0.312
0.323
0.324
0.346
0.296
0.324
0.469
0.362
0.394
0.529
0.512
0.317
0.118
0.767
0.44
0.482
0.442
0.724
0.762
0.34
0.348
0.255
0.577
0.959
0.593
1
0.346
0.595
0.351
0.489
0.358
0.393
0.452
0.506
0.287
0.368
0.638
0.1
0.1
0.352
1
0.369
NA
0.914
0.36
0.658
0
1
0.375
0.273
1
1
0.294
0.349
0.227
0.353
0.298
1
0.435
0.538
1
0.545
0.263
1
0.834
0.558
1
NA
NA
NA
NA
1
0.405
1
1
0.544
0.875
0.696
0.454
1
1
1
1
1
1
1
1
1
1
1
0.223
NA
NA
1
0.302
0.744
0.285
NA
0.318
NA
0.5
0.337
1
0.551
1
0.495
0.4
1
0.223
0.363
NA
NA
NA
NA
NA
NA
1
0.404
0.389
NA
0.407
0.538
0.33
1
1
0
0.522
NA
NA
1
1
0.66
1
1
NA
0.527
1
0.43
NA
0.386
0.636
0.326
NA
0.563
0.527
0.323
0.276
0.324
0
0.574
0.39
0
NA
NA
NA
0.572
0.301
0.676
0.557
1
0.724
NA
0.449
0.472
0
0.43
NA
NA
0.461
0.437
0.457
0.752
0.746
0.635
1
0.516
0.414
NA
0.4
1
1
0.334
1
1
1
1
0
1
1
1
0.503
0.403
0.516
0.713
0.288
0.647
0.444
0.634
0.328
0.382
0.619
0.623
0.296
0.479
0.478
0.853
1
0.077
1
0.12
1
0.315
1
1
1
0
NA
1
1
1
1
1
1
0.769
0.447
0.42
0.398
0.528
0.535
0.843
1
1
1
0.355
1
0.464
0.447
NA
0.461
0.478
0.285
0.285
0.285
0.285
1
1
NA
1
1
0.508
1
0.335
0.573
0.662
0.488
0.458
0.556
1
1
0.355
0.267
1
1
1
1
1
1
1
1
1
1
1
1
1
0.367
0.281
0.413
0.414
0.419
0.404
0.301
0.304
0.272
0.526
0.303
0.459
0.353
0.226
0.424
NA
1
NA
0.535
0.071
0.548
0.937
0.592
NA
0.607
0.363
1
NA
1
1
1
1
NA
1
1
NA
NA
0.503
1
1
NA
1
0.343
1
0.348
0.362
0.362
0.33
0.32
0
NA
1
NA
0.938
1
0.4
0.787
0.451
0.415
0.387
0.318
0.369
1
0.303
0.804
0.771
NA
0
0.321
0.348
0.426
0.42
0.42
0.327
0.244
1
1
0.508
NA
1
0.599
1
1
0.412
1
NA
0.634
0.508
0.346
0.431
0.543
0.609
1
NA
0.603
0
0.382
0.34
0.408
0.533
NA
0.386
NA
1
0.339
1
0.514
0.424
0.11
0.4
0.147
1
0.413
0.461
0.49
0.469
0.437
0.389
0.525
0.525
1
0.505
0.539
NA
NA
NA
NA
1
1
1
1
0.264
0.902
0.499
0.339
0.596
0.379
0.234
0.383
0.364
0.265
1
0.396
0.479
1
1
1
0.73
0.447
0.854
0.421
1
0.15
NA
0.207
0.385
0.387
0.625
NA
1
0.451
0
1
0.589
0.417
0.446
0.575
1
0.907
1
0.791
NA
1
NA
NA
NA
NA
NA
NA
NA
NA
0.368
0.138
1
0.378
0.363
0.406
0.443
1
NA
0.829
NA
0.308
0.331
1
0.28
0.409
0.361
0.338
0.505
0.477
1
0.382
1
1
1
1
1
0.365
0.345
0.338
0.616
0.547
0.287
0.32
0.24
0.426
0.205
0.439
0.439
0.468
NA
NA
NA
NA
0.244
0.275
0.211
NA
NA
0.7
0.725
0.418
0.27
NA
NA
0.593
0.593
0.113
0.541
1
1
1
0.25
1
1
1
1
1
NA
1
NA
1
1
0.612
0.512
0.493
0.28
1
NA
1
1
1
NA
1
0.441
0.448
NA
0.333
0.262
0.293
0.275
0.191
0.191
1
0.353
NA
0.488
0.398
NA
0.857
1
0.049
0
0.098
1
1
0.804
0.964
0.857
1
NA
0.737
0.696
NA
NA
1
0.572
0.456
0
NA
NA
0.464
NA
NA
1
1
0.401
1
1
0.373
0.45
0.191
0.285
0.437
0.231
1
0.355
0.397
NA
0.388
0.622
1
1
0.444
1
0.333
0.471
NA
0.191
NA
NA
1
0.558
0.715
0.318
0.689
1
0.423
0.578
0.365
0.551
0
0
0
0
0.842
0
1
0.323
0.565
0.318
0.331
0.282
1
0.391
0.253
0.568
0
0
0
NA
NA
1
1
NA
0
0
0
NA
1
1
1
0.472
0.117
NA
NA
0.333
0.755
0.721
0.332
0.417
0.506
NA
NA
NA
NA
NA
NA
NA
0.264
1
0.346
1
1
0.559
0.211
1
0.838
1
0.153
0.362
0.241
1
0.411
0.558
NA
NA
NA
NA
NA
NA
1
NA
1
1
1
0.312
1
0
1
1
1
1
1
0.441
0.45
NA
NA
NA
0.082
1
1
1
1
0
1
1
1
1
0.051
0.245
0.259
0.072
0.072
1
1
NA
NA
NA
NA
NA
0.447
1
0
NA
NA
NA
NA
NA
0
0
0.193
0.53
1
1
NA
0.764
0
1
0.622
0.821
1
0.27
0.228
0.478
0.677
0.424
0.296
1
0.462
0.319
0.297
0.228
0.5
0.193
0.22
0.232
0.567
0.564
0.417
0.64
1
0.462
NA
0.627
0.43
0.453
0.306
1
0.7
0.613
0.723
0.253
0.558
0.65
0.622
NA
0.234
0.595
0.44
0.295
0.463
0.376
0.426
0.378
0.304
1
0.237
0.896
0.58
1
0.47
0.417
0.536
0.243
0.613
0.461
0.237
NA
1
1
0.496
0.512
0.441
0.254
0.419
0.344
0.563
1
1
0.141
0.191
NA
0.482
0.282
0.328
0.377
1
0.47
0.512
1
0.521
0.502
0.425
0.539
0.371
NA
0.411
0.559
0.378
0.403
0.484
0.363
NA
0.352
1
0.412
0.382
0.447
0.335
1
1
1
1
NA
1
1
1
1
NA
NA
1
1
1
1
0.215
1
1
1
0.242
1
1
1
1
0.528
1
1
0.401
0.741
1
0.313
0.749
NA
NA
NA
NA
1
0.12
0.304
0.99
1
0.119
1
1
0.447
1
0.447
1
1
0.291
0.533
0.599
1
1
0.23
1
0.572
0.548
0.437
0.518
0.568
0.549
0.524
0.579
1
0.079
0.288
0.324
0.357
0.309
0.303
0.203
0.315
0.421
0.322
0.306
0.34
0.276
0.277
0.25
0.268
0.316
0.199
0.294
0.727
0
0.244
0.281
1
0.422
0.688
0.649
0.687
0.44
0.262
0.431
0.35
0.289
NA
1
0.411
1
0.227
0.183
1
1
1
0.655
0.263
1
0.299
1
0.434
0.273
0.792
0.381
0.42
0.655
0.396
NA
0.458
0.373
0.308
0.357
0.448
0
0.592
0.466
0.274
0.426
0.402
0.338
0.308
0.414
0.222
0.274
0.307
NA
1
0.414
0.392
0.214
0.33
0.405
0.374
0.365
0.096
0.356
0.707
1
0.286
0.317
0.287
0.289
0.393
0.408
0.454
0.116
NA
0.476
0
0.458
0.363
0.346
0.412
0.501
0.501
0.307
0.371
0
0.366
0.233
NA
0.127
0.317
0.43
0.362
0.247
0.382
0.316
0.336
0.47
0.422
0.392
0.366
0.422
1
NA
0.412
0.478
1
0.538
0.462
0.422
0
0.284
0
0.371
0.311
0.339
0.328
NA
0.389
0.504
0.475
0.477
0.323
0.442
0.363
0.354
0.354
0.246
0.362
0.454
0.502
0.621
0.328
0.295
0.573
0
0.499
0.365
0.449
0.573
0.374
NA
0.406
0.445
0.633
0
0
0.336
0.272
0.457
0.696
0.351
0.444
0
0.444
NA
NA
NA
NA
0.055
NA
0.08
0
0.08
0.375
0.375
1
0.375
NA
NA
1
0.61
0.282
1
1
1
1
1
0.125
0.69
0.11
0.293
1
0.831
0.985
0.639
NA
0.831
0.584
0.378
1
NA
1
0.396
0.388
0.191
0.858
0.433
0.438
0.889
0.728
0.584
0.583
NA
1
1
NA
1
0.316
1
0.689
NA
1
0.343
0.638
0.502
0.394
NA
1
0.338
0.378
0.408
0.633
0.55
0.405
0.514
0.508
0.39
0.404
0.378
0.353
0.39
0.424
NA
0.592
0.332
1
1
1
1
0.315
0.421
NA
NA
0.353
0.644
0.317
0.358
0.336
1
1
0.223
1
NA
NA
0.298
0
0.339
0.43
0.264
0.31
0
0.242
0.441
NA
0.277
0.385
0.382
0.579
0.057
0.104
NA
0.495
0.248
0.421
0.465
0.386
0.471
0.369
0.369
1
1
0.21
0.456
0.384
1
0.453
0.381
0.869
1
0.359
0.417
0.401
0.3
0.381
0.284
0.279
0.343
0.082
0.467
0.554
0.431
0.045
1
NA
0.918
0.045
0.225
0.538
1
1
1
1
1
1
1
1
1
1
0.252
NA
1
0.495
0.497
0.337
1
1
0.336
0.342
0.478
0.513
0.524
0.283
NA
1
NA
1
0.694
0.223
1
1
0.656
NA
1
0.502
1
0.475
0.57
0.355
1
0.475
1
0.462
0.54
0.483
0.158
0.4
0.191
0.191
0
0.096
0.191
1
0.407
1
NA
0.384
0.714
1
0.398
0.395
0.156
0.857
1
1
0.343
0.459
0.486
0.642
0.67
0.677
0.338
0.43
0.5
1
1
1
0.656
0.833
0.909
0.395
0.316
0.525
0.47
0.194
NA
1
0.506
0.489
1
0.612
0.697
1
1
1
NA
NA
NA
1
0.311
0.147
0.141
1
0.394
1
0.167
0.599
0.506
0.278
1
NA
1
0.663
0.411
0.313
0
0.288
0.277
0.259
0.276
0
0.052
1
0.315
0.476
0.509
NA
0.337
NA
NA
0.386
0.507
NA
0.561
1
0.603
0.545
NA
0.124
0.348
0.317
0.449
1
0.449
0.263
0.335
0.41
0.581
0
0.41
0.49
1
NA
0.418
0
0.343
0.316
0.365
0.426
0.442
0.542
0
1
0.478
0.668
1
0.443
0.455
0
0
0
0.303
0.291
0.31
0.069
0.065
1
0.274
0.291
0
0.332
0.058
0.332
1
0.527
0.332
0.321
0.447
0.335
0.46
0.325
1
0.361
0.393
0.578
0.533
1
0.438
0.394
1
1
0.383
0.665
0.724
0.448
0.416
0.633
1
1
0.697
0.761
1
0.335
0.378
0.37
0.537
0.48
0.72
0.573
0.368
0.375
1
0.433
0.474
0.529
0.581
1
0.601
0.408
0.503
1
0.443
0
0
1
1
0.502
0.5
0.384
0.383
0.365
0.511
1
1
1
0.448
1
0.458
0.479
0.552
0.497
0.439
NA
0.419
0.434
0.45
0.556
NA
NA
0.428
0.227
0.231
0.513
1
0.76
0.35
1
1
1
1
1
1
1
1
1
NA
0.486
0.488
1
0.622
0.441
0.51
1
0.517
1
1
0
0.723
0.407
0.491
0.314
0.479
1
1
1
1
1
0.363
1
0.879
0.147
0.11
0.433
1
0.517
0.45
NA
0.229
0.384
0.381
1
0
1
0.759
0.65
1
1
1
1
1
1
1
0.348
0.438
0
NA
0.207
NA
0.185
0.178
0.116
0
0.45
0.508
0.465
0.509
1
0.315
0.377
0.622
1
0.447
0.418
0.456
0.489
1
0.7
0.573
0.531
0.451
0.391
0.488
0.382
0.588
0.517
0.489
0.429
1
0.691
1
0.506
0.46
0.519
1
0.37
0.663
0.379
0.542
0.58
0.58
1
0.472
0.742
0.426
0.443
0.414
1
0.45
1
1
0.361
1
0.55
0.464
0.485
1
0.5
0.547
0.587
0.794
0.81
0.714
1
0.647
0.682
0.53
0.683
0.531
1
0.846
0.516
0.369
NA
1
0.398
0.339
0.201
0.724
0.524
0.341
1
0.592
0.468
1
0.503
0.3
0.342
0.314
1
0.036
0.295
0.421
0.45
0.171
0.404
0.235
0.148
0.352
1
0.313
0
1
0.272
0.265
0.277
0.27
0.296
0.756
0.676
0.665
0.703
0.59
0.314
0.476
0.524
0.499
0.66
0.419
0.589
0.599
0.471
0.413
0.242
0.317
NA
NA
NA
0.686
1
NA
NA
0.686
NA
0.553
0.201
0.553
0.346
0.591
0.253
0.253
0
NA
0.789
0.637
0.253
0.253
0.253
0
0.253
0.253
1
0.42
0.421
1
0.563
0.451
0
0.455
1
0.563
0.42
1
0.529
0.952
1
NA
0
1
1
1
1
0.263
0.28
0.426
0.454
0.455
0.127
0.317
1
0.555
0.238
0.282
0.649
NA
0.282
0.319
NA
0.53
0.281
0.642
0.604
0.196
0.506
1
0.358
0.536
0.566
0.533
0.457
0.316
0.39
0.269
0.462
0.457
0.438
1
1
0.329
NA
0.285
0.463
0.367
0.37
0.392
1
0.466
0.272
0.373
0.293
1
0.602
1
0.484
0.803
0.652
0.665
1
1
0.86
0.485
0.715
0.409
0.506
0.675
1
0.833
0.778
0.514
0.563
1
NA
0.502
1
NA
0.796
NA
NA
NA
NA
NA
0.889
0.895
0.87
0.87
1
0.296
0.272
1
0.284
0
0.591
0.402
0.218
0.381
0
0.295
1
0
1
0.312
0.312
0.698
0.717
NA
0.15
0.778
0.519
0.617
0.821
0.697
0.508
NA
1
0.357
0.363
0.313
1
0.919
0.711
0.677
0.308
0.253
NA
0.191
1
1
NA
0.506
1
0.525
1
0.523
0.615
0.615
0.418
0.545
1
1
1
1
NA
0.469
NA
1
NA
NA
NA
NA
NA
NA
NA
NA
NA
NA
NA
NA
NA
1
0
0.076
0.68
1
0.428
NA
0.735
0.382
0.545
NA
NA
NA
NA
NA
NA
NA
NA
1
0.452
0.502
1
0.349
0.35
0.68
0.33
1
0.577
0.629
0
0.642
1
0.331
0.451
0.451
1
0
0.353
0.133
0.442
0.682
0.393
0.49
0.458
0.547
0.4
0.4
0.333
1
NA
1
1
0
1
0
0
NA
0.502
0.73
0.563
0.53
0.365
0.411
NA
0.635
0.485
1
1
0.544
0.592
0.417
0.408
0.469
0.375
1
0.39
1
0.557
0.616
0.401
1
NA
0.515
0.464
0.407
0.483
1
0.532
0.554
0.572
0.546
0.442
0.377
1
0.619
0.449
0.422
1
0.659
0.545
0.621
1
0.508
0.403
0.549
0.408
0.404
0.522
0.214
0.604
1
0.369
0.473
0.496
1
0.432
1
0.528
0.734
0.283
0.562
1
0.84
0.903
0.483
0.375
0.486
0.539
0.527
0.544
0
1
0.838
0.587
1
0.66
1
0.279
0.366
0.578
0.565
0.411
0.366
0.364
0.278
0.407
1
0.535
0.627
0.755
0.54
0.485
1
0.257
0.25
0.468
0.301
0.55
0.604
0.276
1
0.526
0.291
0.397
0.653
0.31
0.362
0.565
0.676
0.646
0.299
0.727
0.182
0.347
0.442
0.291
0.309
0.684
0.416
0.517
0.621
0.568
0.387
0.418
0.342
0.27
0.387
0.224
0.365
1
0.603
1
0.335
0.611
0.787
1
0.382
0.598
0.297
0.613
1
0.367
0.457
0.527
0.426
0.498
1
0.295
0.701
0.536
0.317
0.415
0.816
0.354
NA
0.579
1
0.796
0.582
1
0.773
0.774
0.416
0.308
0.521
0.524
0.898
1
0.827
0.375
0.292
0.45
0.791
1
0.87
0.271
0.431
0.27
0.696
0.618
1
0.141
0.564
0.485
0.855
0.243
1
0.347
0.457
0.212
NA
NA
0.305
0.465
1
0.6
0.234
0.303
0
0.967
0.39
0.69
0.089
0.358
0.514
0.574
0.517
0.572
NA
0.613
1
1
0.412
0.697
0.573
0
1
0.446
0.395
0.396
1
NA
NA
0
1
1
NA
1
1
1
1
1
1
1
1
0.309
0.344
0.489
0.598
0.466
1
0.7
1
0.542
0.378
0.661
0.645
0.696
0.45
0.394
0.784
0.539
0.335
0.519
0.669
0.386
0.369
0.624
0.732
0.451
0.697
1
0.116
NA
0.419
0
0
1
0.8
0
0
0
0
0
0
1
NA
1
0.342
0.502
NA
NA
NA
NA
NA
NA
NA
NA
NA
1
NA
0.669
1
1
0.502
0.216
0
1
1
1
NA
0.33
0.501
1
1
0.724
0.308
1
0.296
0.734
0.321
0.385
0.304
0.204
0.481
0.336
NA
0.385
0.46
1
0.312
1
NA
NA
1
0.506
0.7
0.252
NA
NA
NA
NA
NA
NA
NA
0.326
0.329
0.373
0.191
0.491
1
NA
NA
NA
1
1
0.288
0.419
0.541
0.389
0.389
0.362
0.127
0.127
0.622
0.695
0.688
0.358
0.252
NA
0.442
0.096
NA
0.13
0.13
0.346
0.604
0.504
1
NA
0.252
NA
NA
NA
1
0.418
0.305
0.116
0.116
NA
1
1
NA
1
1
1
NA
1
1
1
0
1
0.393
0.393
0.292
1
0.326
0.291
0.241
0
NA
NA
NA
NA
NA
NA
1
0.489
0.7
0.456
1
1
1
0.16
0.277
0
0.488
0.198
1
1
1
1
0.597
0.636
NA
NA
NA
NA
NA
0.318
1
0.376
0.729
0.7
0.451
0.388
0.467
0.262
0.284
0.433
0.281
0.414
0.299
0.298
0.266
0.574
0.436
0.412
0.519
0.634
0.527
0.448
1
0.574
0.565
0.352
0.535
0.562
0.442
1
0.409
0.416
1
0.699
0.815
0.856
1
0.509
0.313
0.777
1
1
1
1
1
NA
1
1
NA
0.852
1
0.577
1
0.426
1
0.41
0.549
0.489
0.642
0.481
1
0.597
0.523
0.552
0.377
0.483
0.413
1
0.521
0.524
1
1
0.496
0.454
0.375
1
0.618
1
1
1
0
NA
NA
0.594
0.11
1
1
1
0.759
0.843
0.861
0.843
0.528
0.54
0.359
1
0.257
0.301
NA
0.232
0.48
NA
NA
NA
1
0.113
0.501
1
0.505
0.496
0.505
0.761
1
0.438
0.612
0.528
0.457
0.586
0.505
0.523
0.403
0.402
0.458
1
0.284
0.403
0.339
0.377
0.66
0.279
1
0.624
1
0.437
1
NA
0.472
0.601
0.654
0.62
1
1
0
NA
1
NA
1
0.548
1
1
1
1
0.443
0.431
0.345
0.316
0.305
NA
0.648
1
1
1
0.291
0
NA
1
0.659
0.422
0.64
0.599
0.499
1
1
0.862
0.573
0.401
NA
NA
0.42
0.573
0.476
1
0.424
NA
1
1
0.066
1
0.199
0.202
0.255
0.197
0.119
0.423
1
1
1
1
1
1
0.455
0.738
0.47
1
0.466
0.475
0.205
1
0
0.564
0.403
0.272
1
0.453
NA
0.689
0.746
0.8
1
NA
0.513
1
0.513
0.348
0.507
0.539
0.331
0.449
1
0.384
0.423
0.801
1
0.661
NA
NA
NA
NA
0.368
1
0.22
NA
1
1
1
1
1
1
NA
1
0.225
0.251
1
1
0.594
0.463
0.513
0.392
0.265
0.448
0.336
0.249
0
1
0.716
1
NA
NA
NA
0.293
0.24
1
0.254
0.254
0.212
0.52
0.73
1
NA
0.705
1
1
0.437
0.437
0.393
NA
0.509
0.233
0.36
0.43
0.562
0
1
0.507
1
0.191
0
0.468
0.244
0.411
0.581
0.275
0.457
0.481
1
0.548
1
1
1
1
1
0
0.55
1
0.589
0.515
0.387
0.469
0.24
1
NA
0.453
0.178
0.447
0.381
0.428
0.433
0.341
0.266
1
1
1
0.818
1
1
0.498
0.533
1
0.455
0.523
0.766
0.22
0.122
0.235
0.22
0.159
1
0.962
1
0
0.223
NA
NA
0.294
0.477
0.334
1
0.437
1
0.363
NA
0.411
0.352
0.477
0.414
0.46
0.486
NA
NA
1
1
NA
NA
NA
NA
NA
NA
0.481
0.513
0.352
1
0.407
1
1
1
0.77
0.603
0.647
0.623
0.548
0.446
0
0
1
0
0
0
NA
0.559
1
0.8
0.769
0.65
0.372
0.445
0.747
0.875
1
0.714
0.403
0.655
0.79
0.727
0.245
0.464
0.053
1
1
1
1
0.622
0.288
0.591
0.323
0.372
1
NA
1
1
0.339
1
0.617
0.828
1
0.515
0.302
0.308
0.384
1
0.337
0.4
0.532
0.469
0.545
1
1
1
1
0
0.389
0.452
1
1
1
1
1
1
1
1
1
1
1
NA
1
1
1
1
0.662
0.286
0.336
0.42
0.682
0.372
0.301
1
0.393
0.595
0.482
1
0.311
1
0.279
1
1
1
1
NA
1
0.988
0.731
0.284
0.304
0.313
0.315
0.385
NA
NA
0.534
1
0
1
0.354
0.467
0.309
NA
NA
NA
NA
NA
1
0.482
0.599
0.36
0.826
0.473
0.323
0.333
0.315
0.283
1
0.292
0.418
0.564
0.497
0.942
1
0.343
0.498
NA
0.538
1
0.401
1
0.469
0.274
0.297
0.425
1
1
1
0.124
0.446
1
1
0.301
0.49
0.686
0.721
0.696
0.283
1
1
0.696
0.683
0.484
0.247
1
1
0.243
0.384
1
0.296
0.54
0.442
NA
1
0.525
0.453
0.497
0.641
0.165
0.488
0.358
1
0.635
0.287
0.352
0.468
0.304
0.308
0.583
0.21
0.286
NA
0.305
0.591
0.556
0.699
0.454
0.399
0.357
0.454
0.454
0.632
0.836
0.732
0.592
0
0
0
0.398
1
NA
NA
NA
NA
NA
NA
1
1
0.236
0.449
0.341
1
0
0.207
0.081
0
0.217
0.56
1
1
1
1
1
1
0.438
0.763
1
1
0.787
0.75
NA
NA
0.392
0.77
NA
1
1
NA
1
1
1
0.366
1
0.338
0.453
0.459
0.273
0.378
1
NA
0.354
1
0.447
0.438
NA
NA
NA
NA
1
1
0.562
0.733
0.857
0.866
1
0.4
1
0.227
0.489
1
0
1
0.149
NA
1
1
1
NA
1
0.328
NA
NA
0.191
1
1
1
0.22
1
0.337
1
1
1
NA
1
NA
1
1
1
1
0.228
NA
NA
1
1
0.479
0.355
1
0.255
0.609
0.353
0.34
0
1
0.162
0.233
1
1
1
1
1
1
1
1
1
NA
1
0.482
0.472
0.583
0.567
0.505
1
NA
NA
NA
1
1
0.78
0.628
0.806
0.207
0.827
NA
0.669
0.669
0.633
0.323
0.322
0.606
1
NA
0.75
0.676
0.791
0.71
0.75
0.662
0.788
0.846
1
NA
0.755
0.49
0.88
1
0.26
NA
1
1
1
1
1
1
1
0.215
NA
1
1
0.424
0.228
0.445
NA
0.215
1
0
1
1
1
1
1
1
1
0
1
0.675
0.316
0.482
1
0.734
0.174
1
0.37
0.302
0.326
0.561
0.329
0.543
0.588
0.453
1
0.334
NA
0.263
0.242
0.193
0.238
0.334
0.334
0.189
0.238
0.334
0.191
0.283
NA
0.238
0.215
NA
0.334
NA
0.466
0.533
0.533
0.533
1
1
1
1
1
NA
1
1
0.438
NA
NA
1
1
1
NA
NA
NA
NA
0.4
1
0.41
0.373
0.42
NA
0.512
0.111
0
1
1
1
1
0.503
1
0.664
0.42
0.525
0.668
0.955
0.422
1
0.54
0.705
1
0.48
0.501
0.531
0.453
1
0.442
0.834
1
0.499
0.635
NA
0.696
1
0.834
0.834
0.783
0.378
1
0.52
0.525
0.35
0.4
1
0.696
0.866
0.463
0.624
NA
1
1
0.498
0.441
0.498
0.875
0.875
0.875
0.443
0.481
1
0.8
0.495
0.425
0.4
NA
0.37
NA
1
0.775
0.613
0.444
0.568
0.563
0.6
0.6
NA
0.374
0.56
1
1
NA
NA
1
1
1
1
0.689
0
0
0
0
1
0.704
1
1
1
1
1
0.263
1
1
0.418
0.435
1
NA
0.419
1
1
0.461
0.25
1
0.345
0.458
0.528
NA
1
0.381
0.379
1
0.907
0.791
0.829
NA
0.566
0.368
0.551
NA
0.503
0.468
0
0.286
1
0
0
0.08
NA
1
0
0.301
0.152
0.325
0.513
0.824
1
0.4
0.291
0.367
1
0.493
0.487
0.22
0.023
0.195
1
0.135
0
NA
0.489
0.174
0.199
0.364
0.353
1
0.277
1
0.432
0.328
0.632
0.409
NA
0.414
0.374
0.428
0.546
0.318
0.489
0.47
0.235
0.47
0.448
0.444
0.436
1
0.383
0.327
0.443
0.223
0.47
1
0.465
0.456
0.521
0.52
0.623
0.577
1
1
0.192
0.47
0.494
1
0.508
1
0.386
0.245
0.324
0.336
0.784
1
0.14
0.14
0.095
0
0.524
0.373
0.435
1
0.164
0.189
0.349
0.53
1
0.511
0.343
0.311
1
0.341
0.072
1
0.447
0.245
0.315
1
0.305
0.362
1
1
NA
NA
NA
NA
0
0.331
0.368
1
0.531
0.531
0.531
0.419
0.699
1
1
0
0.334
0.191
0.5
0.403
0.481
0.418
0.395
0.5
0.518
0.623
0.33
0.438
0
NA
1
NA
0.286
0.355
0.501
1
NA
0.572
0.405
0.29
0.403
NA
NA
NA
NA
0.206
NA
0.069
NA
NA
NA
NA
0.46
0.421
1
1
0.122
1
0.418
0.266
1
0.179
0.411
0.446
0.262
0.214
0
NA
1
1
0.397
NA
1
1
0.356
0.522
0.45
1
0.344
0.463
0.469
0.361
0.359
0.369
0.282
0.323
NA
NA
NA
NA
NA
NA
NA
0.502
NA
0.124
0.494
1
1
0.74
0.842
0.651
0.381
0.817
0.33
0.333
NA
0.074
NA
1
0
0.144
0.668
0.668
0.29
NA
NA
NA
NA
NA
NA
NA
NA
1
NA
NA
NA
NA
1
1
1
1
1
NA
1
1
1
1
1
1
1
1
1
1
1
0
0
1
1
1
1
0.593
0.277
1
0.328
0.431
0.418
0.253
0.244
0.262
0.547
0.3
0.247
0.295
0.577
0.446
1
1
0.935
0
0
1
0.361
0.365
0.313
0.646
1
0.454
0.38
1
0.337
NA
0.297
0.384
0.335
0.323
0.568
1
1
1
1
0.489
0.432
0.44
NA
0.434
0.378
1
0.311
0.359
0.429
0.4
0.415
0.574
0.235
1
0.401
0.312
1
0
1
0
0
0.373
0.318
0.29
0
0
1
0.066
0.179
0.394
0
0.334
0.29
0.243
0.357
0.389
NA
0.577
0.459
0.423
1
0.273
0.357
0.391
0.345
0.406
0.325
1
1
0
1
1
1
1
0.628
0.358
NA
0.353
1
0.89
0.556
1
0.331
0.631
1
0.368
0.46
1
0.357
1
1
1
1
1
1
1
1
1
0.295
0.829
0.715
0.39
0.406
0.212
1
0.365
1
0.266
0.426
0.725
0.67
1
NA
NA
NA
NA
NA
NA
1
NA
NA
0.537
NA
1
1
NA
NA
NA
0
1
1
0.517
0.536
NA
1
NA
NA
NA
0.459
0.387
0
0.435
0.416
0.163
1
0.584
0.612
1
1
1
0.612
1
NA
1
1
1
0.41
1
0.322
NA
1
0.607
0.535
0.357
0.38
0.449
0
0
0
0.372
0
NA
0
1
NA
1
0.413
0.451
1
0
1
NA
0.471
0.45
0.448
0.463
0.8
1
0.63
0.651
0.453
0.149
0.296
0.306
1
0.461
1
0.139
0.139
0.139
0
NA
0.97
0.437
0.476
1
1
1
0.196
0.406
0.712
0.297
0.573
0.141
0.181
0.574
NA
NA
0.552
0.458
0.487
0.422
0.498
1
0.709
0.375
0.715
0.385
0.338
0.458
0.679
0.414
1
0.372
0.748
0.719
0.734
0.311
0.311
0.538
0.523
0.391
1
1
0.479
0.471
0.867
NA
0.269
0.526
0.383
1
0.626
0.646
0.277
0.627
0.6
1
0.546
0.277
0.607
0.277
NA
1
0.576
0.447
0.853
0.549
NA
0.062
0
0.087
1
NA
1
0.136
0
0.443
0
1
0.301
0.409
0.392
0.408
0.191
0.486
0.684
0.341
0.421
0.327
0.321
0.747
0
0.407
NA
1
0.57
0.439
0.75
0.672
0.389
1
NA
0.565
1
0.619
0.681
0.428
0.395
0.728
0.752
0.726
0.491
0.448
0.359
0.711
0.71
0.517
0.652
0.787
0.619
1
0.108
0.229
0.241
0.237
0.349
1
1
1
0.494
0.577
NA
0.326
0
0.494
0.413
0.465
1
NA
NA
1
0.152
0.492
1
1
1
1
1
1
0.477
0.138
1
1
0.411
1
1
0.603
0
1
0.385
0.603
0.32
0.32
0.655
0.45
0.601
0.887
0.044
NA
0.528
1
0.331
0.569
0.385
1
0.774
0.86
0.658
0.477
0.366
0.311
0
0
0
0.271
0.857
NA
NA
0.731
1
0.857
0.802
0.639
1
0.937
0.607
0.457
1
0.825
1
1
1
0.143
0
NA
1
NA
0.126
1
1
0.715
0.432
1
NA
0.185
1
NA
NA
0.26
0.491
1
0.387
0.435
0.381
0.467
1
0.365
0.431
NA
0.532
0.42
0.278
0.356
NA
NA
0.411
1
1
1
1
1
1
0.43
0.984
0
0.526
0.748
0.517
0.329
0.275
0.312
0.497
0.275
0.531
0.399
0.412
0.369
0.569
0.442
1
NA
NA
1
1
0.355
0.625
1
0.366
0.542
0.35
0.253
1
NA
1
0.458
0.326
0.33
0.34
1
0.319
1
0.343
0.362
0.454
0.33
0.357
1
0.502
1
0.215
NA
0.351
NA
1
NA
0.442
0.562
1
1
0.366
0.609
0.411
0.442
NA
0.421
1
0.55
0.485
0.409
1
0.417
0.459
1
0.46
0.315
0.357
0.35
0.477
NA
0.383
0
0.552
1
0.383
0.419
0.455
0.379
0.416
0.425
0.46
0.461
0.369
0.367
0.461
1
0.453
0.502
0.465
1
0.426
0.46
1
NA
0.409
1
1
0.276
0.531
0.405
0.369
1
0.299
1
1
1
1
1
1
1
0.071
0.174
0.253
0.088
0.071
0.16
0.092
0.179
0.047
NA
0.179
0.367
1
0.076
1
0.736
1
0.43
0.35
1
0.214
0.214
0.214
0.214
0.301
NA
NA
0.447
0.641
0.661
0.63
0.352
1
0.34
0.52
NA
NA
1
NA
0.299
0.66
0.666
1
0.334
0.448
0.4
0.181
0.498
0.322
0.339
0.181
1
1
0
0
0.216
0.643
NA
NA
0.463
0.474
0.198
0.444
0.176
0.422
0.176
1
NA
NA
NA
NA
NA
0.364
0.641
0.425
0.452
1
0.512
0.533
0.47
0.485
0.548
0.579
0.364
0.546
0.372
0.413
0.392
0.102
1
1
1
NA
1
0.298
1
0.158
NA
NA
NA
NA
NA
NA
NA
NA
0.574
0.348
0.552
0.479
NA
0.404
1
0.382
0.322
1
0.343
0.385
0
0
1
0
0
0
0
0
0.523
0.62
1
0.09
0.143
1
1
0.2
0.74
0.423
NA
0.17
0.106
0.1
0.149
0.774
0.337
0.724
0.357
0.691
0.272
0.314
0.145
0.23
1
0.109
0
0
0.405
0.436
0.349
0.268
0.318
NA
1
0.841
1
0.359
0.287
0.553
0.408
NA
0.511
1
0.437
NA
0.639
1
0.661
0.421
0.871
1
0.304
0.815
0.232
0.5
0.31
NA
0.39
0.464
0.331
0.345
0.291
0.332
1
0.424
0.4
0.383
0.064
1
0.122
0.383
0.453
0.563
0.496
0.131
0.861
1
0.275
1
0.24
0.577
1
1
1
0.181
0.175
0.323
1
0.195
0.167
0.994
1
1
0
1
0.894
1
0.391
0.21
0
1
1
0
0
1
1
1
0
0
NA
NA
NA
1
0.783
1
0.634
0.499
0.447
0.471
1
1
1
1
0.365
0.403
0.385
1
0.435
0.81
1
0.364
0.618
0.687
0.143
1
0.175
NA
NA
NA
NA
NA
0.404
1
1
0
1
0
1
1
1
0.326
0.449
0.374
1
0
0.361
0.41
0.33
0.441
0.359
0.817
0.845
0.616
0.383
0.371
0.454
NA
1
0.355
0.316
0.353
0.349
0.451
0.357
1
0.564
0.835
0.375
0.381
0.496
0.291
1
0.262
0.443
0.455
0.377
1
0.722
0.337
0.814
NA
0.378
0.389
0.695
0.463
0.421
0.842
0.711
0.276
0.463
0.238
0.382
0.549
0.397
0.313
0.276
0.353
0.398
0.589
1
0.464
1
0.696
0.464
1
0.415
1
0.619
0
0.341
0.396
0.536
0.468
1
0.494
0.576
0.337
0.133
0.66
1
0.656
1
0.412
0.431
0.277
0.388
0.502
NA
NA
NA
NA
NA
NA
NA
0.398
NA
0.44
0.559
1
0.294
0.292
0.377
0.373
0.374
0.575
NA
0.769
1
0.372
0.447
1
0.444
0.412
1
0.283
0.818
0.528
0.52
0.572
0.619
1
0.312
0.471
1
0
1
1
0.53
0.356
0.432
0.582
0.54
0
0.158
0.301
1
1
0.66
1
1
0.193
1
1
0.553
0.159
NA
0.268
0.364
1
0.985
1
0.397
0.57
0.373
0.28
0.717
0.551
0.093
0
0.314
0.28
0.419
1
0.612
0.626
0.179
0.445
0.655
0.423
0.423
0.325
0.359
NA
0.252
0.554
0.298
0.618
1
0
0
0.493
1
0
0.556
0.674
0.376
NA
1
0.383
1
0.364
0.242
0.097
0.283
0.329
0.451
0.953
0.712
1
0.436
0.517
0.431
0.318
0.334
0.376
0.434
1
0.385
0.839
0.776
0.566
0.644
0.706
0.693
0.75
NA
1
0.64
0.448
0.729
0.218
0.218
0.577
0.513
0.744
0.71
0.457
1
0.563
1
0.623
1
0.473
1
0.238
1
0.791
1
0.315
0.978
NA
0.4
0.38
0.422
0.398
0.747
0.368
0.388
1
0.717
0.5
1
1
0.31
0.362
1
0.707
1
0
0.409
0.329
0.388
0.06
0.113
0.048
0.051
0.941
0.438
0.726
1
0.607
0.355
1
0.315
1
0.893
0
1
0
0.1
0.227
0.076
0.11
0.115
0.116
0.338
1
NA
0.338
0.383
NA
1
0.282
0.857
1
0.994
0.424
0.199
NA
0.393
0.285
0.273
0.225
0.456
0.364
0.474
0.353
0.837
0.341
0.399
0.485
0.061
0.372
0.434
1
NA
0.339
0.693
0.68
0.309
1
0.285
1
1
0.371
0.485
1
1
0
1
0.547
0.627
0.459
0.503
0.609
1
0.373
0.473
0.451
0.497
0.363
0.411
0.95
1
1
1
1
0.357
NA
0.498
0.508
0.42
0.373
0.391
0.622
0.406
1
0.795
0.658
0.243
0
0.478
0.442
0.528
0.423
0.368
1
0.688
0.604
1
1
0.423
0.387
0.367
0
0.419
0.45
1
0.524
1
1
NA
NA
0.771
1
0.482
0.457
0.836
0.521
0.633
0.434
0.587
0.318
0.272
0.401
1
1
0
0.744
0.39
1
NA
1
1
0.852
0.852
1
1
0.852
NA
0.601
0.39
0.491
0.3
0.354
1
NA
0.368
0.423
0.93
0.818
NA
1
NA
NA
NA
NA
NA
NA
NA
0
0.851
0.618
NA
NA
0.285
0.263
0.364
0.5
1
1
0
0
0
1
NA
0
0
0
0
NA
NA
NA
0.379
1
0.474
0.551
0.375
0.371
1
0.622
NA
1
1
0.356
0.15
0.417
0.165
1
0.724
1
NA
NA
0.362
1
0.136
1
1
1
1
1
1
1
1
1
0.336
0.452
0.425
0.425
1
0.405
0.427
NA
1
0.509
NA
NA
0
0.418
1
0.513
1
NA
NA
NA
NA
NA
NA
NA
NA
NA
NA
NA
0
1
NA
NA
0.148
0.261
0.264
NA
0.627
0.498
0.367
1
1
0.302
1
0.31
0.671
0.41
1
0.869
0.446
0.629
0.285
0.304
0.194
0.428
1
0.272
0.421
0.41
NA
1
0.158
0.299
0.8
1
0.072
0.514
0.407
NA
0.34
0.488
1
0.49
0.414
0.414
1
1
1
0.368
NA
NA
0.136
1
1
1
0.318
1
0
1
1
1
1
0.522
0.425
0.287
0.372
NA
1
0.851
0.599
0.699
NA
1
0.41
NA
0.719
0.513
1
1
NA
0.572
0.504
0.435
0.441
0.447
0.436
NA
NA
1
1
0.14
0.476
0.406
0.734
1
0.346
0.586
0.455
NA
0.637
0.379
0.26
0.677
0.76
1
NA
1
0.684
0.454
1
1
1
1
1
1
1
0.158
0
1
1
NA
0.316
0.63
0
1
0.513
0.268
0.049
0.261
0.405
0.302
NA
0.386
0
1
0.642
NA
0.675
NA
0.633
1
0.744
0.86
0.424
1
NA
0.378
0.369
0.516
0.423
0.184
0.328
0.308
1
0.427
1
0.279
0.449
0.269
0.166
0.297
0.657
0.131
0.45
0.322
0.378
0.39
0.666
0.605
0.581
1
0.39
1
0.579
NA
0.641
0.659
1
0.753
0.41
1
0.755
0.736
0.664
0.331
NA
0.26
0.383
0.357
0.271
0
0.273
0.343
0.418
NA
1
1
0.308
0.436
0.379
0.26
0.384
0.514
0.605
0.402
0.689
0.333
0.341
0.273
0.287
0.266
0.411
NA
0.273
0.379
0.439
0.34
0.318
0.366
0.302
NA
0.602
NA
0.646
0.311
0.342
0.703
0.664
0.126
0.363
0.609
0.569
0.549
0.271
0.548
0.47
0.593
0.6
1
0.663
0.358
0.727
0.763
0.654
0.462
0.833
1
0.769
0.369
0.408
0.662
0.49
NA
NA
0.394
0.255
0.347
1
0.372
0.569
0.582
0.379
0.346
0.508
0.359
0.505
0.357
0.461
0.408
0.272
1
0.272
0.31
0.567
0.24
0.548
1
NA
0.338
0.394
0.453
0.823
0.272
0.353
0.312
0.307
0.413
0.283
0.624
NA
0.778
0.749
0.681
0.565
0.665
0.643
0.411
0.732
NA
0.277
0.687
0.768
0.752
1
0.418
0.759
0.689
0.32
NA
1
0.288
NA
0.423
0.731
0.457
0.392
0.535
0.476
0.374
1
0.366
0.353
NA
0.278
1
0.452
0.391
0.645
0.393
0.467
0.484
0.478
0.242
0.597
0.385
NA
1
0
0.315
0.379
0.225
0.391
0.391
0.388
0.131
0.367
NA
0.731
0.383
NA
1
0.828
1
0.491
0.348
0.548
0.558
0.348
0.582
0.425
NA
NA
NA
NA
NA
NA
NA
NA
NA
NA
NA
1
0.452
0.244
NA
1
1
1
1
1
1
1
1
1
1
1
1
1
1
1
1
1
1
0
NA
0.29
1
NA
1
NA
NA
NA
1
1
0.761
1
0.602
1
0.548
0.548
0.048
1
1
1
1
0.203
0.25
NA
0.245
0.498
0.569
1
0.382
0.533
1
0.238
1
1
1
1
NA
NA
0.513
0.288
0
1
0.513
0.513
1
1
NA
0.472
0.38
0
1
0.402
0.369
0.793
0.846
1
0.397
1
1
1
1
0.548
1
1
0.774
1
1
1
1
1
1
0.148
1
1
1
1
1
1
0
1
1
1
1
1
1
1
1
1
1
1
1
1
NA
1
1
NA
1
0
0.372
0
1
1
NA
1
0.197
0.585
0.59
1
0.183
0.192
0.214
0.24
1
0.388
0.374
1
0.477
0.341
0.518
0.59
1
0.601
0.531
0.595
0.447
0.404
0.536
0.623
0.456
0.494
0.519
0.611
0.469
1
1
0.475
NA
1
0.788
0.377
0.794
0.821
1
0.796
NA
1
1
NA
0.395
NA
NA
NA
1
0.242
0.81
0.314
1
0.577
0.42
NA
0.356
NA
0.332
0.189
0.405
1
0.629
0.57
0.395
0.529
0.409
0.467
0.508
0.396
1
NA
0.426
0.301
0.272
1
1
1
1
0.513
1
1
0.513
0.243
0.309
1
1
1
1
0.513
1
1
0.513
0.309
1
0
1
0.514
0.437
1
0.389
0.471
0.372
0.472
1
0.449
0.448
NA
NA
1
NA
1
1
1
0.298
0.684
0
0
1
0.469
0.14
0.151
1
0.495
0.471
1
0.617
NA
0.622
1
0
0.49
1
NA
0.56
0.56
0.628
0.56
0.5
1
0.425
0.66
1
1
1
1
1
1
0
0
0
0
0
0.162
NA
1
0.042
0.191
0.347
0.528
0.44
0.227
1
0
0.042
0.052
0.191
1
0.199
0.325
NA
NA
NA
NA
NA
NA
NA
NA
NA
NA
NA
NA
NA
0.514
0.321
0
0.114
0.376
1
0.05
1
1
1
1
0.281
1
1
1
1
0
1
NA
1
1
1
1
0.517
1
NA
0.513
0.513
1
0.372
NA
0.232
1
1
0.146
0.552
NA
0
0
0.653
0.148
0.227
1
0.233
1
0.342
1
0.658
1
0.498
0.215
1
0.957
0.712
NA
1
NA
0.552
0.498
1
0.351
0.557
0.512
0.754
0.587
0.668
1
1
0.473
0.122
0.406
0.38
0.363
0.379
1
0.488
0
0.457
0.41
0.418
0.461
0.407
0.448
0.21
0.573
NA
0.543
0.619
0.599
0.374
1
0.5
0.464
1
NA
0
1
1
1
1
1
1
1
1
1
1
1
1
0.734
0.924
0.76
0.429
NA
1
0.341
0.429
0.49
0.482
0.414
1
0.423
0.358
0.357
1
0.344
0.46
0.247
1
0.379
1
0.31
0.618
0.533
1
1
1
1
1
1
1
0.725
1
0.388
NA
0.37
0.343
0.437
0.453
0.454
0.359
0.405
0.456
NA
NA
1
0.453
0
NA
0.375
0.285
0.469
1
0.379
0.493
0.408
1
0.054
0.42
0.586
0.273
0.718
0.533
0.812
0.822
1
1
0.785
0.843
0.283
1
0.93
1
0.589
0.352
NA
NA
NA
NA
NA
NA
NA
NA
NA
NA
NA
1
0
0.308
0
1
0.292
0
0.394
0.72
0.317
0.339
0.481
0.385
0.383
1
0.713
0.443
0.435
0.364
0.449
0.537
0.376
0.331
NA
0.461
0
0.578
1
0
0.485
0.362
0.36
1
0.374
0.374
0.324
0.446
NA
NA
NA
NA
NA
NA
NA
NA
NA
NA
1
1
1
1
1
1
1
1
1
1
NA
1
1
1
1
1
NA
0.672
1
0.169
0.571
1
0.486
0.056
0.406
0.291
0.312
0.339
0.334
0.392
0.492
1
0.383
0.946
0.359
0.5
1
NA
0.342
1
1
0.218
0.469
0.414
1
1
1
1
1
1
NA
1
1
1
1
0.379
0.27
0.739
0.573
0.416
0.523
0.487
0.59
NA
0.294
0.661
NA
0.841
0.747
NA
0.669
1
0.51
0.278
0.2
0.74
0.79
0.284
1
0.782
1
0.838
0.807
0.793
NA
0.398
0.26
0.278
0.377
0.314
0.513
1
0.832
0.327
0.301
0.261
0.377
1
1
1
0.298
0.521
0.612
0.424
0.55
0.529
0.554
1
0.726
0.881
0.528
NA
1
0.312
0.45
0.356
0.158
NA
0.372
0.612
0.432
0.173
0.19
1
1
0.306
NA
NA
NA
NA
NA
NA
0.217
0
NA
0.39
0
0.218
NA
0.373
0.102
0.251
0.321
0.437
0.416
0.205
0.259
0.826
0.802
0
1
0.522
0.402
0.471
1
0.149
0.115
0.417
0.318
0.365
0.315
0.367
0.358
1
0
0.86
0
0.729
0.092
0.571
0.177
1
0.779
0.37
0.306
0.469
0.307
0.273
0.761
0.279
1
1
1
0.396
1
0.314
0.446
0.593
0.058
0.072
0.374
1
0.095
1
0.121
1
NA
NA
0.65
1
0.65
0.232
0.198
0.07
0.888
NA
0
0.392
1
0
0.8
0.224
0.234
0.343
0.209
1
0.229
0.232
0.508
0.393
0.388
0.352
0.356
0.43
0.182
1
0.436
0.543
0
1
1
1
1
1
0.245
1
0.245
0.49
NA
1
1
0.517
1
0.48
0
1
1
1
NA
1
0.451
0.415
0.267
0.193
0.247
0.419
0.315
0.421
0.466
0.267
0.298
0.29
0.391
NA
0.318
0.971
0.393
0.284
0.331
0.414
0.445
0.29
0.713
0.256
1
NA
1
0.189
0.234
0.332
0
0.253
0.227
0.041
0.091
1
0.441
1
0
0
0
0.648
0
0.525
1
0.5
0.128
1
0.358
0.671
0.71
NA
NA
0.13
0.322
1
0.262
0.24
NA
0.093
1
0
0
0
0.218
1
NA
1
1
0.588
0
NA
1
0.272
0.777
0.468
1
1
0
0
0.493
1
0.466
0.454
0.305
0.323
0.72
0.686
0.314
1
0.489
NA
0.486
0.422
0.67
0.271
0.476
1
NA
1
0.322
0.206
0.515
1
1
0.277
0.318
1
NA
NA
NA
NA
NA
NA
0.475
0.517
1
0.543
0.368
0.343
0.323
0.437
0.898
1
0.439
1
1
1
1
1
NA
NA
NA
NA
NA
NA
NA
NA
0.343
NA
0.588
0.513
1
0.572
1
0.652
0.439
0.151
0
0.386
0.328
0.393
0.417
0.479
NA
0.277
0.459
0.674
1
NA
0
0
1
0.871
0.697
0.506
NA
NA
NA
1
0.415
1
0.567
1
NA
0.707
1
0
0.399
0.439
0.191
0.186
0.099
0.191
0
0.18
0.686
0.087
NA
0
0.191
NA
0.098
NA
NA
0.809
1
0.893
1
1
1
1
0.821
0.821
NA
NA
1
NA
1
0.354
0.337
0.269
0.293
0.139
0.359
0.154
0.293
1
0.141
0.141
0.074
0.297
NA
0.987
NA
0
0.27
0
0
0
0.335
0.488
1
0.534
0.452
0.051
0.628
1
0.429
0.379
0.419
0.4
0.4
0.329
0.406
1
0.41
0.449
1
1
1
1
1
1
1
1
1
1
0.283
NA
0.204
0.453
1
0.655
1
0.484
0.687
0.362
1
0.351
1
0.441
0.349
0
0
0.814
NA
1
0.664
0.508
0.368
1
1
0.548
NA
1
0.191
NA
0.326
0.409
0.093
NA
NA
NA
NA
NA
1
0.285
0.263
0.448
0.395
1
0.137
NA
0.516
1
0.578
0.543
0.497
0.497
1
1
1
0.506
1
0.467
NA
1
1
0.612
NA
0.378
0.362
0.8
0.187
0.302
0.419
0.373
0.368
0.613
1
1
1
0.089
1
0.285
1
0.432
1
0.399
1
0.117
0.131
0.691
1
0
0
1
0.323
0.461
0.408
0.502
NA
NA
0.511
0.429
0.687
0.408
0
NA
NA
NA
0.409
0.612
1
0.299
0.332
1
NA
1
1
0.191
NA
0.513
0.363
0.624
0.474
0.516
0.366
1
0.619
0.497
0.525
0.355
0.521
1
0.841
0.445
1
0.433
0.608
0.497
0.282
0.356
0.203
1
0.382
1
0.387
1
0.325
0.787
0.307
0.563
0.303
0.33
0.383
0.249
0.411
0.36
NA
0
0.599
0.303
0.444
0.387
1
0.358
0.574
0.32
0.55
1
0.457
0.521
0.368
0.513
0.442
0.638
1
0.348
0.068
0.417
0.457
1
1
0.716
0.5
0.973
NA
0.283
1
0
0.458
0.258
0.836
1
1
0.258
0.258
1
NA
NA
0.694
0.316
NA
0.303
0.701
0.532
0.407
0.723
0.372
1
0.575
0.745
0.699
0.651
0.559
0.699
0.697
0.729
0.762
0.691
0.582
0.401
1
0.254
0.592
0.299
NA
0.506
0.78
0.358
0.351
0.51
0.426
0.666
0.732
1
0.85
0.649
0.514
0.75
0.775
0.104
0.395
1
1
1
1
1
1
1
1
1
1
1
1
0.434
1
1
0.53
0.405
NA
0.687
0.486
0.425
0.461
NA
NA
1
NA
NA
NA
1
0.996
0.335
1
0.673
0.449
0.549
1
1
1
1
0.409
0.274
1
0.544
0.494
0.566
0.13
0.223
NA
0.382
0.223
0.474
0.561
1
0.475
1
0.533
NA
1
0.406
0.356
0.555
NA
0.496
0.507
1
0.467
0.469
0.523
NA
0.299
NA
NA
NA
0.613
0.424
0.521
0
0.376
1
0.744
0.487
0.376
0.425
0.467
0.486
0.46
0.31
0.366
0.442
1
NA
NA
0.224
1
0.415
0.478
1
0.343
0
0.335
0.398
0.574
0
0.498
NA
0.132
1
0.818
NA
NA
NA
0.191
1
0.368
0.735
0
1
NA
NA
NA
NA
0.814
0.025
0.257
0.531
0
0.409
0.667
0.641
0.382
0.357
0.454
1
0.568
0.426
0.412
0.337
0.445
0.461
0.299
0.412
0.321
0.655
0.386
1
NA
1
0.69
1
1
0.496
0.761
0.301
1
1
NA
1
0.761
0.301
1
1
1
0.66
NA
0.556
0.771
0.133
0.353
0.398
0.414
0.303
0.335
0.399
0.357
0.39
0.426
0.428
1
NA
0.278
1
1
0.5
NA
0.924
0.159
0.334
1
1
1
1
0
NA
0
0
0
1
NA
1
0.289
1
1
NA
NA
1
0.514
0.637
1
0
1
0.386
0.341
0.416
1
0
0.497
0.526
NA
0.605
NA
0.424
1
0.602
0.306
NA
0.341
0
0.341
NA
0.582
1
0.435
0.293
0.427
1
1
0
NA
NA
NA
0.341
0.511
1
0.562
1
0.371
0
0.484
1
0.451
0.389
0.535
1
1
1
1
1
0.568
1
0.426
0.404
0.624
0.481
NA
1
0.257
0.311
1
0.423
NA
1
0.494
0.315
1
1
NA
0.101
0.402
0.286
0.326
0.069
0.213
0.366
0.6
0.313
0.38
0.364
0.367
0.254
1
0
0.455
1
0.358
1
0.337
0
0.27
1
NA
NA
NA
NA
NA
NA
0.288
0.456
1
0
0
1
0.375
1
0.441
1
0.326
0.349
0.44
0.38
NA
NA
NA
NA
NA
NA
NA
NA
1
0.471
NA
0.473
0.177
0.475
0.348
0.527
0.496
0.348
NA
0.462
0.603
NA
0.546
1
1
NA
1
0.462
0.493
0.604
NA
0.477
0.21
0.37
NA
1
0.676
0.814
0.395
0
0.356
0.829
0
0.695
0.145
0.379
0.892
0.553
0.524
0.428
0.368
0.738
0.399
0.264
0.473
1
0.548
0.478
0.344
0.373
0.39
0.59
0.447
0.406
0.387
0.609
0.57
0.792
0.742
0.727
0.279
0.374
0.468
0.5
0.552
0.513
0.358
0.588
0.652
1
0.327
0.484
0.537
0.687
0.563
NA
0.299
0.388
1
0.72
NA
1
0.388
0.367
1
0.302
0.283
0.515
0.462
0.484
0.548
0.345
0.802
0.514
0.453
0.477
0.65
0.461
0.708
0.649
0.362
NA
NA
NA
0
1
0.533
1
0.375
0.508
1
0.548
NA
NA
0.358
1
NA
1
0.77
1
NA
NA
NA
NA
0.829
NA
NA
NA
NA
1
0.496
0.681
0.868
1
0.857
1
0.508
1
0.4
0.395
0.572
0.485
1
1
0.373
0.418
1
0.317
0.402
0.416
0.957
1
0.359
0.337
0.351
1
0.494
0.365
1
0.617
0.801
1
1
1
0.945
0.945
1
0.394
0.418
0.342
0.414
0.323
0.454
0.287
0.74
0.364
1
0.451
0.339
1
1
1
1
0.677
0.353
1
NA
0.588
0.32
0.4
1
1
0.376
0
0.242
1
0.348
0.319
0.414
NA
0.861
0.611
0.781
0.732
0.712
0.71
0.623
0.682
0.371
0.626
0.483
0.741
0.429
0.477
0.603
0.643
1
0.657
0.765
0.697
0.419
0.298
0.635
0.559
NA
0.438
0.521
0.593
0.332
0.481
0.447
0.593
0.447
0.529
1
0
1
0.241
0.523
0.711
0.4
0.548
1
1
0.764
0.604
0.672
0.371
0.781
0.694
0.725
0.79
0.851
0.804
0.293
0.604
0.896
0.896
1
0.896
1
1
0
NA
0.048
0.056
0.169
0.565
NA
0.689
0.504
0.397
0.814
0.3
0.58
0.143
0.725
0.74
0.25
1
1
0.508
0.39
0.314
0.436
0.521
0.292
0.292
1
0.377
0.575
1
0.323
0.339
0.467
0.457
1
0.247
0.377
0.28
0.272
0.431
0.327
0.518
0.457
0.385
0.496
0.299
0.611
0.554
0.412
0.562
0.533
1
0.405
0.415
0.512
0.546
0.523
0.54
0.749
NA
0.455
NA
0.32
1
0.539
0.299
1
0.36
0.411
0.319
0.453
0.33
0.41
0.391
0.491
0.316
0.511
0.422
0.366
0.499
0.355
0.541
0.272
0.299
NA
0.299
0.17
0.312
0.379
1
0.423
0.584
0.387
1
0.455
0.654
0.32
0.691
1
0.387
NA
0.059
0.609
0.467
1
0.215
0.641
1
0.413
0.429
NA
0.546
0.549
0.412
1
0.324
0.471
0.067
0.309
0.309
0.067
0.067
0.041
0.474
0.334
0.367
0.374
0.34
0.655
1
1
0
0
0
NA
0
1
1
0.237
0.271
0.489
0.319
0.364
0.294
0.277
0.265
0.779
0.692
0.761
0.836
0.304
0.347
0.366
0.454
1
1
1
0.437
0.348
1
1
1
1
1
1
1
1
0.2
1
1
1
1
1
1
1
1
1
1
1
1
0.386
0.322
0.527
0.2
0.124
1
0.393
1
1
0.354
0.336
0.473
0.667
1
1
NA
1
1
0.495
0.39
0.314
1
0.471
NA
0.269
1
0.355
1
0.699
0.591
1
0.425
0.592
0.328
0.423
1
1
0.411
1
0.633
0.761
0.86
0.87
0.593
NA
0.492
0.567
0.346
0.618
NA
0.508
0.88
1
1
1
0.25
NA
0.563
1
0.584
0.399
1
1
0.64
1
0.384
0.502
0.591
1
0.399
0.401
0.356
0.46
0.575
1
0.576
0.575
0.391
1
0.575
NA
0.575
0.553
0.575
0.428
0.507
0.482
0.578
1
1
0.659
0.532
1
0.449
1
0.44
0.332
0.441
0.564
0.491
0.429
0.357
1
1
1
0.417
0.375
0.46
1
1
0.228
0.628
0.628
1
0.459
1
1
1
1
1
1
0.443
0.49
0.305
0.406
0.524
0.544
0.421
0.59
0.483
0.581
0.466
1
0.509
1
0.43
1
0.486
1
0.585
0.636
0.583
0.561
0.513
0.724
0.628
0.645
0.513
1
0.497
0.44
0.594
1
0.736
0.431
0.453
0.53
0.354
0.636
0.695
1
0.618
0.478
0.449
0.529
0.423
0.342
0.727
0.605
0.52
0.577
0.499
1
0.509
0.526
0.759
1
0.721
1
0.715
0.696
0.447
NA
0.389
NA
1
0.283
0.53
0.752
1
0.614
1
0.498
0.548
0.61
0.466
0.898
0.708
0.686
0.477
0.482
0.612
1
0.586
0.465
0.797
0.836
0.222
1
1
1
1
NA
NA
0.406
0.475
0.571
1
0.763
1
0.825
0.393
0.403
0.811
1
0.833
0.943
0.725
0.578
1
1
0.63
NA
0.634
0.799
1
0
0.219
0.498
1
0.7
0.559
1
1
0.16
1
0.661
0.473
0.26
0.515
0.422
0.621
0.484
0.612
0.613
0.675
1
1
0.435
1
0.531
0.472
0.438
NA
0.443
0.382
0.216
1
1
1
1
1
0.156
0.4
0.548
0.477
1
1
0.5
0.769
0.585
0.461
0.359
0.811
0.702
1
0.42
0.426
1
0.556
0.475
0.502
0.574
0.266
0.605
1
0.36
0.661
0.195
0.729
1
0.243
0.557
0.584
0.537
0.47
0.46
1
1
1
0.26
1
0.223
1
0.223
1
0.49
0.3
0.524
0.609
1
0
1
1
1
1
NA
0
0
0
0.41
1
1
0.655
0
0.501
1
0.483
0.283
0.329
0.562
0.421
1
0.492
0.227
0.544
0.191
0.346
0.356
0.603
0.655
0.397
1
0.476
0.351
0.329
0.41
0.318
0.368
0.375
0.337
0.435
1
0.482
0.569
0.734
0.683
1
0.612
0.613
0.52
0.77
0.528
0.675
0.259
0.402
0.516
0.661
0
0.433
0.803
0.357
0.272
0.423
0.582
0.374
0.535
0.558
0.567
0.293
0.301
0.326
0.447
1
0.41
0.272
1
1
0.627
0.435
0.423
0.33
0.296
0.59
0.86
1
0.559
0.508
0.446
0.39
0.531
0.579
0.579
0.888
1
0.192
1
0.43
0.345
0.337
0.446
0.391
0.385
0.343
0.432
0.49
1
0.542
0.5
0.35
0.504
0.646
1
0.423
0.191
0.077
0.448
0.339
0.607
0.618
0.488
0.539
0.305
0.288
0.328
0.551
0
0.532
0.46
1
1
0.169
1
0
0.392
0.575
0.395
0.412
0.524
0.636
0.307
0.51
0.452
0.678
0.407
0.429
0.335
0.431
0.513
0.62
0.683
0.342
0.508
0.441
0.527
0.606
0.788
1
1
0.596
0.471
0.358
0.411
0.426
0.542
0.308
0.364
0.522
0.253
0.589
0
0
0
NA
0
0.261
0.261
0
0
1
0
0.627
0
0.375
0.438
0.222
0.659
0.459
0.118
0.117
0.293
1
1
1
1
0
1
1
1
1
0.411
1
NA
1
NA
0.402
1
NA
NA
NA
NA
NA
NA
NA
NA
NA
NA
NA
NA
NA
NA
NA
NA
NA
NA
NA
NA
NA
NA
NA
NA
NA
NA
1
1
1
0.181
0.172
0.587
0.135
0.654
0.6
0.639
0.45
0.504
1
0.353
0.302
0.404
0.394
0.356
0.346
0.29
0.347
0.291
0.574
0.558
NA
0.361
0.394
1
0.447
0.298
0.447
1
0.909
0.638
1
1
0.513
1
1
0.717
1
1
NA
0.414
0.434
0.677
1
0.544
NA
NA
NA
0.356
1
0.438
0.735
1
1
0.391
0.603
0.346
0.603
0.283
0.461
0.517
0.367
0.668
0.29
0.44
0.265
0.69
0.593
0.411
0.48
0.283
0.413
0.649
0.727
0.537
0.468
0.479
0.326
0.364
0.395
0.515
0.283
1
0.395
0.474
0.554
0.395
0.283
0.437
1
0.283
0.703
0.415
0.287
0.418
0.283
0.662
0.489
0.588
0.44
1
1
0.492
0.274
0.392
1
1
1
0.365
0.257
0.386
0.419
0.324
0.379
1
0.394
0.604
0.516
0.354
0.527
0.489
0.37
0.426
NA
NA
NA
1
1
0.235
0.37
0.427
0.148
0.114
0.184
0.218
0.845
1
0.368
NA
NA
NA
1
1
1
1
0.076
0.101
NA
NA
0.46
0.493
1
0
0.791
0.71
0.52
NA
0.621
0.429
0.228
1
0.467
1
0.477
0.333
0.47
1
0.364
1
0.334
0.057
0.402
0.298
0.597
0.672
1
NA
0.958
1
0.524
1
0.777
NA
0.423
0.324
0.333
1
0.548
0.525
0.187
0.623
0.498
0.448
NA
0.402
0.702
1
NA
0.385
1
0.761
NA
0.344
0.649
0.256
0.656
0.958
0.678
1
0.782
NA
0.46
0.593
NA
0.855
1
0.823
1
NA
0.428
NA
0.667
1
0.419
0.556
0.462
1
0.439
0.487
0.319
0.399
0.435
NA
0.561
0.328
0.413
0.536
0.388
1
1
0.658
NA
0.568
0.662
0.402
NA
NA
NA
NA
NA
0.705
0.637
0.439
0.593
0
1
0.71
1
1
0.515
0.447
0.727
0.484
0.301
1
0.587
0.425
1
1
1
0.198
0.526
1
0.655
0.341
0.714
0.887
0.452
0.259
0.357
0.093
0.719
0
0.268
0.459
0.401
0.368
0.887
0.973
0.368
0.571
0.794
0.815
0.446
1
0.289
1
0.316
0.89
0.714
0.39
0.406
0.656
NA
0.475
0.443
0.364
0.723
0.501
0
0.355
0.406
0.374
0.515
0.433
0.61
0.497
0.499
1
0.363
0.521
NA
NA
NA
0.612
0.43
0.345
0.499
0.568
0.548
0.312
0.478
0.38
0.374
0.359
0.287
0.302
0.349
1
0.31
1
0.354
0.452
NA
NA
0.192
0.414
0.343
0.297
0.554
0.35
0.413
0.374
0.468
1
NA
1
0
1
0.407
0.438
0.481
0.454
0.364
0.56
0.681
0.708
0.426
0.708
0.426
0.792
0.404
0.604
0.313
1
0.448
1
NA
1
0.513
1
1
0
0
1
NA
0
1
1
0.618
0.722
1
0.463
NA
NA
NA
NA
1
1
0.47
0.789
0.344
0.386
1
NA
NA
NA
1
0.435
0.516
0.765
1
0.117
1
1
1
1
1
0.4
1
NA
1
1
1
0.452
1
NA
NA
0.447
0.936
0.476
NA
1
1
0.665
NA
NA
NA
0.484
NA
0.797
0.897
1
0.562
0.446
NA
NA
0.551
0.474
0.41
1
0.418
0.555
0.506
0.51
0.52
0.395
0.451
0.636
NA
0.477
1
0.465
0.454
0.407
0.399
0.41
0.41
0.538
0.477
0.434
0.516
0.323
0.42
0.512
1
NA
0.636
0.502
0.615
1
1
1
0.587
1
0.861
1
0.517
NA
0.639
0.274
0.801
1
NA
1
NA
NA
NA
NA
NA
NA
NA
NA
NA
NA
NA
NA
NA
NA
NA
NA
NA
NA
NA
NA
NA
NA
NA
NA
NA
NA
NA
1
1
0.573
0.487
1
1
NA
0.188
0.076
0
0.322
0.215
0
NA
1
0.505
0.446
0.483
1
0.621
1
0.485
0.524
1
0.403
0.4
1
0.448
0.404
0.501
0.384
1
0.365
0.341
1
0.456
1
NA
NA
NA
NA
NA
NA
NA
NA
0.373
0.278
1
0
0.449
0.447
0.272
0.391
0.494
NA
NA
NA
NA
NA
0
0
NA
NA
NA
0.73
0.284
0.098
1
0.551
1
0.551
NA
0.557
0.55
0.619
0.437
0.457
0.389
0.161
0
1
1
0.176
0.448
0.355
0.451
0.667
0.502
0.682
0.763
1
0.467
0.763
0.801
0.365
0.189
0.598
0.252
0.31
0.259
0.206
NA
NA
NA
NA
NA
NA
NA
NA
NA
NA
0.677
0.657
1
0
0.422
0.5
0.311
0.69
0.421
0.605
0.364
0.744
0.632
0.443
0.268
0.359
1
0.4
0.328
0.197
0.418
0.294
0
0.443
0.263
0.355
0.331
0.263
0.3
0.21
0.284
0.239
1
0.912
0.616
0.412
0.298
0.53
0.363
1
0.456
0.328
0.488
0.496
0.456
0.42
0.428
0.732
0.704
0.557
1
0.45
0.364
0.502
1
0.426
0.548
0.379
0.487
0.535
0.471
0.524
1
0.453
0.509
0.487
0.604
0.483
0.487
NA
0.684
0.427
0.452
0.489
0.426
0.671
0.487
0.629
NA
0.427
0.397
0.493
0.487
0.748
0.62
0.426
0.557
NA
0.634
0.487
1
1
0.457
0.719
0.587
1
0.455
0.172
0.405
0.42
1
0.421
0.418
0.466
0.556
0.419
1
0.519
0.339
0.721
0.894
0.387
0.902
0.42
1
0.414
0.33
1
0
1
0.805
1
0.69
1
NA
1
0.659
1
1
1
0.411
1
0.439
0.327
NA
0.235
0.293
NA
NA
0.261
0.5
1
1
NA
NA
0.455
1
0.174
0.382
0.559
0.427
0.356
0.711
0.611
0.495
0
0.496
0
0.175
0.526
0.489
0.653
0.685
1
1
0.442
0.588
0.356
0.585
0.507
0.317
0.443
0.291
1
NA
NA
NA
NA
1
1
1
1
1
1
0.402
1
0.449
0.155
0.115
0.221
0.135
0.193
1
1
NA
NA
NA
NA
0.728
0.253
0.249
0.12
0.343
0.288
NA
0.487
0.107
0
0.667
0
1
1
0
0.4
0
0.295
0.897
0.49
0.273
0.208
1
1
0.477
0.473
0.291
0.434
NA
0.504
0.485
1
0.557
0.588
0.148
0.72
0.251
NA
0.607
0.309
1
0.45
1
0.507
0.461
0.521
0.484
0.478
0.548
0.53
1
1
0.478
0.26
0.507
NA
NA
NA
1
1
1
1
0.471
0.074
1
0.4
1
1
1
NA
NA
0.285
1
0.366
0.301
0.487
0.361
0.377
0.65
0.633
1
0.098
0.098
NA
NA
1
1
1
1
1
0.385
0.373
1
0.193
1
1
0.081
0.52
0.981
0.842
NA
NA
1
NA
0.567
1
1
1
1
1
0.356
0.639
0.466
1
0.369
NA
NA
0.26
0.354
0.378
0.426
0.438
0.382
1
0
0
NA
1
NA
1
NA
1
0.342
1
NA
NA
0
0.386
0
0.331
0.257
0.29
0.774
1
0.403
NA
0.305
1
0.38
NA
1
1
1
NA
1
1
1
NA
NA
NA
0.46
1
0.479
1
1
0.368
1
1
1
1
1
0.433
0.368
0.339
1
1
0.242
0.272
0.263
1
0
0
1
0.651
0.479
0.277
0.191
0.096
1
1
1
1
0.29
1
1
0.171
0.41
0.428
0.302
0.5
0.419
NA
1
1
0.303
0.388
0.383
NA
NA
0
1
0
0.4
0.4
NA
NA
1
0.599
0.439
0.59
1
0.41
NA
0.402
1
0.259
0.64
0.364
0.429
0
NA
0.438
0.408
1
0.455
0.497
0.449
0.603
NA
0.503
0.375
1
1
0.242
1
0
0
NA
NA
NA
NA
NA
0.074
1
1
0.174
0.159
1
0.181
0.406
0.426
0.821
0.446
0.497
0.539
0.329
1
0.317
0.292
NA
0.29
0.307
0.406
1
0.462
0.59
0.45
0.434
0.432
NA
1
0.102
0.371
0.157
0.367
NA
0.41
0.335
0
0.368
0.36
0.577
0.44
0.138
0.412
0
1
0.482
1
1
1
0.782
0.483
1
0.428
0.484
0.443
1
1
1
1
1
0
0.49
0.511
0.37
0.427
0.63
0.587
0.344
0.258
0.395
0.3
0.329
0.363
0.402
0.316
0.329
0.461
0.524
0.425
0.347
0.45
0.421
NA
0.458
1
0.311
0.179
NA
0.137
1
1
0.245
1
0.387
0.386
0.32
0.36
0.458
0.341
0.874
0.425
0.569
0.493
0.389
0.612
0.568
0.701
0.438
0.4
1
0.431
0.253
NA
0.528
0.762
1
0.733
0.832
0.11
0.604
0.39
0.411
1
0.628
1
1
0.49
0.286
0.307
0.254
NA
NA
NA
NA
NA
NA
1
0.438
0.37
0.335
0.326
0.525
0.626
0.481
0.575
0.428
0.527
0.566
0.629
0.348
0.435
NA
1
0.354
0.357
1
0.285
1
0.537
1
0.286
0.229
0.507
0.364
0.349
0.406
0.4
0.163
0.553
0.531
0.345
1
0.524
0
0.452
NA
0.335
NA
0
1
0.092
1
0.195
0.574
NA
NA
NA
NA
0.416
0.342
0.384
0.35
0.195
0.389
1
0
NA
1
NA
NA
0.397
0.539
0.333
0.339
0.394
NA
NA
NA
NA
NA
NA
NA
NA
NA
0.701
NA
NA
0.63
NA
NA
NA
NA
NA
NA
NA
NA
NA
NA
NA
NA
NA
NA
NA
NA
NA
NA
NA
NA
NA
NA
NA
NA
NA
NA
NA
NA
NA
NA
NA
NA
NA
NA
0.435
NA
NA
0
NA
0.069
0.581
0
NA
NA
NA
0.426
0.4
0.233
0.243
NA
NA
NA
NA
NA
NA
NA
NA
0.373
1
NA
0.277
1
NA
NA
NA
NA
NA
NA
NA
NA
NA
NA
NA
1
NA
NA
NA
NA
NA
NA
NA
NA
NA
NA
NA
NA
NA
NA
NA
NA
NA
NA
NA
NA
NA
NA
NA
NA
NA
NA
NA
NA
NA
NA
NA
NA
NA
NA
NA
NA
NA
NA
NA
NA
NA
NA
1
NA
NA
NA
NA
NA
NA
NA
1
NA
0.33
NA
NA
NA
NA
NA
NA
NA
NA
NA
NA
NA
NA
NA
NA
NA
NA
NA
NA
0.301
NA
0.061
0.116
NA
NA
NA
NA
NA
NA
NA
NA
NA
NA
NA
NA
NA
NA
NA
NA
0
0.191
NA
NA
NA
1
0.387
NA
NA
NA
NA
0.243
0.183
0.492
0.544
1
0.07
0.073
NA
0.176
NA
NA
NA
1
0.502
NA
0.474
NA
1
0.298
1
NA
NA
NA
NA
NA
0.514
NA
NA
NA
NA
0.438
0.386
NA
NA
NA
NA
NA
NA
NA
NA
NA
0.552
1
NA
NA
NA
NA
NA
NA
NA
NA
NA
NA
NA
NA
NA
NA
0.714
0
NA
0.394
0.335
NA
0.32
NA
NA
0.191
0.191
NA
1
NA
NA
NA
NA
0
NA
NA
NA
NA
NA
NA
NA
NA
NA
NA
NA
NA
NA
NA
NA
NA
NA
NA
NA
NA
NA
NA
NA
NA
NA
NA
NA
NA
NA
NA
NA
NA
NA
NA
NA
NA
0.344
NA
NA
0.033
NA
0
NA
0
0
NA
NA
NA
NA
NA
NA
NA
NA
NA
0.48
NA
NA
0.169
0.208
NA
NA
0.38
NA
NA
NA
NA
NA
NA
NA
NA
NA
0.119
0.51
NA
NA
0.271
0.513
NA
1
1
1
1
0.367
NA
0
1
NA
NA
NA
NA
0.121
NA
NA
NA
NA
NA
NA
NA
NA
NA
0.333
0.5
0.43
0.315
0.397
0.258
0.374
NA
NA
NA
0.191
NA
0.191
0.191
NA
1
NA
0.54
0
NA
NA
1
1
0
NA
NA
NA
NA
NA
NA
1
0.097
0.365
0.384
1
NA
NA
0.317
0.366
0
1
0.113
0.516
0.408
NA
0.381
0.517
NA
NA
NA
NA
0.4
NA
0.518
NA
NA
0.44
NA
NA
NA
NA
NA
NA
NA
NA
NA
NA
NA
0.047
NA
NA
NA
NA
NA
NA
NA
NA
NA
0.207
0.48
NA
0
NA
NA
NA
NA
1
0.253
NA
NA
NA
NA
NA
NA
NA
NA
NA
NA
NA
NA
1
0.445
NA
0
NA
NA
NA
NA
NA
NA
NA
NA
NA
NA
0.4
NA
0.36
NA
NA
NA
NA
0.272
NA
NA
0
NA
NA
NA
0.429
0
NA
0.348
NA
NA
NA
0.786
NA
0.403
NA
NA
NA
NA
NA
0
NA
NA
0.052
1
0.44
NA
NA
0.484
0.417
NA
NA
NA
0.42
0
NA
NA
NA
0.419
NA
0.343
NA
NA
NA
0.329
0.208
NA
0.215
NA
0.184
0.447
NA
NA
NA
NA
NA
1
1
1
0.191
NA
1
NA
0.481
0.358
NA
NA
0.305
1
NA
NA
0.353
NA
NA
NA
1
0.381
NA
NA
0
NA
NA
NA
0.635
NA
NA
0.339
NA
0.395
0.27
NA
NA
NA
NA
NA
NA
NA
NA
0.089
0.072
NA
NA
1
NA
0.437
0.437
0.607
NA
NA
0.439
NA
0.4
NA
0.399
NA
0
NA
NA
0.5
0.429
NA
NA
NA
NA
NA
1
NA
0.221
NA
0.594
NA
NA
NA
NA
NA
NA
0
NA
NA
NA
0.442
0.395
NA
NA
NA
NA
NA
0.297
0.328
0
NA
NA
NA
NA
NA
0.384
0.528
0.358
0.439
NA
NA
NA
NA
NA
NA
NA
0.221
NA
0.207
NA
NA
NA
0.436
NA
0.617
NA
NA
0.544
NA
0.312
0.268
1
NA
1
NA
0.4
NA
0.364
NA
NA
0.463
NA
0.413
1
1
NA
0.334
0.353
0.138
NA
NA
NA
NA
NA
NA
NA
NA
0.424
NA
0.373
0.373
0.208
0.635
NA
0.367
NA
NA
NA
0.179
0
0
0.152
0
NA
NA
NA
NA
NA
NA
NA
NA
NA
0.504
NA
0.281
0.226
0.38
0.053
0
0.489
0.466
1
NA
NA
NA
NA
NA
NA
NA
NA
NA
NA
NA
NA
0.408
NA
NA
NA
NA
NA
NA
0
0
NA
NA
NA
0.277
NA
NA
1
1
1
NA
NA
NA
0
0
0
NA
NA
NA
NA
1
NA
NA
NA
NA
NA
NA
NA
NA
1
1
NA
NA
NA
NA
NA
1
NA
NA
NA
NA
NA
NA
NA
NA
NA
0
NA
NA
NA
0.223
NA
NA
NA
NA
NA
NA
0.513
NA
NA
NA
NA
NA
NA
NA
1
0.512
0.368
0.329
0.223
NA
NA
NA
NA
NA
NA
NA
NA
NA
NA
NA
0.194
NA
NA
NA
1
NA
0.214
0.787
NA
NA
NA
NA
NA
NA
NA
NA
NA
NA
NA
0.191
NA
NA
NA
NA
0.399
NA
NA
NA
NA
NA
0
NA
NA
NA
NA
NA
NA
NA
NA
NA
NA
NA
NA
NA
NA
0
0
NA
NA
NA
NA
NA
NA
NA
1
NA
NA
NA
NA
NA
0.113
0.302
NA
NA
NA
NA
NA
NA
NA
NA
NA
NA
NA
NA
NA
NA
NA
NA
NA
1
NA
NA
0
0.231
0.244
1
0.273
NA
1
1
0.555
1
NA
NA
0.393
NA
0.46
NA
0.397
0.547
NA
NA
NA
NA
NA
0.082
0.082
NA
NA
NA
NA
NA
NA
NA
NA
NA
NA
1
1
NA
0.6
0.285
NA
0
NA
NA
NA
NA
NA
NA
NA
0.376
0.46
NA
0
NA
1
NA
1
NA
NA
NA
0.329
NA
0.457
0.233
NA
NA
NA
NA
NA
NA
NA
NA
0.331
0
NA
0
0.421
0.584
NA
NA
NA
NA
NA
NA
NA
NA
NA
NA
NA
0.494
NA
NA
NA
0.372
NA
NA
NA
NA
NA
NA
NA
NA
NA
NA
0
NA
NA
NA
NA
NA
NA
0.323
NA
NA
NA
0.189
0.23
NA
NA
NA
NA
NA
NA
NA
NA
NA
NA
NA
NA
NA
NA
NA
NA
NA
NA
NA
0.427
NA
NA
NA
0
0.429
0.533
0.121
NA
0.254
NA
NA
NA
0.502
NA
NA
NA
NA
0.47
NA
NA
NA
0.42
NA
NA
NA
NA
1
NA
NA
NA
NA
NA
0.401
NA
NA
NA
1
NA
NA
NA
0.292
NA
NA
NA
NA
NA
NA
NA
NA
0.895
NA
NA
NA
NA
NA
0
0.451
0.387
NA
NA
NA
NA
NA
NA
0.421
0.5
NA
NA
NA
NA
NA
0.033
NA
NA
NA
NA
NA
NA
NA
NA
0.078
NA
NA
NA
NA
NA
NA
NA
NA
NA
0.356
NA
NA
NA
NA
0.421
NA
NA
NA
NA
NA
NA
NA
0
NA
NA
NA
0.066
0.566
NA
NA
NA
NA
NA
NA
NA
NA
NA
NA
NA
NA
NA
0.375
0.182
NA
NA
NA
NA
NA
NA
0
0.364
NA
NA
NA
NA
NA
NA
NA
NA
NA
NA
NA
NA
NA
NA
NA
NA
NA
NA
0.113
NA
NA
NA
0.59
NA
1
NA
0.405
NA
NA
NA
NA
NA
NA
NA
NA
NA
NA
0
NA
0
0
NA
NA
NA
1
NA
1
0.215
1
1
NA
NA
NA
NA
NA
NA
NA
NA
NA
NA
NA
NA
NA
0
NA
0.132
NA
NA
NA
0.133
NA
0.548
NA
NA
NA
NA
NA
NA
NA
NA
1
1
NA
0.284
NA
NA
NA
0.363
0
NA
NA
NA
NA
NA
NA
NA
NA
NA
0.028
NA
NA
NA
NA
NA
NA
NA
NA
NA
0.392
NA
NA
NA
0.427
NA
NA
NA
NA
NA
NA
NA
NA
0.081
1
0.557
0.684
0.443
NA
NA
NA
0
NA
NA
NA
NA
NA
NA
NA
NA
NA
0
0
0
NA
NA
NA
NA
NA
NA
NA
0.578
NA
0.428
NA
NA
NA
NA
NA
1
0.8
NA
NA
NA
NA
0.211
0
NA
0.8
NA
NA
NA
NA
NA
NA
1
NA
NA
NA
NA
0.103
NA
NA
NA
NA
NA
0
0
NA
NA
NA
1
0.459
0.448
NA
NA
NA
0.497
1
0.42
NA
0.26
NA
NA
NA
NA
NA
NA
0.682
0.343
NA
0
NA
NA
NA
0.182
0.083
NA
0
0
0
NA
NA
NA
1
NA
NA
NA
NA
NA
NA
NA
NA
NA
NA
1
NA
NA
NA
NA
NA
NA
NA
NA
NA
NA
NA
NA
NA
0.455
NA
NA
NA
NA
NA
NA
NA
0.513
NA
NA
NA
NA
0.214
0.17
0.173
0.191
NA
NA
0.379
0.422
0.42
NA
NA
0.333
NA
0
NA
0
NA
NA
NA
NA
NA
NA
NA
NA
1
1
NA
0
NA
NA
NA
0
NA
NA
NA
NA
NA
NA
NA
NA
NA
NA
0.231
0.3
NA
0.548
NA
NA
NA
NA
NA
NA
NA
NA
NA
NA
NA
NA
NA
NA
NA
0
NA
NA
0.356
0.55
0.108
NA
NA
NA
NA
NA
NA
NA
NA
NA
0
NA
NA
NA
NA
NA
NA
NA
NA
NA
NA
0.059
NA
NA
NA
NA
NA
NA
NA
NA
NA
NA
NA
NA
NA
0.251
NA
NA
NA
NA
NA
NA
NA
NA
NA
0
0.285
NA
NA
0.496
NA
NA
NA
NA
NA
NA
NA
0.423
1
NA
NA
NA
NA
NA
1
0.384
NA
0.314
NA
NA
NA
NA
NA
NA
NA
1
0.39
0.436
NA
NA
1
1
NA
0.401
NA
0.104
0.061
NA
NA
NA
NA
NA
NA
0.391
NA
0
0.512
NA
0.504
NA
NA
NA
NA
NA
NA
1
1
0.481
0.425
NA
NA
NA
0.143
NA
NA
NA
NA
1
1
0
NA
0.163
NA
NA
NA
0
1
NA
NA
NA
0.328
NA
NA
NA
0.276
0.5
NA
NA
NA
NA
NA
0.123
0.049
NA
NA
NA
0.154
0.191
NA
1
0.259
0.326
0.242
1
NA
0.585
0.338
NA
NA
NA
0.409
0.632
0.399
NA
NA
NA
NA
0.547
0.46
NA
NA
NA
NA
NA
0.35
NA
NA
NA
0.421
0.433
0.641
1
NA
NA
NA
0
NA
NA
0.657
NA
0
0.474
NA
NA
NA
1
NA
0.5
NA
NA
NA
0
NA
NA
NA
1
NA
NA
NA
NA
NA
NA
NA
NA
NA
NA
NA
0.593
NA
NA
0.589
0.481
NA
NA
NA
1
NA
NA
0.301
1
NA
NA
NA
0.263
NA
NA
NA
NA
NA
NA
0.5
NA
0.29
NA
NA
NA
0.334
NA
NA
NA
0.255
NA
NA
NA
NA
NA
NA
NA
NA
1
0.215
NA
NA
NA
NA
0.504
NA
NA
NA
NA
NA
NA
NA
NA
NA
NA
1
NA
NA
NA
NA
NA
NA
NA
NA
NA
NA
NA
NA
NA
NA
NA
NA
NA
0.351
0.157
NA
NA
NA
NA
NA
NA
NA
NA
NA
NA
NA
NA
NA
NA
NA
NA
0.044
NA
0.686
0.242
NA
NA
NA
0.55
NA
NA
NA
NA
0.139
NA
NA
NA
NA
NA
NA
NA
NA
0.131
0
NA
NA
NA
0.059
0.08
NA
NA
NA
0.15
NA
NA
NA
NA
NA
0.066
NA
0.131
NA
NA
NA
NA
NA
NA
NA
NA
NA
NA
NA
NA
NA
NA
NA
NA
NA
NA
NA
1
0.057
0.281
NA
0
NA
NA
NA
NA
NA
NA
NA
NA
NA
NA
0.381
0.517
0.447
0.441
NA
NA
NA
NA
NA
NA
NA
NA
NA
NA
NA
NA
NA
0
NA
NA
NA
1
NA
NA
NA
NA
NA
NA
NA
1
NA
NA
0.225
1
0.415
NA
NA
NA
0.334
0.361
0.684
NA
0.27
0.157
0.408
NA
NA
NA
NA
NA
NA
NA
NA
NA
NA
NA
NA
NA
NA
NA
0.417
0.448
1
NA
1
NA
NA
NA
NA
NA
NA
NA
NA
NA
NA
NA
NA
NA
NA
NA
NA
NA
NA
NA
NA
0.15
NA
NA
NA
0.513
NA
0
NA
NA
0.302
NA
NA
0.315
NA
NA
0.476
1
NA
1
1
NA
0.042
NA
NA
NA
NA
NA
0.291
NA
NA
NA
NA
NA
NA
NA
NA
NA
NA
NA
NA
NA
NA
NA
NA
1
0
0
1
0.429
NA
NA
NA
NA
0.369
0.381
0.247
0.26
NA
0.267
NA
NA
1
NA
NA
NA
NA
NA
NA
NA
NA
NA
NA
0.353
NA
0.304
0.168
NA
NA
NA
NA
NA
0.1
0.145
0.095
NA
0
0.324
NA
NA
NA
NA
1
NA
NA
NA
NA
NA
0.206
NA
NA
NA
0
0
NA
NA
0.224
0.528
NA
0.5
0.346
NA
0.361
0.434
1
NA
0.576
1
1
NA
NA
0.194
0.493
0.446
0.592
NA
0.454
0.312
0.492
1
0.353
0.469
NA
NA
NA
0.731
0.122
0.436
NA
0.244
NA
NA
NA
NA
NA
0.56
1
NA
NA
0.307
NA
0.314
0.379
NA
0.045
NA
NA
NA
NA
NA
0.59
NA
NA
NA
NA
1
0
0
NA
NA
NA
NA
NA
NA
NA
0.123
NA
0.578
NA
NA
NA
NA
NA
1
NA
0.298
1
NA
0
NA
NA
0.426
0.472
NA
NA
0.708
0.513
NA
0
NA
NA
NA
0.179
NA
NA
0.295
NA
1
NA
0.407
NA
NA
NA
0.435
NA
0
NA
NA
0.104
NA
NA
0.191
NA
NA
0.339
0
0.365
0.243
NA
0.486
NA
NA
NA
0.553
1
NA
NA
NA
NA
NA
1
NA
NA
NA
NA
NA
NA
NA
0
NA
NA
NA
NA
NA
NA
0.215
NA
NA
NA
NA
NA
NA
NA
NA
NA
NA
1
1
1
NA
NA
NA
NA
NA
NA
NA
NA
NA
NA
NA
0.26
1
1
0.368
NA
0.235
0
NA
0.513
0
0.133
NA
NA
0
NA
NA
NA
0.254
NA
NA
0.121
0.593
NA
NA
NA
NA
NA
NA
NA
NA
NA
NA
0
NA
0.4
0.339
NA
NA
0.316
0
NA
NA
NA
0.323
NA
NA
0.446
NA
NA
NA
NA
NA
NA
0.308
0.49
0.585
NA
NA
NA
NA
1
0.446
NA
NA
NA
0
0
NA
0
NA
NA
0.395
NA
NA
NA
0.425
NA
0.273
0.393
0.341
NA
NA
0.343
0
0.395
0.423
0.293
0.204
NA
NA
NA
1
NA
0.077
NA
NA
NA
NA
0.175
NA
NA
NA
NA
NA
NA
0.506
NA
0
NA
NA
NA
NA
0.349
NA
NA
NA
0.287
NA
0.372
0.3
0.498
NA
NA
NA
NA
NA
0
0.486
0.114
NA
NA
1
NA
NA
NA
NA
NA
NA
NA
NA
0
NA
NA
0.358
NA
1
NA
NA
1
1
0
NA
NA
1
NA
0.172
NA
NA
NA
NA
1
NA
0
1
NA
NA
NA
0.529
0.482
NA
NA
NA
NA
NA
NA
0.318
NA
NA
NA
NA
NA
NA
NA
NA
0.368
NA
NA
NA
NA
NA
1
NA
NA
NA
NA
0.216
NA
NA
NA
NA
NA
1
1
1
NA
NA
NA
NA
0
NA
NA
NA
0.336
0.387
0.425
NA
0.48
NA
0.108
0.199
1
1
NA
NA
NA
0
NA
NA
NA
NA
NA
NA
NA
NA
NA
NA
NA
NA
NA
NA
0.355
NA
0.264
1
NA
NA
1
NA
1
NA
NA
NA
NA
0.331
NA
NA
NA
NA
NA
NA
0.459
NA
1
0
NA
0.155
0.24
NA
NA
NA
NA
1
NA
NA
0.271
0.534
NA
NA
NA
NA
NA
1
NA
0.113
NA
NA
NA
NA
NA
NA
NA
NA
NA
NA
NA
NA
NA
NA
NA
NA
NA
NA
0.131
NA
NA
NA
NA
NA
NA
NA
NA
NA
0.636
NA
NA
NA
NA
NA
NA
0.282
NA
NA
NA
NA
NA
NA
NA
0.443
NA
NA
0.458
0.431
NA
NA
NA
0.199
NA
NA
NA
NA
0.324
0.447
0.719
0.191
0
NA
NA
1
NA
NA
NA
1
NA
NA
NA
0.191
NA
0.237
0.494
0.33
NA
NA
NA
NA
0
NA
NA
NA
0.186
0.609
NA
0.434
NA
NA
NA
0.336
NA
0.323
NA
NA
NA
NA
NA
NA
1
NA
0.263
NA
NA
0.606
NA
0.258
NA
0.569
0
NA
NA
NA
NA
NA
NA
NA
NA
NA
NA
NA
NA
NA
NA
NA
NA
0.284
NA
0.282
NA
NA
NA
NA
NA
NA
NA
NA
NA
NA
NA
0.359
NA
NA
0.447
NA
NA
NA
NA
NA
NA
NA
NA
0.301
NA
NA
NA
NA
NA
NA
NA
NA
NA
NA
NA
NA
NA
0.538
0.414
NA
NA
NA
NA
NA
0.747
NA
NA
NA
NA
0.428
NA
NA
0
NA
NA
NA
NA
NA
NA
NA
NA
NA
NA
NA
NA
0.358
0.326
NA
NA
NA
NA
NA
0.5
NA
0
0
NA
NA
NA
NA
1
NA
NA
NA
NA
NA
NA
0.293
NA
NA
0.366
NA
NA
NA
NA
NA
NA
NA
NA
NA
NA
NA
NA
NA
NA
NA
NA
NA
NA
NA
NA
0.361
0.086
NA
0.29
0.636
NA
NA
NA
NA
NA
NA
NA
NA
NA
NA
0.366
0.099
NA
NA
0.479
NA
NA
NA
NA
NA
NA
NA
NA
NA
NA
NA
NA
NA
NA
NA
NA
NA
NA
NA
NA
1
NA
NA
NA
NA
NA
NA
NA
NA
NA
NA
NA
NA
NA
0.145
0.094
NA
NA
0.079
NA
NA
0.378
NA
NA
1
0.251
0.189
NA
NA
NA
NA
NA
NA
NA
NA
NA
NA
NA
NA
NA
NA
NA
0.515
NA
NA
NA
NA
NA
NA
NA
NA
NA
NA
0.24
NA
0.529
NA
NA
NA
NA
0.394
NA
NA
NA
NA
NA
NA
NA
0
0
0
1
NA
NA
NA
NA
NA
1
NA
0.336
0.448
NA
0.647
NA
0.627
NA
NA
0.191
NA
NA
NA
NA
0.172
NA
NA
NA
NA
0.191
NA
0.191
NA
NA
NA
0.513
NA
NA
NA
NA
NA
NA
NA
NA
NA
NA
NA
NA
NA
NA
NA
NA
NA
NA
NA
NA
NA
NA
NA
NA
NA
NA
NA
NA
NA
NA
NA
NA
NA
NA
NA
NA
NA
NA
NA
NA
NA
0.712
0.169
1
1
NA
NA
NA
NA
NA
NA
NA
NA
0.295
NA
0.583
NA
0.2
0.266
NA
NA
NA
NA
NA
NA
NA
NA
0.383
0.338
NA
1
NA
NA
NA
NA
NA
NA
NA
NA
0.531
1
NA
0.39
NA
NA
NA
NA
NA
0.4
0.475
0.293
1
NA
NA
NA
NA
NA
NA
0.568
1
NA
NA
NA
NA
NA
0.328
NA
NA
NA
NA
NA
NA
NA
0.409
NA
NA
NA
NA
1
NA
NA
NA
NA
NA
NA
NA
NA
NA
1
NA
1
1
0.173
NA
NA
NA
NA
1
1
NA
NA
NA
NA
NA
NA
NA
NA
NA
NA
NA
NA
NA
0.367
NA
NA
0.329
NA
NA
0
NA
1
0.262
NA
0.286
0.529
NA
NA
NA
NA
NA
NA
0.354
NA
NA
0
NA
NA
NA
NA
1
NA
NA
NA
NA
NA
NA
NA
NA
NA
NA
0.603
NA
NA
NA
NA
NA
NA
NA
0
1
1
NA
0.266
NA
NA
NA
NA
NA
0
NA
NA
NA
NA
NA
NA
NA
NA
NA
NA
NA
NA
NA
NA
NA
NA
0.746
NA
NA
NA
NA
NA
NA
NA
NA
0
0
0.365
NA
NA
NA
0.477
NA
NA
NA
NA
0.152
NA
1
0.382
NA
NA
0.156
NA
NA
NA
NA
NA
NA
NA
NA
0.433
0.356
NA
NA
NA
NA
NA
NA
NA
0.268
NA
NA
NA
NA
NA
0.087
0.379
0
NA
NA
NA
0.081
0.368
0.191
NA
0.191
NA
NA
NA
NA
0
NA
NA
NA
NA
NA
NA
NA
NA
NA
0.349
0.492
0.403
NA
NA
0.161
NA
NA
NA
NA
NA
0.534
0.158
NA
NA
NA
NA
NA
NA
NA
NA
NA
1
1
0
1
NA
NA
NA
NA
NA
NA
NA
NA
NA
NA
NA
NA
NA
0.165
0.477
0.398
0.498
NA
NA
NA
NA
NA
NA
NA
NA
NA
NA
0
NA
NA
NA
1
NA
1
0.242
NA
NA
NA
NA
0.452
NA
0.302
NA
NA
NA
0
NA
NA
NA
NA
NA
NA
0.068
NA
NA
NA
NA
NA
NA
NA
NA
NA
0.355
0.439
NA
NA
1
0.447
NA
NA
NA
NA
NA
NA
0.344
0
NA
NA
0.403
NA
NA
NA
0
0.366
0.344
NA
0.335
0.374
0.123
0.494
0
NA
NA
NA
NA
NA
NA
NA
NA
NA
NA
NA
NA
1
0.548
0
NA
NA
NA
NA
NA
NA
NA
1
NA
NA
NA
0.116
NA
NA
NA
NA
NA
NA
0.293
NA
NA
0
NA
NA
NA
NA
NA
NA
NA
NA
NA
0.104
NA
NA
NA
NA
0
NA
NA
NA
0.276
1
0.35
NA
NA
0.379
NA
NA
0
NA
NA
NA
NA
NA
0
NA
0
NA
NA
NA
NA
NA
0.747
0.171
NA
NA
NA
0.044
0.061
0.098
0.435
0
0.581
NA
0.222
NA
0.447
NA
NA
NA
NA
NA
NA
NA
0.298
0.308
0
NA
NA
NA
NA
NA
NA
0
0
0.459
NA
0.143
0.251
1
NA
NA
NA
NA
NA
NA
NA
NA
NA
0.542
NA
NA
0.288
NA
NA
NA
NA
NA
NA
0
0.44
NA
NA
NA
NA
NA
NA
NA
NA
NA
NA
NA
1
NA
0
0.428
NA
NA
NA
NA
NA
NA
0.513
NA
0.206
NA
NA
NA
NA
1
1
NA
NA
NA
NA
0.297
NA
NA
NA
NA
NA
NA
NA
NA
NA
NA
0.542
NA
NA
NA
0.407
NA
NA
NA
NA
NA
NA
1
1
NA
NA
NA
NA
NA
NA
NA
0.263
0.469
NA
NA
NA
NA
NA
NA
NA
NA
NA
NA
NA
NA
NA
NA
0.327
NA
1
0.191
1
NA
NA
NA
NA
NA
NA
NA
NA
NA
0
NA
NA
NA
NA
NA
NA
NA
NA
NA
NA
NA
NA
NA
NA
NA
NA
NA
NA
NA
NA
NA
NA
NA
NA
NA
NA
NA
NA
NA
NA
NA
NA
NA
NA
NA
0.484
NA
NA
0
NA
NA
NA
NA
NA
NA
NA
0.089
NA
NA
NA
NA
NA
NA
NA
1
NA
NA
NA
NA
NA
NA
NA
NA
NA
NA
NA
NA
NA
NA
NA
0.48
NA
NA
0.577
0.2
NA
NA
NA
NA
NA
NA
NA
NA
0
0.191
NA
NA
NA
NA
0.334
1
0.526
0.218
0.203
NA
NA
NA
NA
NA
NA
NA
NA
NA
NA
NA
NA
NA
NA
0.153
NA
NA
NA
NA
NA
1
NA
1
NA
NA
NA
1
NA
1
NA
1
0.097
NA
NA
1
1
NA
NA
NA
NA
NA
NA
1
0.133
NA
NA
NA
NA
NA
NA
0.427
NA
NA
NA
NA
NA
1
NA
1
NA
NA
NA
NA
NA
NA
NA
NA
NA
NA
NA
NA
NA
NA
NA
0.143
0.276
NA
NA
NA
0.573
NA
NA
NA
NA
0.364
1
NA
NA
NA
NA
NA
0.143
NA
0.185
NA
NA
0.303
1
NA
NA
NA
NA
NA
0
0.331
0.17
NA
NA
NA
NA
NA
NA
NA
NA
NA
1
0.447
1
1
NA
NA
NA
NA
0.151
0.368
NA
NA
NA
NA
NA
0.368
0.251
0.521
NA
1
NA
1
NA
1
1
NA
1
NA
NA
NA
0.368
NA
NA
NA
NA
NA
NA
NA
1
NA
NA
NA
NA
NA
NA
NA
NA
1
NA
NA
NA
NA
NA
NA
NA
NA
NA
NA
NA
NA
NA
NA
NA
NA
NA
1
NA
0
NA
NA
NA
NA
NA
NA
NA
0.342
0.338
NA
0.296
NA
NA
1
0.135
NA
0.228
NA
NA
NA
NA
NA
NA
0.522
NA
NA
NA
NA
NA
NA
0.613
0.583
NA
NA
NA
NA
NA
0
NA
0.567
0.541
0.496
NA
NA
NA
1
NA
0.513
0
NA
0
NA
NA
NA
0.289
NA
NA
1
NA
1
1
NA
1
NA
NA
0
1
0.25
0.372
0.232
NA
NA
NA
NA
NA
NA
NA
NA
NA
NA
NA
1
1
NA
NA
NA
NA
0
NA
NA
NA
1
NA
NA
NA
NA
NA
NA
NA
NA
NA
NA
NA
NA
NA
NA
NA
NA
NA
NA
NA
NA
NA
NA
NA
NA
NA
1
1
NA
NA
NA
NA
NA
NA
NA
NA
NA
NA
NA
NA
NA
NA
NA
NA
NA
NA
NA
1
NA
1
NA
NA
NA
1
1
1
NA
NA
NA
NA
NA
NA
NA
NA
NA
NA
0
NA
NA
0.535
1
NA
0.543
NA
1
0.426
0.346
NA
NA
NA
0
0.42
NA
NA
0.101
0.101
NA
0.117
NA
NA
NA
NA
NA
NA
NA
NA
NA
NA
1
0.24
NA
0.637
NA
NA
NA
0.438
1
NA
NA
NA
NA
NA
0.431
0.403
NA
NA
NA
NA
NA
1
NA
NA
NA
0.468
NA
NA
NA
NA
NA
NA
NA
NA
NA
NA
NA
NA
NA
NA
0
NA
NA
NA
NA
NA
NA
NA
NA
NA
NA
1
NA
NA
0.127
0.191
0.287
NA
0.077
0.243
NA
0.155
0.104
0.139
NA
0.232
NA
NA
NA
0
0
NA
NA
0
NA
NA
0.245
0.318
0.251
NA
0.302
0.181
NA
NA
0.434
NA
NA
NA
NA
0.223
NA
NA
NA
0.358
0.092
NA
1
NA
NA
0
NA
0
1
NA
NA
0.5
NA
NA
NA
NA
NA
0.132
NA
0.842
0
NA
1
0.518
NA
NA
NA
NA
NA
NA
NA
NA
NA
NA
NA
NA
NA
NA
NA
NA
0.369
NA
NA
NA
NA
NA
NA
NA
NA
0.299
NA
NA
NA
NA
NA
NA
NA
NA
NA
NA
NA
NA
0.266
NA
0
0
NA
NA
NA
NA
NA
NA
NA
NA
NA
NA
NA
NA
0.213
1
1
NA
NA
NA
NA
NA
NA
NA
NA
NA
NA
NA
NA
NA
NA
NA
NA
NA
NA
NA
NA
NA
NA
NA
NA
NA
NA
NA
NA
NA
0.225
0
NA
NA
NA
NA
NA
NA
NA
NA
NA
NA
NA
NA
NA
NA
NA
0.5
NA
0.513
NA
NA
NA
NA
NA
NA
NA
NA
NA
NA
NA
NA
NA
NA
NA
NA
NA
NA
0.406
0.329
0
NA
0
0
0
0
NA
0.133
0.29
0.395
NA
0.395
0
0.186
NA
NA
NA
NA
NA
NA
NA
NA
NA
NA
NA
NA
NA
NA
NA
0
NA
NA
NA
NA
NA
NA
NA
NA
NA
NA
NA
NA
NA
NA
0.227
0
NA
NA
0
0
NA
NA
NA
0
NA
0
NA
0.386
0.313
NA
NA
0.29
1
0.389
NA
0
NA
NA
NA
NA
NA
NA
0.467
NA
NA
NA
NA
NA
NA
NA
NA
NA
NA
NA
NA
0.43
NA
NA
NA
NA
NA
NA
NA
NA
NA
NA
NA
NA
NA
NA
0.247
NA
0.376
0.386
NA
1
NA
NA
NA
NA
NA
NA
NA
NA
0.261
NA
1
NA
1
NA
NA
0.255
0
0
NA
0
NA
0
0
0
NA
NA
0
NA
0.428
0.551
NA
0.528
NA
0.442
0.419
NA
NA
NA
NA
NA
NA
NA
0
0.568
0.703
NA
NA
NA
0
0.09
NA
NA
0
NA
0.235
NA
NA
NA
NA
NA
NA
0.343
NA
NA
NA
NA
NA
0
NA
NA
NA
NA
NA
NA
NA
NA
NA
NA
NA
NA
1
NA
NA
NA
NA
NA
NA
NA
NA
NA
NA
NA
NA
NA
NA
NA
0
0
NA
NA
NA
NA
NA
NA
NA
NA
NA
NA
NA
0
NA
NA
NA
NA
NA
NA
0.474
NA
1
NA
NA
NA
NA
0.41
NA
NA
NA
0
NA
NA
0.399
NA
NA
0.447
0.447
NA
NA
NA
NA
NA
NA
NA
NA
NA
NA
NA
1
NA
1
NA
NA
NA
NA
NA
NA
NA
NA
NA
NA
0
NA
0.5
NA
NA
NA
NA
0
NA
NA
NA
NA
NA
NA
NA
NA
NA
NA
NA
0
NA
0.403
NA
1
1
NA
0.327
0.071
NA
0.148
NA
NA
NA
NA
0.344
NA
NA
NA
NA
1
0.22
NA
0.215
NA
NA
NA
NA
NA
NA
NA
NA
NA
NA
NA
NA
NA
NA
NA
0
NA
NA
1
NA
NA
0
NA
NA
NA
NA
NA
0.066
0.214
NA
NA
NA
NA
NA
0.161
0.17
NA
0.293
0.525
0.036
0.085
0.096
0
0
NA
NA
NA
NA
NA
NA
1
NA
NA
NA
1
0
NA
0.191
NA
NA
NA
NA
1
NA
NA
NA
0.443
NA
NA
NA
0.395
NA
NA
NA
NA
NA
0.371
NA
0.49
0.233
NA
0.238
NA
NA
0.448
0.063
NA
NA
NA
NA
0.223
NA
NA
NA
NA
NA
NA
NA
NA
NA
0.157
0.4
0.206
0.257
NA
NA
NA
NA
NA
NA
NA
NA
0.242
0.242
NA
NA
0
NA
0.259
NA
NA
NA
NA
0
0.242
NA
NA
NA
NA
NA
NA
NA
NA
NA
0
1
NA
0.432
NA
NA
NA
NA
NA
0.465
NA
0.29
NA
NA
NA
1
0.405
NA
NA
0.331
0.561
0.395
NA
NA
NA
NA
NA
NA
NA
0.371
NA
0
NA
NA
NA
NA
NA
NA
NA
0.097
NA
NA
NA
0.242
0.334
0.212
NA
NA
NA
NA
NA
NA
NA
NA
0.494
NA
NA
NA
NA
NA
NA
NA
NA
NA
0.199
0
NA
NA
0.391
NA
0.292
1
NA
0.749
NA
NA
NA
NA
NA
NA
NA
NA
NA
0.396
1
NA
NA
0.407
0
NA
NA
0
0
0.334
0.777
NA
NA
NA
NA
NA
NA
0.291
0.611
0
NA
NA
NA
NA
NA
0.324
NA
0
NA
0
0.085
0.123
NA
0.214
NA
0.304
0
NA
NA
NA
NA
NA
NA
NA
NA
0.134
NA
0
NA
NA
NA
NA
NA
NA
NA
NA
NA
NA
NA
NA
NA
NA
0.296
0.735
0.183
1
NA
0.447
0
NA
0.391
0
NA
0
NA
0
NA
NA
NA
NA
NA
NA
0.168
NA
NA
0.365
NA
0.13
NA
0.321
0
NA
0
NA
NA
0
NA
NA
NA
0.394
0.357
NA
NA
NA
NA
NA
NA
NA
NA
NA
NA
NA
NA
NA
NA
NA
NA
NA
0.422
NA
0.41
1
0
1
NA
NA
0.385
NA
NA
0.181
0.186
NA
0.197
0.198
0.461
0.465
1
0.145
0.21
NA
NA
NA
NA
NA
NA
NA
NA
NA
NA
NA
NA
NA
NA
NA
NA
NA
NA
NA
NA
NA
NA
NA
NA
NA
1
NA
0.364
NA
NA
0.554
NA
0.178
NA
0.171
NA
NA
0.509
0.217
NA
0.054
0.266
0.67
NA
0.191
NA
1
NA
0.351
NA
1
NA
1
0
0.185
NA
NA
0.433
0.313
NA
0.334
NA
NA
NA
NA
NA
0.163
NA
0
1
NA
0.088
NA
0.088
0
0
NA
NA
1
0.373
0
NA
NA
0.631
NA
0
NA
NA
1
NA
NA
NA
NA
NA
NA
NA
NA
NA
1
NA
0.296
0.19
NA
0
NA
NA
0.414
0.477
0
NA
NA
0.423
1
NA
NA
NA
NA
0.075
NA
NA
NA
NA
NA
NA
NA
NA
NA
1
NA
0
0
0
0
NA
NA
NA
1
NA
NA
NA
NA
NA
NA
0.727
NA
0.159
NA
NA
NA
NA
NA
1
NA
0.593
0.348
1
NA
0.735
NA
NA
1
NA
NA
NA
NA
NA
0.413
1
0.254
NA
0
NA
0.087
NA
NA
0.333
0
NA
NA
NA
0.589
1
0.511
0
NA
1
1
1
0
NA
0
0
NA
NA
0.101
NA
NA
NA
NA
NA
NA
NA
0.232
0
NA
NA
NA
1
NA
0
NA
NA
0.206
NA
0.312
NA
NA
NA
NA
NA
0.229
0.704
NA
NA
NA
NA
NA
NA
NA
NA
0.057
0.326
NA
0.163
0.242
NA
NA
0
NA
0.555
0.563
NA
NA
1
0.351
NA
NA
NA
NA
NA
NA
NA
NA
0.214
NA
NA
NA
NA
NA
NA
NA
NA
NA
NA
NA
0.188
0
NA
NA
NA
0
NA
0
NA
0.307
NA
0.045
NA
0.5
NA
NA
NA
0
1
NA
0
0
NA
0.065
0.098
NA
NA
NA
NA
0.322
0.231
0
NA
NA
NA
NA
1
NA
NA
NA
1
NA
0.524
0.418
NA
0.309
NA
1
NA
NA
NA
0.086
NA
NA
0.435
1
NA
0.191
1
1
NA
NA
NA
0
NA
0
0.516
NA
0.203
NA
0.283
0.42
0.368
NA
NA
0
0.54
0
0
0
1
NA
NA
0.439
0.457
NA
NA
NA
NA
1
NA
NA
NA
NA
NA
NA
NA
1
NA
0.654
0
NA
NA
NA
NA
NA
0.246
1
NA
NA
NA
NA
NA
0.4
NA
NA
NA
NA
NA
NA
NA
NA
1
NA
NA
NA
NA
NA
NA
NA
NA
NA
NA
NA
NA
NA
NA
NA
NA
NA
NA
NA
0.133
NA
NA
NA
NA
NA
NA
NA
NA
NA
NA
NA
NA
NA
0.501
NA
0
0
NA
NA
1
0.406
0.268
NA
NA
0
0
0
NA
0.518
1
0.49
NA
NA
0.375
NA
NA
0.531
NA
NA
0.382
1
NA
NA
0.748
NA
1
1
0
NA
NA
NA
NA
NA
NA
NA
NA
NA
NA
NA
NA
NA
NA
NA
NA
NA
NA
NA
0
0.126
0.375
NA
NA
0.512
NA
NA
0
NA
NA
NA
NA
NA
NA
NA
NA
NA
NA
NA
NA
0.3
0.143
NA
0.231
NA
0
1
NA
NA
NA
NA
NA
NA
NA
NA
NA
NA
NA
NA
NA
NA
NA
NA
0.023
NA
NA
NA
NA
NA
1
NA
1
0.546
NA
NA
NA
NA
NA
1
NA
NA
1
0
1
NA
NA
NA
1
0.19
1
0.389
NA
NA
NA
0.368
0
NA
0.513
NA
0.318
0.307
0.328
NA
NA
NA
NA
0.533
0
0.674
0.116
0.174
NA
NA
1
1
NA
0.198
0.476
NA
NA
NA
NA
0.301
0.301
0
0.045
0
0
NA
1
NA
0.379
0.176
0.075
NA
NA
NA
NA
NA
0.141
NA
NA
0.314
0.211
NA
NA
NA
NA
NA
NA
NA
NA
NA
NA
NA
NA
NA
NA
NA
NA
NA
NA
NA
NA
NA
NA
0
0
0
0.531
0.489
NA
0.5
NA
0.405
NA
0.585
0.6
NA
NA
NA
NA
NA
0.396
0
0
NA
NA
NA
NA
NA
0.191
NA
NA
NA
NA
0.319
NA
1
NA
NA
NA
NA
NA
0.337
0.208
NA
NA
NA
1
1
0.301
1
NA
1
NA
NA
NA
NA
0
0.176
0
NA
NA
NA
NA
NA
NA
NA
NA
NA
NA
NA
0
NA
NA
NA
NA
NA
0.261
0
0.273
0
1
0.361
0.095
NA
1
NA
0.335
0.365
NA
NA
NA
0.251
NA
NA
NA
NA
NA
NA
NA
0.511
0.544
NA
NA
NA
NA
NA
NA
1
NA
NA
NA
NA
NA
NA
NA
NA
NA
NA
1
NA
1
1
NA
0.086
NA
0.533
0.358
0
0
0
NA
0.095
1
NA
NA
NA
NA
NA
NA
NA
0.461
NA
NA
0.693
0.513
0.513
1
0.271
NA
NA
NA
NA
0.406
0.058
NA
0.054
NA
NA
NA
0
0.102
0.436
0.62
NA
0.122
NA
NA
NA
NA
0.095
NA
NA
NA
NA
NA
1
NA
NA
NA
0.04
0
NA
NA
0.591
0.423
NA
NA
NA
NA
NA
0.446
NA
0.114
NA
0.427
0
NA
NA
NA
NA
1
NA
NA
NA
NA
NA
0.085
NA
NA
NA
NA
NA
NA
NA
NA
NA
NA
NA
NA
NA
NA
NA
NA
NA
NA
NA
NA
NA
NA
NA
NA
NA
NA
NA
NA
NA
NA
NA
NA
NA
NA
NA
NA
0.117
NA
NA
NA
0.339
NA
NA
NA
NA
0
NA
0.334
NA
NA
0.427
NA
NA
0.485
0
NA
NA
NA
0.426
1
0.661
0.346
NA
0
0.488
1
0.551
0
NA
1
NA
NA
NA
NA
NA
NA
0.206
NA
0
NA
1
0.291
0.115
NA
0.224
NA
NA
NA
NA
NA
1
NA
0.204
NA
NA
0.548
NA
0.069
NA
NA
1
1
NA
0
NA
0.117
0.107
1
1
1
0.601
0.063
NA
0.065
NA
NA
NA
NA
0.283
0.244
NA
NA
0.102
1
NA
NA
0
0.403
0.475
0.337
0.371
NA
NA
NA
NA
NA
NA
NA
NA
0.327
NA
NA
0
NA
NA
NA
NA
NA
0.076
NA
1
NA
NA
NA
NA
NA
NA
NA
NA
NA
NA
NA
NA
1
0.413
NA
NA
0.463
NA
NA
0.54
0
0
NA
NA
NA
0
NA
0
0.5
NA
0.358
NA
NA
NA
NA
NA
NA
NA
NA
NA
NA
NA
NA
NA
NA
NA
NA
NA
NA
NA
NA
0
0
NA
0
0.379
NA
0.221
0.349
NA
NA
NA
0
0
NA
NA
NA
NA
NA
NA
0
0.478
0.283
NA
1
0.53
NA
NA
NA
NA
NA
0.249
0.178
0.156
0.405
0.422
1
NA
1
NA
0.117
0.33
0
NA
NA
NA
0
NA
0
1
NA
NA
NA
NA
NA
NA
NA
NA
NA
NA
NA
0.109
NA
0.421
NA
1
0.357
0
NA
0
0.725
0.081
NA
NA
NA
0.281
0
1
1
NA
NA
NA
NA
0
0
NA
NA
NA
NA
0.34
NA
0.378
NA
0.159
0.021
NA
NA
NA
NA
NA
0
NA
0.354
0.755
0.438
0.269
0.18
NA
1
0
0.336
0.231
NA
0.368
1
0.582
0.46
NA
NA
0
0.469
0.356
0.121
NA
NA
NA
NA
NA
NA
0.559
1
NA
NA
0
NA
0.299
0.586
NA
NA
0.547
NA
NA
0.4
0.331
0.373
0.309
NA
NA
NA
NA
NA
1
0
NA
1
NA
0
NA
0.479
NA
NA
NA
NA
NA
NA
0.191
NA
NA
0
NA
NA
NA
NA
NA
NA
NA
NA
NA
0.101
0.114
NA
0.169
NA
1
NA
1
0.573
1
NA
NA
NA
0
1
NA
NA
NA
NA
NA
NA
NA
NA
0.342
NA
NA
NA
NA
NA
NA
NA
NA
NA
NA
NA
NA
0.136
NA
NA
NA
NA
NA
NA
NA
NA
1
1
0.165
NA
0.064
NA
NA
NA
NA
NA
NA
NA
NA
NA
NA
NA
NA
0.099
0.096
0.079
0.187
1
0.249
0.321
NA
NA
NA
NA
NA
NA
NA
0.722
NA
0.255
0.168
NA
NA
NA
NA
NA
NA
NA
NA
0.211
NA
NA
NA
NA
NA
NA
NA
0.222
0.494
0
0.171
NA
NA
NA
NA
NA
NA
0.244
NA
NA
1
0.506
NA
NA
0.461
NA
1
1
0.287
0.058
NA
0.371
0.329
NA
1
0
NA
NA
NA
NA
NA
NA
NA
NA
NA
1
0.577
0.392
NA
0.437
0.309
NA
0.095
NA
NA
0
NA
NA
NA
NA
NA
NA
NA
NA
1
NA
NA
NA
NA
NA
NA
NA
NA
NA
NA
NA
NA
NA
NA
NA
0.547
0.33
NA
NA
0
NA
0
NA
NA
0.545
0.396
NA
NA
NA
NA
0.408
1
0.745
NA
NA
NA
NA
NA
NA
1
NA
0.136
0.49
0
NA
NA
NA
0.513
0.478
NA
0
NA
1
1
1
NA
NA
NA
NA
NA
NA
0
NA
NA
NA
NA
NA
NA
NA
0.545
0.313
NA
0.301
NA
1
0.095
NA
NA
NA
NA
NA
NA
NA
NA
0.548
NA
NA
NA
NA
NA
NA
NA
NA
NA
NA
NA
NA
NA
0.184
NA
NA
0
0.44
NA
0.481
NA
NA
NA
0
NA
NA
NA
NA
NA
NA
0.316
NA
NA
NA
NA
NA
NA
1
0.535
1
NA
NA
NA
NA
1
NA
NA
NA
NA
NA
NA
NA
NA
0
NA
NA
NA
NA
NA
NA
NA
NA
NA
NA
NA
NA
0.457
NA
NA
0
1
NA
NA
0.481
0.225
NA
NA
NA
NA
NA
NA
0
NA
NA
NA
NA
NA
NA
NA
NA
NA
NA
NA
NA
NA
0.432
0.357
NA
NA
0.441
NA
NA
1
0.475
NA
NA
NA
NA
NA
0.26
NA
NA
NA
NA
NA
NA
NA
NA
0.423
NA
NA
0.266
NA
NA
NA
NA
NA
NA
NA
0.071
NA
NA
NA
NA
0
NA
NA
NA
NA
NA
NA
NA
NA
NA
NA
NA
NA
NA
0
NA
NA
NA
NA
NA
NA
NA
0
NA
NA
NA
NA
NA
NA
NA
NA
NA
NA
NA
NA
NA
0.622
NA
NA
NA
1
NA
NA
1
0.598
NA
NA
NA
NA
NA
NA
0.725
0.238
NA
NA
NA
NA
0.301
NA
NA
0.266
0.553
NA
NA
NA
NA
0.295
NA
NA
NA
NA
NA
NA
NA
NA
NA
NA
NA
NA
NA
NA
NA
NA
NA
0.5
0.594
1
0
1
NA
0
NA
NA
NA
NA
NA
NA
NA
NA
0.151
0.391
NA
1
1
NA
NA
0
1
1
NA
NA
NA
NA
NA
NA
NA
NA
1
NA
0
NA
NA
NA
NA
NA
0.326
NA
1
1
NA
NA
NA
NA
0.5
0.5
0.323
0
NA
NA
NA
NA
0.262
NA
NA
NA
NA
NA
NA
1
NA
NA
NA
NA
NA
NA
NA
NA
NA
1
0
NA
NA
NA
NA
NA
NA
NA
NA
NA
NA
NA
0.076
0.735
0
0.413
NA
NA
NA
NA
NA
0
NA
NA
NA
0.481
NA
0.327
0.471
NA
1
NA
NA
NA
NA
NA
0.679
NA
NA
NA
1
0.28
NA
NA
NA
NA
NA
NA
NA
NA
NA
NA
NA
1
0.276
NA
NA
NA
NA
NA
NA
NA
NA
0
0.242
NA
NA
NA
NA
NA
NA
0.333
0.722
0.4
1
1
NA
NA
NA
NA
NA
NA
NA
NA
NA
0.423
NA
NA
NA
NA
NA
NA
NA
NA
NA
0
NA
NA
0
NA
NA
NA
NA
0.675
0.304
NA
0.41
0.502
NA
1
NA
NA
NA
NA
0.26
NA
NA
0.421
0.443
NA
NA
0.268
NA
NA
NA
NA
0.154
0.184
1
NA
NA
NA
NA
NA
NA
NA
NA
0.366
0
NA
0.692
0.07
0.536
NA
1
NA
NA
NA
NA
NA
NA
NA
0.379
NA
0.382
NA
NA
NA
NA
NA
NA
NA
NA
0.293
1
0.617
0
0
NA
NA
NA
NA
NA
NA
0.301
0
0.341
1
0.516
NA
NA
NA
0.25
0.354
NA
NA
NA
NA
NA
NA
NA
NA
NA
NA
NA
0
0
NA
1
NA
NA
0.229
NA
NA
NA
0
0
NA
NA
0
0
0.169
NA
NA
NA
NA
0
0
NA
NA
NA
NA
1
NA
NA
NA
NA
0
0
NA
NA
NA
NA
NA
0
NA
NA
NA
NA
NA
NA
NA
NA
NA
NA
NA
0.35
NA
NA
NA
0.066
1
1
NA
NA
NA
NA
NA
NA
NA
0.339
NA
NA
0.356
0.41
NA
NA
NA
0
NA
NA
0.517
NA
0.493
NA
NA
NA
NA
NA
NA
NA
NA
NA
NA
NA
0.469
NA
NA
NA
NA
NA
NA
NA
NA
NA
NA
NA
0.128
NA
NA
NA
NA
NA
0.1
0.059
NA
0.069
NA
NA
NA
NA
0.785
NA
NA
NA
NA
NA
NA
NA
NA
NA
NA
1
0.415
NA
NA
NA
NA
0.261
NA
NA
0.458
0.374
1
1
0.108
NA
NA
NA
NA
1
1
NA
NA
NA
NA
NA
NA
NA
NA
0
0.122
0.155
0.079
NA
NA
0.058
NA
NA
NA
0.196
0.301
0.344
NA
0.308
0.331
NA
NA
0.258
0.191
NA
NA
NA
NA
NA
0.215
NA
NA
NA
NA
NA
NA
NA
NA
NA
NA
NA
0.103
NA
NA
NA
NA
0.104
0.074
NA
NA
NA
NA
NA
NA
NA
NA
NA
0.673
NA
NA
0.458
NA
NA
0.513
0.579
NA
NA
NA
NA
NA
NA
NA
NA
NA
0.602
NA
NA
NA
NA
NA
NA
NA
NA
NA
0.509
NA
NA
0.191
0.191
NA
0.247
NA
NA
NA
NA
NA
NA
NA
NA
0.096
NA
NA
NA
NA
NA
NA
NA
NA
NA
NA
0.272
0.223
1
NA
NA
NA
1
NA
NA
0.316
NA
0.496
NA
NA
NA
NA
NA
NA
NA
NA
NA
NA
NA
NA
NA
NA
0
NA
NA
NA
NA
NA
NA
NA
NA
NA
NA
0.508
0.438
NA
NA
NA
NA
0.186
NA
NA
NA
1
NA
NA
0.426
NA
NA
NA
NA
0
NA
NA
NA
NA
NA
NA
NA
NA
NA
NA
NA
NA
NA
NA
NA
NA
NA
NA
NA
0.387
NA
NA
NA
NA
NA
NA
NA
NA
NA
NA
NA
NA
NA
NA
NA
NA
NA
NA
NA
NA
NA
0.287
0
NA
NA
NA
NA
0.371
NA
NA
NA
NA
NA
NA
NA
NA
NA
1
NA
NA
NA
NA
NA
NA
NA
NA
NA
NA
NA
NA
NA
NA
NA
NA
0.111
0.048
NA
0
NA
NA
NA
NA
NA
NA
NA
NA
NA
NA
NA
NA
NA
0.302
0.155
NA
0.318
NA
NA
NA
NA
1
NA
NA
0
NA
0.22
NA
NA
0
1
NA
NA
NA
NA
NA
NA
NA
NA
NA
NA
NA
NA
NA
NA
NA
NA
NA
NA
NA
NA
NA
NA
NA
1
NA
NA
NA
NA
NA
NA
NA
NA
NA
NA
NA
NA
NA
NA
NA
0
NA
0
0
NA
NA
NA
NA
NA
NA
NA
NA
1
0.499
NA
NA
NA
1
NA
NA
NA
NA
NA
NA
NA
NA
NA
NA
NA
0.191
NA
NA
NA
NA
NA
NA
0
1
0
1
0.578
NA
NA
NA
NA
NA
NA
NA
NA
NA
0.15
NA
NA
NA
NA
NA
NA
NA
NA
NA
NA
NA
NA
0.21
NA
NA
NA
NA
NA
0
0
1
0.319
NA
0.684
NA
NA
NA
NA
NA
NA
NA
NA
NA
NA
NA
NA
NA
1
NA
NA
NA
NA
NA
NA
NA
NA
0
0.087
NA
NA
NA
NA
NA
NA
NA
NA
1
0
NA
NA
NA
NA
NA
NA
NA
NA
NA
NA
NA
NA
NA
NA
NA
NA
NA
NA
NA
NA
NA
NA
NA
NA
NA
NA
NA
NA
NA
NA
NA
NA
NA
0.461
1
NA
NA
NA
NA
NA
NA
0.372
NA
NA
NA
NA
NA
NA
NA
NA
NA
NA
NA
1
NA
NA
0.453
NA
1
0.514
NA
NA
NA
NA
NA
0.081
0.598
0.489
0.311
NA
0.524
NA
0.366
0.047
1
0.283
NA
0.511
NA
NA
NA
1
NA
0.563
0.155
0.373
NA
NA
0.173
NA
NA
NA
NA
NA
0
NA
0.183
1
NA
NA
NA
0
0
NA
NA
NA
NA
NA
0.298
0.511
NA
NA
NA
0.518
NA
NA
NA
NA
1
1
NA
NA
NA
NA
NA
0
0
0
NA
NA
0.457
NA
NA
0.607
NA
NA
NA
0.568
NA
NA
NA
NA
NA
NA
NA
NA
NA
NA
NA
NA
0.191
NA
0.435
NA
NA
NA
NA
0.16
NA
NA
NA
0.316
0.513
NA
0.263
NA
NA
NA
NA
NA
NA
NA
NA
NA
NA
NA
NA
NA
NA
NA
0.189
0.139
NA
NA
0.337
NA
NA
NA
0.554
0.305
0.326
NA
1
NA
0.439
NA
NA
0.352
0.62
0.31
NA
NA
NA
NA
NA
NA
NA
0.168
NA
NA
NA
NA
NA
NA
NA
0.115
NA
NA
NA
NA
NA
0
NA
NA
NA
NA
NA
NA
NA
NA
NA
NA
NA
NA
0
NA
NA
NA
0.425
NA
NA
0.372
NA
0
NA
1
NA
NA
NA
NA
NA
NA
NA
NA
0.191
0
NA
NA
NA
NA
NA
NA
NA
NA
NA
NA
NA
NA
NA
NA
NA
NA
NA
NA
0.091
0.191
NA
NA
NA
NA
NA
NA
NA
1
NA
0.29
NA
NA
NA
NA
NA
0.38
NA
NA
NA
NA
NA
NA
NA
NA
NA
NA
NA
NA
NA
NA
NA
NA
NA
NA
NA
1
1
NA
0.424
NA
NA
NA
NA
0.081
0.413
0.232
NA
NA
0.497
NA
NA
NA
NA
0
NA
NA
0.331
0.352
NA
0
1
NA
NA
1
NA
NA
0.434
NA
NA
NA
0.498
0.083
NA
NA
NA
NA
NA
NA
0.256
NA
NA
NA
NA
NA
NA
NA
NA
NA
NA
1
NA
NA
NA
NA
0.189
NA
NA
NA
NA
NA
NA
NA
NA
NA
NA
NA
NA
NA
NA
NA
NA
1
NA
0.095
NA
NA
NA
NA
NA
NA
NA
NA
NA
NA
NA
NA
NA
NA
NA
NA
NA
NA
NA
NA
NA
NA
NA
0.651
0.616
NA
0.378
0.48
0.092
NA
NA
NA
NA
NA
NA
NA
NA
0
1
NA
0.191
0.582
0
1
NA
0.552
0.613
0.575
NA
NA
NA
NA
NA
NA
NA
NA
NA
NA
NA
NA
0
NA
NA
NA
NA
0.426
0.628
NA
NA
NA
NA
NA
1
NA
NA
0.2
NA
NA
NA
NA
NA
NA
NA
NA
NA
NA
NA
NA
NA
NA
NA
NA
NA
NA
NA
NA
NA
NA
NA
NA
NA
NA
0.179
NA
NA
1
NA
NA
NA
NA
NA
NA
NA
NA
NA
NA
NA
NA
NA
NA
NA
NA
NA
NA
NA
NA
NA
NA
NA
NA
NA
NA
1
NA
NA
NA
0.666
1
1
NA
0.121
NA
NA
NA
NA
NA
NA
0.351
NA
NA
NA
NA
NA
NA
NA
NA
NA
NA
NA
NA
NA
NA
NA
NA
NA
0
0.395
NA
1
NA
NA
0
NA
NA
NA
0.522
NA
NA
NA
NA
NA
NA
NA
NA
NA
NA
NA
1
NA
0.312
0.451
0.417
0
1
1
NA
NA
NA
NA
0.316
0.334
NA
NA
NA
NA
NA
0.076
0.15
NA
NA
NA
NA
NA
NA
NA
NA
NA
NA
NA
1
NA
NA
NA
NA
NA
NA
NA
NA
0
NA
1
NA
0
NA
NA
NA
NA
NA
NA
NA
NA
NA
NA
NA
NA
NA
NA
NA
NA
NA
NA
NA
NA
NA
NA
NA
NA
NA
1
NA
0
0.318
0.294
NA
1
NA
NA
NA
NA
NA
NA
NA
NA
NA
NA
NA
NA
NA
0.347
NA
NA
NA
NA
NA
1
NA
NA
NA
NA
NA
NA
NA
NA
NA
NA
NA
NA
NA
NA
NA
NA
NA
NA
NA
NA
NA
NA
NA
NA
NA
NA
NA
NA
NA
NA
NA
NA
NA
NA
NA
NA
1
NA
NA
NA
1
NA
NA
NA
NA
NA
NA
NA
NA
NA
NA
NA
0.44
NA
NA
NA
NA
NA
NA
NA
NA
NA
NA
NA
NA
NA
NA
NA
0.886
0.186
NA
0.377
NA
0.438
NA
0.665
NA
0
NA
NA
NA
NA
NA
NA
NA
NA
0.395
0.287
0.395
NA
NA
NA
NA
NA
NA
0.513
NA
NA
NA
NA
NA
NA
NA
NA
NA
NA
NA
NA
1
NA
NA
NA
NA
NA
NA
NA
NA
1
NA
NA
1
1
NA
NA
NA
NA
NA
NA
NA
NA
NA
NA
NA
NA
NA
NA
NA
NA
NA
NA
1
NA
NA
NA
NA
NA
NA
NA
NA
NA
NA
NA
NA
NA
NA
NA
NA
NA
NA
0
1
NA
NA
NA
NA
NA
NA
NA
NA
NA
NA
NA
NA
NA
NA
NA
1
NA
NA
NA
NA
NA
NA
NA
NA
NA
NA
NA
NA
NA
NA
NA
NA
0.233
0.233
0.233
0.063
NA
NA
NA
NA
NA
NA
NA
NA
NA
NA
NA
NA
0.223
NA
NA
NA
NA
NA
NA
NA
NA
NA
NA
NA
NA
NA
NA
NA
NA
NA
NA
NA
NA
NA
NA
NA
NA
NA
NA
NA
NA
NA
NA
NA
NA
NA
NA
0.455
NA
NA
NA
NA
NA
NA
NA
NA
1
1
NA
NA
NA
NA
NA
0.57
0.71
NA
NA
NA
0.153
0.373
NA
NA
NA
NA
1
NA
1
NA
NA
NA
0.502
NA
NA
NA
NA
NA
NA
NA
NA
NA
NA
NA
NA
NA
NA
NA
NA
1
1
NA
NA
NA
NA
NA
NA
0.172
NA
NA
NA
0.368
NA
NA
NA
NA
NA
NA
NA
NA
NA
NA
NA
1
NA
NA
NA
NA
NA
NA
NA
1
NA
NA
NA
NA
NA
0.467
NA
NA
NA
0
NA
NA
0
NA
NA
NA
NA
NA
NA
NA
NA
NA
NA
NA
NA
NA
NA
NA
0.191
NA
NA
1
1
0.082
0.052
0.233
NA
NA
1
NA
NA
0.33
0.095
NA
NA
NA
NA
NA
NA
NA
NA
NA
NA
NA
NA
NA
NA
NA
0.563
NA
0
0
NA
NA
NA
NA
NA
NA
NA
NA
NA
NA
NA
NA
NA
NA
NA
NA
0.4
NA
NA
NA
NA
NA
NA
NA
NA
NA
NA
NA
NA
NA
NA
NA
NA
0
NA
1
NA
NA
NA
NA
NA
NA
1
NA
NA
NA
NA
NA
NA
NA
NA
NA
NA
0.073
NA
NA
1
1
NA
NA
NA
NA
NA
NA
NA
NA
NA
NA
NA
NA
NA
NA
NA
0.114
0.591
NA
NA
0.397
NA
NA
NA
NA
NA
NA
NA
NA
NA
1
NA
NA
0.438
0.063
1
NA
0.065
0.395
NA
NA
NA
0.185
NA
NA
NA
NA
NA
NA
NA
NA
NA
NA
NA
NA
NA
NA
NA
NA
NA
0.358
NA
NA
NA
NA
NA
NA
NA
0.043
0.229
NA
NA
NA
0
0.305
NA
NA
NA
NA
NA
0.399
0.351
1
0.274
0.567
NA
0.096
NA
NA
0.324
NA
0.173
NA
0.4
NA
0.201
0.415
NA
NA
NA
NA
NA
NA
NA
NA
NA
NA
NA
NA
0.242
NA
NA
NA
NA
NA
NA
0.273
0.33
0.371
0.465
NA
NA
NA
NA
NA
NA
NA
NA
NA
NA
NA
NA
NA
NA
NA
NA
NA
NA
NA
0.548
NA
NA
NA
NA
NA
NA
NA
NA
NA
NA
NA
NA
NA
NA
NA
NA
0
NA
0
NA
NA
NA
1
NA
0.374
NA
NA
NA
NA
NA
NA
0
NA
NA
NA
NA
NA
0.5
0
NA
0
NA
NA
NA
0.512
0.116
0.5
NA
NA
0.341
NA
NA
NA
NA
NA
NA
NA
NA
NA
NA
NA
0.389
NA
NA
NA
NA
1
NA
NA
NA
NA
NA
NA
NA
1
0.535
0.191
0.379
NA
0.406
NA
NA
NA
NA
NA
NA
NA
NA
NA
NA
NA
NA
0.912
1
NA
NA
NA
NA
0.426
NA
NA
1
0.435
NA
NA
NA
0
NA
NA
NA
1
NA
NA
NA
0.459
0.489
NA
NA
0.393
0.265
NA
0.15
0.175
0.404
0
0.253
NA
NA
NA
NA
NA
NA
0.56
NA
NA
1
1
NA
NA
NA
NA
0.782
0.816
NA
0
NA
NA
NA
NA
NA
0.422
1
0.158
0.216
0.525
0.471
0.351
NA
NA
NA
NA
NA
NA
1
1
NA
NA
0.409
NA
NA
NA
0.145
NA
NA
NA
NA
1
NA
NA
NA
NA
NA
NA
NA
NA
0
NA
NA
NA
NA
NA
0.548
NA
NA
NA
NA
NA
NA
NA
NA
NA
NA
NA
NA
NA
1
NA
NA
1
NA
0.52
0.576
0.398
0.143
1
NA
NA
NA
NA
NA
NA
NA
0
NA
NA
0.113
NA
0.077
NA
NA
0
NA
NA
NA
NA
NA
NA
0.469
0.454
0.367
0
1
NA
NA
NA
NA
NA
0.253
0.146
NA
NA
0.5
1
0.46
NA
NA
NA
NA
NA
NA
NA
0.108
0.119
NA
NA
NA
0.452
0.447
NA
0.528
NA
NA
NA
0.309
0.631
NA
NA
NA
NA
0.56
0
NA
NA
NA
NA
NA
0.377
0.42
NA
NA
NA
NA
NA
NA
NA
0.344
NA
0.186
NA
NA
0.313
0.439
NA
NA
1
NA
0
0
0
NA
1
NA
0.253
1
NA
0.384
NA
0.321
NA
1
0
NA
0.205
NA
1
NA
NA
NA
NA
NA
1
NA
1
NA
NA
NA
NA
NA
NA
NA
NA
0.545
0.302
0.252
0.112
0.069
NA
NA
NA
NA
1
NA
NA
NA
NA
NA
NA
NA
NA
NA
NA
NA
NA
NA
NA
NA
NA
NA
NA
0.122
0.108
NA
NA
NA
0.338
0.298
NA
NA
0.103
1
NA
0.115
0.308
NA
NA
NA
NA
NA
NA
NA
0
0.365
NA
0.358
NA
NA
0
1
NA
0.597
0.53
0.645
NA
NA
0.454
0.273
0.324
NA
NA
NA
0
NA
0
NA
NA
NA
NA
NA
NA
NA
NA
1
NA
0
NA
0.347
NA
NA
NA
0
NA
NA
NA
NA
NA
1
NA
NA
0
NA
0
0
0.49
NA
NA
NA
NA
0
0.342
NA
NA
NA
0.043
NA
0.093
0.097
NA
NA
1
0
0.348
0.308
NA
NA
0
NA
NA
NA
NA
NA
NA
NA
NA
0.508
0.241
NA
0.22
1
NA
0.071
NA
NA
1
NA
NA
NA
1
NA
0
NA
NA
NA
0
NA
NA
NA
NA
NA
1
NA
1
NA
0
NA
0
NA
NA
NA
NA
0
0
0
NA
NA
NA
0.384
0.422
0.39
1
NA
0.45
NA
NA
NA
NA
0.379
0.513
1
NA
NA
NA
NA
NA
NA
0.316
NA
0.136
1
0.15
NA
NA
0.524
NA
NA
NA
NA
1
NA
NA
0
NA
0
0
0
0
NA
0.187
NA
NA
NA
0.5
0.483
NA
NA
NA
NA
1
NA
0
NA
NA
NA
NA
NA
NA
NA
NA
NA
NA
NA
NA
0.159
NA
NA
NA
1
0.352
NA
0.242
NA
NA
0.535
NA
NA
NA
NA
0.255
0.302
0.563
0.608
NA
NA
NA
NA
NA
NA
1
1
NA
NA
NA
NA
NA
0.166
NA
NA
NA
NA
NA
NA
NA
NA
NA
NA
1
0.289
NA
NA
NA
NA
1
0.377
NA
NA
0.474
NA
NA
0.242
0.242
NA
NA
NA
NA
NA
NA
NA
NA
1
0.195
NA
0.146
NA
NA
NA
NA
NA
1
NA
NA
NA
NA
NA
NA
NA
NA
0.2
NA
NA
1
NA
0.495
NA
NA
NA
NA
NA
NA
NA
NA
NA
NA
NA
NA
NA
NA
NA
NA
NA
0.328
0.319
NA
NA
NA
0.298
NA
NA
NA
NA
NA
NA
1
NA
0.343
0
NA
NA
0.04
NA
NA
NA
NA
NA
NA
NA
NA
NA
NA
NA
NA
0.8
0.475
NA
NA
0
NA
NA
NA
NA
NA
NA
NA
NA
NA
NA
NA
NA
NA
0.612
0
NA
NA
1
NA
NA
0
NA
NA
0.288
NA
NA
NA
NA
NA
NA
0
NA
0.455
0
NA
0.362
NA
0.369
NA
NA
NA
0.286
NA
NA
0.242
0
0.5
NA
NA
1
NA
NA
NA
0.13
NA
NA
NA
NA
0.401
0.447
NA
NA
NA
NA
NA
NA
NA
NA
NA
0
NA
0.592
1
NA
NA
NA
0.191
NA
NA
NA
NA
NA
1
0.399
0.214
1
NA
NA
NA
NA
NA
NA
NA
NA
0
0.2
0
0
0
NA
NA
NA
NA
1
NA
NA
NA
0
0.155
NA
1
NA
NA
NA
NA
NA
NA
NA
NA
0.286
0.389
0.401
NA
NA
NA
NA
NA
0
NA
0.415
NA
0.211
0.225
1
1
0
NA
0.361
0.47
0.513
NA
NA
NA
NA
NA
NA
0.31
NA
NA
NA
0.375
1
0.607
NA
0.219
NA
NA
0.496
0
NA
NA
NA
NA
NA
NA
NA
1
1
NA
NA
0.36
NA
0.433
NA
NA
NA
NA
NA
NA
NA
NA
1
1
NA
NA
NA
1
1
NA
NA
NA
NA
NA
NA
NA
NA
NA
1
0.401
NA
0
NA
0.475
0.435
0.496
NA
NA
NA
NA
NA
NA
NA
0.242
0.162
0.123
0.664
NA
0.479
NA
NA
NA
NA
NA
NA
0.159
1
0.242
NA
0.344
NA
NA
NA
NA
0.47
NA
NA
NA
NA
NA
NA
NA
NA
NA
NA
NA
1
NA
NA
NA
NA
NA
NA
0.333
0.427
NA
NA
NA
NA
NA
NA
NA
NA
NA
0.611
0.5
0.427
NA
NA
NA
NA
NA
NA
NA
NA
NA
1
NA
NA
NA
NA
NA
0.234
NA
NA
NA
NA
0
0
0.466
0.301
0.43
NA
NA
NA
NA
NA
NA
NA
NA
NA
NA
NA
NA
NA
NA
NA
1
NA
NA
NA
NA
NA
NA
NA
NA
0.481
NA
NA
NA
0.246
NA
NA
NA
0.457
0.397
NA
NA
0.131
NA
1
NA
NA
NA
NA
NA
NA
NA
NA
NA
0.453
0
NA
NA
NA
NA
NA
0.458
NA
NA
0.085
NA
NA
NA
NA
0.4
NA
NA
NA
NA
NA
0.439
1
NA
NA
NA
NA
0.41
1
NA
NA
NA
NA
NA
NA
NA
0
NA
NA
0.56
0.513
NA
NA
0
NA
0.308
NA
NA
NA
NA
0.359
NA
NA
NA
NA
NA
0.425
NA
0.328
0.08
NA
1
NA
NA
NA
0.93
NA
NA
NA
0.417
NA
NA
1
0.365
0.365
NA
0.178
NA
NA
NA
NA
0.246
NA
0.36
NA
NA
NA
NA
0.412
0.26
NA
0.242
NA
0.54
NA
NA
NA
1
NA
NA
NA
NA
NA
NA
NA
NA
NA
0
NA
0.289
NA
0.415
NA
NA
1
0.266
NA
NA
NA
NA
0.537
NA
NA
NA
NA
NA
NA
NA
0.647
NA
NA
NA
NA
0.243
NA
NA
NA
NA
NA
NA
NA
NA
NA
0.31
NA
NA
NA
0.486
NA
0.227
1
0.389
NA
1
0.364
NA
1
NA
1
NA
NA
0
0.348
1
1
NA
1
NA
NA
NA
NA
1
NA
0.37
NA
NA
NA
NA
0.483
NA
NA
NA
NA
NA
NA
1
1
NA
0.214
NA
NA
NA
0.267
NA
NA
NA
0.413
NA
1
NA
0
0
NA
1
NA
0
1
NA
NA
