0.663
0.663
0.403
0.191
0.273
0.236
0.244
0.475
0.217
0.663
0.397
0.595
0.246
0.881
NA
0.66
0.438
0.566
0.441
0.437
0.962
0.21
0.393
0.533
0.466
0.199
0.498
0.446
0.568
0.48
0.639
0.197
0.295
0.588
NA
NA
NA
NA
0.88
0.276
0.884
0.524
0.731
0.83
0.054
0.247
0.342
0.411
0.663
0.663
0.663
NA
0.663
NA
0.224
NA
0.663
0.349
0.413
0.439
0.364
0.243
0.27
0.332
NA
0.341
0.229
NA
0.442
0.301
NA
NA
NA
NA
NA
NA
NA
NA
NA
0.663
NA
0.663
0.663
0.663
0.663
0.663
NA
0.274
0.052
0.599
NA
0.767
0.663
0.331
0.339
0.399
0.546
0.219
0.219
0.219
0.502
0.996
NA
NA
NA
NA
NA
0.376
NA
0.308
0.831
0.585
NA
0.731
0.731
0.638
0
0.886
0.576
0.261
0.029
0.638
0.998
0.112
0.663
NA
0.838
0.243
NA
0.331
NA
0.663
0.796
0.663
0
0.72
0
0
0
0
0
0
0
0
0.885
0.663
1
0.04
0.092
0.473
0.259
0.368
0.663
0.663
0.663
0.663
0.663
0.663
0.663
0.663
0.663
NA
0.2
0.199
0.216
0.195
0.17
0.272
0.253
0.663
0.292
0.256
0.235
0.663
0.431
0.38
0.265
0.31
0.193
0.334
0.909
0.309
0.239
0.265
0.675
0.173
0.296
0.663
0.26
0.029
0.537
0.333
0.953
0.516
0.474
NA
NA
NA
NA
0.576
0.439
0.413
0.822
0.379
0.692
0.402
0.252
NA
0.97
0.97
0.915
0.21
0.016
0.186
0.163
0.34
0.192
0.211
0.663
0.346
0.663
0.206
0.161
0.29
0.201
0.034
0.168
0.61
0.237
0.466
0.26
0.334
0.309
0.567
0.307
NA
0.609
0.071
0.178
0.249
0.488
0.663
NA
NA
0.184
0.571
0.452
NA
0.663
0.663
0.663
0.663
0.663
0.663
0.663
0.663
0.672
0.762
0.77
0.278
0.264
0.663
0.173
0.663
0.663
0.663
0.663
0.663
0.663
0
0.908
0.255
0.258
0.251
0.25
0.47
0.301
NA
NA
0.127
0.27
NA
0.785
0.875
0.887
NA
0.663
0.567
0.269
0.177
NA
0.88
0.153
0.325
0.323
0.375
0.267
0.624
0.345
0.288
0.298
0.623
0.491
0.533
NA
NA
0.467
0.416
0.216
0.663
0.663
0.663
0.663
0.663
NA
NA
0.196
0.232
0.251
0.195
0.296
0.22
0.436
0.871
0.286
0.174
0.259
0.663
0.381
0.441
0.384
0.663
0.417
0.071
0.071
0.071
0.071
NA
0.347
0.214
0.343
0.597
0.663
0.663
0.047
0.335
0.663
0.656
0.496
0.82
0.663
0.663
0.663
0.663
0.957
0.45
NA
0.367
0.452
0.515
0.365
0.267
0.218
NA
0.341
0.282
0.216
0.373
0.663
0.663
0.663
0.219
0.879
0.192
0.663
0.739
NA
0.154
0.663
0.258
0.554
0.663
0.155
0.993
0
0.663
0.509
0.483
0.339
0.514
0.408
0.663
0
0.024
0.528
0.806
NA
NA
0.279
0.538
0.215
0.663
0.223
0.89
0.663
0.663
0.663
0.663
0
0.475
0.575
0.521
0.348
NA
0.056
1
0.417
0.879
0.663
0.663
0.324
0.322
0.25
0.663
0.987
NA
0.265
0.264
0.372
0.686
0.346
0.232
0.232
0.199
0.218
0.663
0.955
0.186
0.313
0.323
0.319
0.663
0.239
NA
0.247
0.663
0.663
0.275
0.36
0.342
0.471
0.987
NA
NA
0.083
NA
0.617
NA
0.544
0
0.989
0.307
0.014
0.016
0.507
0.663
0.248
0.197
0.251
0.389
0.189
0.217
0.243
0.694
0.663
0.352
0.322
0.278
0.189
0
NA
0.324
0.327
0.38
0.266
0.355
NA
0.836
0.663
0.663
0.663
0.663
0.663
0.663
0
NA
0.21
0.147
NA
0.831
0.303
NA
0.385
0.752
0.289
0.147
NA
0.663
0.663
0.663
NA
NA
0.242
0.793
0.196
NA
0.906
0.289
0.414
0.663
0.663
0.663
0.093
0.224
0.534
0.452
0.243
0.143
0.372
0.446
0.256
0.277
0.23
0.237
0.142
0.508
0.375
0.364
0.285
0.279
0.945
0.64
0.508
0.442
0.906
0.41
0.764
0.934
NA
0.787
0.572
0.389
0.706
0.353
0.536
0.694
0.812
0.583
0.686
0.663
0.26
0.264
0.237
0.831
0.255
0.349
0.265
0.18
0.451
0.663
0.314
0.637
0.433
0.587
0.429
0.256
0.237
0.267
0.215
0.128
NA
NA
NA
NA
0.179
0.374
0.446
0.537
0.539
0.663
0.663
0.24
0.232
0.157
0.415
0.491
0.572
0.053
NA
0.615
0.807
0.291
0.556
0.127
0.025
0.663
0.663
0.663
0.663
0.663
0.663
0.663
0.663
0.871
0.622
0.523
0.575
0.82
0.398
0.279
NA
0.926
0.587
0.331
0.831
0.709
0.419
0.663
0.239
0.546
0.663
0.663
0.663
0.181
0
0.073
0.676
0.608
0.144
0.766
0
0.244
0.538
0.538
0.212
0.663
0.663
0.82
NA
0.324
0.378
0.405
0.405
0.356
0.288
0.317
0.27
0.288
0.239
0.497
0.271
0.37
0.372
0.249
0.314
0.277
0.452
0.283
0.663
0.45
0.302
0.236
0.993
0.05
0.676
0.274
1
0.064
0.196
0.256
0.249
0.227
0.663
0.91
0.268
0.256
0.663
0.386
0.417
0
0.356
0.83
0.219
0.116
0.249
0.663
0.663
0.663
0.202
0.229
0.624
0.388
0.663
0.663
0.935
NA
0.236
0.236
NA
0.255
0.32
0.938
0.572
0.272
0.299
0.295
0.26
0.376
0.078
0.609
0.326
NA
0.991
0.939
0.393
0.24
0.195
0.198
0.244
0.179
0.192
0.343
0.221
0.303
0.421
0.417
0.191
0.044
0.717
0.413
0.456
0.362
0.64
0.646
0.225
0.263
0.222
0.487
0.887
0.564
0.663
0.215
0.481
0.246
0.379
0.23
0.288
0.362
0.385
0.232
0.244
0.518
0.066
0.066
0.233
0.663
0.22
NA
0.914
0.241
0.52
0
0.663
0.249
0.181
0.663
0.663
0.182
0.231
0.141
0.229
0.19
0.663
0.336
0.449
0.825
0.361
0.158
0.663
0.657
0.464
0.663
NA
NA
NA
NA
0.663
0.25
0.928
0.913
0.36
0.714
0.461
0.301
0.663
0.663
0.663
0.663
0.663
0.663
0.663
0.663
0.663
0.663
0.663
0.148
NA
NA
0.663
0.195
0.595
0.172
NA
0.223
NA
0.417
0.22
0.663
0.421
0.663
0.379
0.377
0.998
0.145
0.311
NA
NA
NA
NA
NA
NA
0.958
0.342
0.322
NA
0.326
0.346
0.215
0.663
0.83
0
0.346
NA
NA
0.663
0.663
0.423
0.663
0.663
NA
0.34
0.663
0.269
NA
0.252
0.491
0.203
NA
0.373
0.431
0.251
0.174
0.214
0
0.458
0.306
0
NA
NA
NA
0.463
0.261
0.566
0.486
0.663
0.638
NA
0.385
0.401
0
0.299
NA
NA
0.41
0.354
0.401
0.716
0.676
0.584
0.94
0.415
0.315
NA
0.265
0.957
0.663
0.221
0.663
0.663
0.663
0.663
0
0.663
0.663
0.663
0.333
0.267
0.399
0.575
0.211
0.541
0.351
0.538
0.211
0.245
0.51
0.524
0.185
0.388
0.367
0.757
0.663
0.028
0.663
0.071
0.663
0.208
0.663
0.663
0.663
0
NA
0.663
0.663
0.663
0.663
0.663
0.908
0.653
0.34
0.327
0.306
0.436
0.399
0.8
0.949
0.663
0.91
0.256
0.905
0.301
0.321
NA
0.35
0.306
0.189
0.189
0.189
0.189
0.663
0.663
NA
0.663
0.883
0.384
0.831
0.205
0.38
0.439
0.315
0.304
0.369
0.663
0.663
0.23
0.205
0.663
0.663
0.663
0.663
0.663
0.663
0.663
0.663
0.663
0.663
0.663
0.663
0.663
0.263
0.183
0.3
0.318
0.354
0.329
0.184
0.214
0.177
0.432
0.196
0.376
0.32
0.154
0.378
NA
0.82
NA
0.343
0.026
0.349
0.777
0.381
NA
0.492
0.266
0.93
NA
0.663
0.663
0.663
0.663
NA
0.663
0.663
NA
NA
0.333
0.831
0.663
NA
0.908
0.21
0.887
0.226
0.279
0.236
0.215
0.196
0
NA
0.927
NA
0.867
0.993
0.265
0.69
0.291
0.27
0.249
0.219
0.239
0.94
0.184
0.697
0.656
NA
0
0.213
0.231
0.282
0.278
0.278
0.217
0.145
0.663
0.94
0.374
NA
0.663
0.478
0.922
0.663
0.294
0.663
NA
0.532
0.397
0.218
0.283
0.431
0.495
0.663
NA
0.553
0
0.272
0.21
0.318
0.414
NA
0.24
NA
0.663
0.211
0.663
0.415
0.279
0.065
0.258
0.054
0.879
0.256
0.305
0.37
0.311
0.352
0.254
0.348
0.348
0.663
0.398
0.489
NA
NA
NA
NA
0.663
0.663
0.663
0.663
0.168
0.748
0.417
0.216
0.478
0.254
0.141
0.246
0.242
0.163
0.663
0.262
0.341
0.663
0.663
0.663
0.727
0.322
0.766
0.265
0.663
0.099
NA
0.116
0.255
0.24
0.4
NA
0.663
0.326
0
0.663
0.379
0.27
0.355
0.466
0.663
0.759
0.82
0.655
NA
0.999
NA
NA
NA
NA
NA
NA
NA
NA
0.327
0.051
0.82
0.282
0.266
0.292
0.32
0.82
NA
0.678
NA
0.216
0.21
0.663
0.177
0.261
0.231
0.217
0.395
0.364
0.663
0.269
0.82
0.663
0.663
0.663
0.987
0.296
0.276
0.247
0.489
0.435
0.196
0.212
0.154
0.275
0.172
0.421
0.421
0.462
NA
NA
NA
NA
0.198
0.224
0.171
NA
NA
0.568
0.638
0.271
0.175
NA
NA
0.569
0.569
0.042
0.408
0.663
0.663
0.663
0.159
1
0.663
0.663
0.663
0.663
NA
0.663
NA
0.663
0.663
0.394
0.351
0.299
0.182
0.981
NA
0.663
0.663
0.663
NA
0.924
0.329
0.283
NA
0.213
0.164
0.18
0.171
0.071
0.071
0.915
0.234
NA
0.372
0.254
NA
0.856
0.999
0.018
0
0.036
0.663
0.881
0.803
0.963
0.856
0.998
NA
0.727
0.672
NA
NA
0.987
0.379
0.302
0
NA
NA
0.29
NA
NA
0.663
0.663
0.251
0.663
0.924
0.247
0.325
0.071
0.274
0.285
0.199
0.663
0.216
0.259
NA
0.257
0.413
0.831
0.94
0.339
0.993
0.2
0.344
NA
0.116
NA
NA
0.865
0.479
0.585
0.217
0.576
0.936
0.334
0.469
0.284
0.455
0
0
0
0
0.833
0
0.952
0.224
0.498
0.211
0.253
0.18
0.831
0.254
0.167
0.376
0
0
0
NA
NA
0.98
0.999
NA
0
0
0
NA
0.663
0.663
0.95
0.454
0.085
NA
NA
0.215
0.626
0.627
0.229
0.268
0.349
NA
NA
NA
NA
NA
NA
NA
0.175
0.663
0.302
0.995
0.992
0.483
0.14
0.915
0.712
0.663
0.092
0.234
0.155
0.831
0.265
0.45
NA
NA
NA
NA
NA
NA
1
NA
0.663
0.663
0.663
0.207
1
0
0.663
0.663
0.663
0.663
1
0.283
0.298
NA
NA
NA
0.03
0.663
0.663
0.663
0.663
0
0.663
0.663
0.663
1
0.019
0.158
0.166
0.027
0.027
0.81
0.663
NA
NA
NA
NA
NA
0.296
0.663
0
NA
NA
NA
NA
NA
0
0
0.128
0.428
0.663
0.872
NA
0.626
0
0.831
0.404
0.774
0.971
0.186
0.142
0.419
0.627
0.351
0.216
0.97
0.394
0.233
0.217
0.149
0.435
0.168
0.143
0.163
0.495
0.513
0.34
0.579
0.663
0.398
NA
0.587
0.357
0.384
0.241
0.663
0.654
0.557
0.682
0.178
0.504
0.593
0.558
NA
0.197
0.542
0.374
0.273
0.396
0.353
0.351
0.295
0.233
0.663
0.155
0.87
0.526
0.663
0.396
0.34
0.474
0.159
0.566
0.384
0.155
NA
0.904
0.663
0.315
0.34
0.319
0.201
0.311
0.248
0.373
0.663
0.663
0.052
0.07
NA
0.379
0.187
0.24
0.294
0.663
0.312
0.424
0.663
0.371
0.333
0.273
0.385
0.27
NA
0.263
0.422
0.266
0.262
0.371
0.27
NA
0.225
0.663
0.26
0.248
0.287
0.216
0.663
0.663
0.663
0.663
NA
0.663
0.663
0.663
0.663
NA
NA
0.663
0.663
0.663
0.663
0.08
0.663
0.663
0.663
0.089
0.663
0.663
0.663
0.942
0.487
0.663
0.663
0.306
0.667
0.663
0.211
0.682
NA
NA
NA
NA
0.879
0.044
0.181
0.883
0.906
0.044
0.663
0.663
0.296
0.663
0.296
0.663
0.663
0.193
0.479
0.551
0.982
0.663
0.166
0.945
0.465
0.435
0.293
0.436
0.49
0.364
0.347
0.498
0.831
0.029
0.202
0.258
0.237
0.231
0.201
0.129
0.24
0.293
0.227
0.229
0.257
0.183
0.201
0.173
0.196
0.209
0.136
0.189
0.626
0
0.159
0.176
0.663
0.337
0.609
0.558
0.607
0.31
0.173
0.257
0.232
0.173
NA
0.928
0.353
0.995
0.15
0.121
0.663
0.663
0.903
0.534
0.17
1
0.19
0.931
0.339
0.181
0.693
0.284
0.279
0.573
0.269
NA
0.304
0.26
0.2
0.23
0.297
0
0.503
0.309
0.169
0.275
0.267
0.219
0.2
0.274
0.147
0.169
0.197
NA
0.901
0.267
0.254
0.174
0.214
0.259
0.275
0.233
0.035
0.224
0.58
0.912
0.17
0.207
0.179
0.189
0.26
0.267
0.291
0.043
NA
0.315
0
0.303
0.268
0.227
0.31
0.344
0.344
0.196
0.241
0
0.243
0.141
NA
0.103
0.203
0.285
0.24
0.15
0.247
0.202
0.217
0.312
0.28
0.249
0.228
0.28
0.663
NA
0.272
0.334
0.663
0.374
0.306
0.28
0
0.174
0
0.239
0.195
0.217
0.227
NA
0.258
0.334
0.315
0.331
0.212
0.293
0.236
0.213
0.224
0.231
0.24
0.291
0.333
0.398
0.238
0.181
0.38
0
0.331
0.233
0.278
0.38
0.248
NA
0.258
0.295
0.419
0
0
0.21
0.176
0.303
0.461
0.23
0.288
0
0.29
NA
NA
NA
NA
0.02
NA
0.03
0
0.03
0.249
0.249
0.991
0.249
NA
NA
0.976
0.585
0.184
0.663
0.663
0.663
0.663
0.995
0.083
0.685
0.067
0.194
0.866
0.784
0.833
0.529
NA
0.784
0.363
0.233
0.663
NA
0.991
0.372
0.336
0.127
0.677
0.278
0.333
0.765
0.581
0.466
0.509
NA
0.663
0.663
NA
0.663
0.209
0.952
0.585
NA
0.663
0.247
0.555
0.333
0.287
NA
0.663
0.23
0.289
0.307
0.574
0.492
0.314
0.439
0.433
0.313
0.316
0.282
0.251
0.288
0.346
NA
0.525
0.228
0.663
0.663
0.663
0.939
0.209
0.332
NA
NA
0.234
0.582
0.21
0.237
0.223
0.663
0.663
0.148
0.663
NA
NA
0.198
0
0.209
0.287
0.172
0.202
0
0.157
0.286
NA
0.181
0.255
0.262
0.516
0.021
0.038
NA
0.431
0.213
0.352
0.392
0.305
0.382
0.244
0.244
1
1
0.137
0.353
0.285
0.663
0.364
0.277
0.799
0.93
0.323
0.334
0.319
0.199
0.3
0.185
0.181
0.228
0.03
0.37
0.48
0.379
0.017
0.999
NA
0.916
0.017
0.174
0.442
0.663
0.663
0.663
0.663
0.663
0.663
0.663
0.663
0.663
0.663
0.167
NA
0.663
0.393
0.39
0.221
0.663
0.663
0.223
0.248
0.399
0.417
0.419
0.187
NA
1
NA
0.885
0.546
0.148
0.946
0.663
0.547
NA
0.874
0.395
0.871
0.315
0.448
0.235
0.663
0.315
0.907
0.307
0.418
0.444
0.058
0.265
0.071
0.071
0
0.036
0.071
0.976
0.27
0.999
NA
0.28
0.593
0.924
0.264
0.358
0.099
0.742
0.663
0.663
0.211
0.287
0.305
0.535
0.548
0.587
0.242
0.279
0.331
0.663
0.663
0.663
0.563
0.772
0.862
0.291
0.197
0.495
0.397
0.114
NA
0.887
0.352
0.324
0.663
0.486
0.532
0.663
0.663
0.999
NA
NA
NA
1
0.256
0.089
0.096
0.831
0.268
1
0.135
0.45
0.379
0.215
0.663
NA
0.968
0.588
0.311
0.229
0
0.187
0.178
0.172
0.183
0
0.019
0.663
0.209
0.366
0.432
NA
0.245
NA
NA
0.308
0.438
NA
0.464
0.887
0.518
0.434
NA
0.082
0.222
0.199
0.297
0.663
0.297
0.17
0.227
0.281
0.435
0
0.318
0.324
0.663
NA
0.293
0
0.22
0.2
0.242
0.282
0.354
0.402
0
0.663
0.411
0.594
0.97
0.354
0.382
0
0
0
0.197
0.188
0.206
0.026
0.024
0.663
0.181
0.193
0
0.22
0.021
0.22
0.663
0.451
0.22
0.236
0.368
0.226
0.371
0.218
0.663
0.245
0.28
0.525
0.454
0.663
0.357
0.243
0.663
0.956
0.254
0.563
0.658
0.359
0.396
0.563
0.902
0.663
0.562
0.6
0.663
0.213
0.243
0.237
0.401
0.378
0.637
0.486
0.231
0.249
0.663
0.327
0.336
0.429
0.489
0.663
0.513
0.286
0.414
0.663
0.312
0
0
0.663
0.663
0.333
0.331
0.249
0.246
0.237
0.338
0.663
0.996
0.948
0.317
0.947
0.366
0.381
0.443
0.441
0.328
NA
0.318
0.383
0.353
0.495
NA
NA
0.284
0.146
0.149
0.34
0.663
0.661
0.258
0.663
0.663
0.663
0.663
0.663
0.663
0.663
0.663
0.663
NA
0.322
0.323
0.663
0.478
0.292
0.329
0.882
0.343
0.663
0.663
0
0.572
0.263
0.326
0.199
0.317
0.663
0.663
0.663
0.663
0.663
0.234
0.663
0.716
0.088
0.041
0.28
0.663
0.332
0.298
NA
0.152
0.244
0.24
0.957
0
0.946
0.658
0.528
0.663
0.663
0.663
0.663
0.663
0.663
0.997
0.308
0.315
0
NA
0.168
NA
0.151
0.145
0.094
0
0.319
0.355
0.337
0.364
0.909
0.234
0.279
0.529
0.663
0.296
0.271
0.302
0.404
0.919
0.596
0.44
0.441
0.377
0.294
0.388
0.253
0.479
0.408
0.324
0.272
0.663
0.541
0.88
0.319
0.35
0.344
0.663
0.245
0.513
0.251
0.359
0.373
0.373
0.663
0.362
0.587
0.282
0.358
0.274
0.935
0.287
0.663
0.663
0.239
0.663
0.467
0.344
0.315
0.946
0.428
0.421
0.54
0.723
0.744
0.598
0.663
0.553
0.612
0.411
0.592
0.412
0.663
0.758
0.389
0.224
NA
0.663
0.264
0.255
0.123
0.637
0.437
0.217
0.999
0.392
0.31
0.81
0.333
0.214
0.268
0.227
0.663
0.03
0.196
0.359
0.348
0.108
0.311
0.143
0.093
0.275
0.663
0.218
0
0.663
0.172
0.168
0.177
0.171
0.214
0.677
0.609
0.569
0.64
0.49
0.193
0.437
0.487
0.444
0.647
0.384
0.39
0.468
0.312
0.3
0.196
0.206
NA
NA
NA
0.455
0.82
NA
NA
0.455
NA
0.367
0.133
0.367
0.229
0.566
0.168
0.168
0
NA
0.637
0.637
0.168
0.168
0.168
0
0.168
0.168
0.831
0.343
0.327
0.831
0.373
0.299
0
0.342
0.663
0.373
0.343
1
0.496
0.951
0.915
NA
0
0.663
0.663
0.996
0.663
0.17
0.181
0.358
0.362
0.405
0.079
0.221
0.969
0.458
0.153
0.182
0.577
NA
0.182
0.223
NA
0.472
0.181
0.565
0.531
0.19
0.428
0.663
0.284
0.452
0.494
0.449
0.372
0.235
0.309
0.169
0.372
0.397
0.363
0.294
0.116
0.28
0.116
0.663
NA
NA
NA
NA
NA
0.26
0.561
0.33
0.356
0.963
0.432
0.454
0.371
0.397
0.461
0.488
0.265
0.458
0.293
0.316
0.26
0.038
0.663
0.663
0.663
NA
0.663
0.198
0.663
0.099
NA
NA
NA
NA
NA
NA
NA
NA
0.452
0.256
0.462
0.352
NA
0.252
0.886
0.284
0.26
0.994
0.307
0.37
0
0
0.95
0
0
0
0
0
0.497
0.613
0.998
0.06
0.095
1
1
0.133
0.49
0.28
NA
0.134
0.067
0.066
0.099
0.764
0.223
0.628
0.236
0.587
0.18
0.208
0.096
0.147
0.998
0.072
0
0
0.268
0.289
0.232
0.175
0.211
NA
0.663
0.724
0.663
0.238
0.188
0.366
0.26
NA
0.416
0.952
0.354
NA
0.608
0.663
0.605
0.353
0.825
0.968
0.236
0.803
0.207
0.412
0.227
NA
0.291
0.301
0.214
0.224
0.19
0.208
0.663
0.269
0.365
0.343
0.042
0.995
0.081
0.343
0.395
0.459
0.4
0.087
0.844
0.923
0.178
0.663
0.159
0.468
0.663
0.968
0.663
0.116
0.116
0.274
0.997
0.129
0.111
0.876
0.663
1
0
0.949
0.836
0.953
0.374
0.139
0
0.997
0.997
0
0
0.663
0.663
0.663
0
0
NA
NA
NA
0.663
0.677
0.663
0.564
0.371
0.331
0.385
0.953
0.663
0.663
0.663
0.263
0.294
0.252
0.953
0.352
0.748
0.94
0.274
0.586
0.657
0.091
0.936
0.142
NA
NA
NA
NA
NA
0.284
0.663
0.663
0
0.97
0
0.97
0.663
0.663
0.203
0.37
0.24
0.91
0
0.227
0.264
0.204
0.282
0.228
0.712
0.784
0.524
0.29
0.28
0.339
NA
0.951
0.226
0.23
0.242
0.232
0.38
0.254
0.663
0.508
0.79
0.284
0.294
0.411
0.18
0.663
0.162
0.36
0.373
0.301
0.963
0.667
0.245
0.757
NA
0.273
0.296
0.629
0.383
0.355
0.784
0.649
0.17
0.383
0.147
0.286
0.438
0.335
0.214
0.17
0.281
0.334
0.488
0.663
0.308
0.915
0.589
0.308
0.663
0.275
0.915
0.506
0
0.216
0.256
0.481
0.31
0.82
0.382
0.459
0.205
0.074
0.523
0.83
0.518
0.83
0.273
0.286
0.179
0.257
0.376
NA
NA
NA
NA
NA
NA
NA
0.296
NA
0.341
0.485
0.663
0.192
0.243
0.3
0.277
0.281
0.381
NA
0.676
0.663
0.266
0.296
0.94
0.31
0.265
0.876
0.187
0.731
0.388
0.363
0.485
0.52
0.959
0.261
0.394
0.663
0
0.663
0.663
0.351
0.236
0.328
0.433
0.415
0
0.058
0.199
0.663
0.663
0.523
0.83
1
0.128
0.996
1
0.367
0.138
NA
0.172
0.271
0.663
0.982
1
0.258
0.378
0.247
0.185
0.626
0.46
0.062
0
0.208
0.185
0.34
0.931
0.527
0.563
0.116
0.314
0.544
0.281
0.329
0.242
0.238
NA
0.164
0.483
0.195
0.543
0.663
0
0
0.436
0.965
0
0.465
0.616
0.262
NA
0.663
0.301
0.663
0.278
0.204
0.064
0.187
0.218
0.371
0.883
0.648
0.93
0.371
0.402
0.334
0.203
0.248
0.249
0.288
0.663
0.296
0.804
0.72
0.477
0.596
0.642
0.628
0.697
NA
0.968
0.574
0.369
0.669
0.13
0.13
0.501
0.448
0.691
0.654
0.391
0.663
0.527
0.937
0.528
0.663
0.307
0.663
0.153
0.914
0.788
0.663
0.209
0.864
NA
0.265
0.252
0.359
0.319
0.658
0.292
0.3
0.831
0.716
0.5
0.999
0.998
0.206
0.231
0.887
0.634
0.999
0
0.342
0.241
0.346
0.022
0.042
0.018
0.019
0.772
0.279
0.725
1
0.604
0.232
0.831
0.209
0.999
0.892
0
0.999
0
0.066
0.151
0.05
0.073
0.076
0.074
0.224
0.93
NA
0.224
0.301
NA
0.997
0.205
0.855
0.998
0.992
0.274
0.132
NA
0.261
0.185
0.171
0.149
0.32
0.254
0.384
0.272
0.782
0.249
0.361
0.405
0.023
0.268
0.345
0.961
NA
0.253
0.609
0.595
0.205
0.995
0.189
0.663
0.912
0.246
0.321
0.663
0.663
0
0.663
0.446
0.547
0.367
0.404
0.492
0.919
0.23
0.359
0.344
0.418
0.23
0.265
0.834
0.83
0.663
0.992
0.663
0.224
NA
0.324
0.331
0.261
0.232
0.265
0.484
0.255
0.928
0.693
0.507
0.161
0
0.375
0.314
0.452
0.265
0.232
0.663
0.555
0.475
0.909
0.663
0.302
0.273
0.268
0
0.34
0.335
0.663
0.34
0.663
0.663
NA
NA
0.648
0.88
0.382
0.286
0.7
0.329
0.523
0.347
0.446
0.201
0.169
0.259
0.663
0.663
0
0.605
0.253
0.663
NA
0.663
0.663
0.699
0.699
0.663
0.663
0.699
NA
0.471
0.248
0.314
0.194
0.235
0.663
NA
0.238
0.274
0.792
0.689
NA
0.663
NA
NA
NA
NA
NA
NA
NA
0
0.697
0.443
NA
NA
0.185
0.158
0.254
0.331
0.663
0.663
0
0
0
0.663
NA
0
0
0
0
NA
NA
NA
0.281
0.887
0.382
0.404
0.248
0.277
0.663
0.485
NA
0.663
0.663
0.225
0.09
0.268
0.095
0.663
0.629
0.91
NA
NA
0.24
0.997
0.05
0.992
0.663
0.663
0.663
0.663
0.663
0.663
0.663
0.663
0.311
0.3
0.282
0.281
0.663
0.318
0.324
NA
0.932
0.403
NA
NA
0
0.271
0.663
0.34
0.663
NA
NA
NA
NA
NA
NA
NA
NA
NA
NA
NA
0
0.995
NA
NA
0.146
0.231
0.249
NA
0.603
0.33
0.234
0.663
0.663
0.2
0.906
0.229
0.538
0.266
0.663
0.732
0.316
0.519
0.207
0.23
0.121
0.284
0.825
0.169
0.254
0.264
NA
0.663
0.058
0.272
0.762
0.981
0.027
0.482
0.297
NA
0.222
0.384
0.663
0.311
0.262
0.263
0.663
0.663
0.663
0.244
NA
NA
0.05
0.663
0.663
0.663
0.211
0.663
0
0.663
0.663
0.663
0.965
0.437
0.32
0.182
0.247
NA
0.957
0.795
0.534
0.63
NA
0.949
0.318
NA
0.687
0.34
0.879
0.929
NA
0.458
0.413
0.31
0.377
0.338
0.306
NA
NA
0.663
0.663
0.108
0.366
0.284
0.666
0.94
0.322
0.503
0.32
NA
0.552
0.288
0.172
0.564
0.635
0.663
NA
0.663
0.582
0.301
0.663
0.663
0.663
0.663
0.663
0.663
0.663
0.058
0
0.663
0.663
NA
0.202
0.619
0
0.989
0.485
0.227
0.018
0.17
0.316
0.207
NA
0.286
0
0.663
0.571
NA
0.631
NA
0.556
0.959
0.695
0.817
0.353
0.663
NA
0.303
0.271
0.41
0.338
0.132
0.242
0.242
0.663
0.339
0.663
0.176
0.358
0.167
0.11
0.216
0.619
0.089
0.367
0.232
0.282
0.305
0.593
0.548
0.521
0.663
0.325
0.663
0.509
NA
0.599
0.593
0.935
0.715
0.323
0.974
0.696
0.693
0.601
0.236
NA
0.163
0.289
0.26
0.169
0
0.171
0.262
0.331
NA
0.663
0.663
0.216
0.342
0.287
0.163
0.294
0.455
0.536
0.306
0.633
0.252
0.261
0.171
0.181
0.209
0.306
NA
0.171
0.293
0.338
0.276
0.215
0.274
0.198
NA
0.532
NA
0.575
0.21
0.242
0.654
0.616
0.083
0.269
0.537
0.51
0.467
0.18
0.485
0.4
0.524
0.536
0.663
0.607
0.26
0.681
0.717
0.586
0.382
0.795
0.978
0.714
0.269
0.32
0.597
0.419
NA
NA
0.359
0.198
0.261
0.663
0.279
0.507
0.503
0.282
0.253
0.425
0.286
0.428
0.313
0.39
0.325
0.169
0.663
0.169
0.257
0.494
0.2
0.465
0.663
NA
0.248
0.292
0.387
0.77
0.169
0.262
0.228
0.228
0.318
0.171
0.534
NA
0.721
0.684
0.621
0.49
0.593
0.569
0.316
0.666
NA
0.17
0.616
0.711
0.679
0.962
0.317
0.704
0.605
0.22
NA
0.663
0.175
NA
0.331
0.663
0.362
0.304
0.497
0.409
0.288
0.663
0.312
0.252
NA
0.168
0.663
0.346
0.257
0.521
0.254
0.369
0.377
0.396
0.089
0.517
0.285
NA
0.663
0
0.243
0.265
0.149
0.242
0.242
0.257
0.048
0.27
NA
0.683
0.283
NA
0.663
0.777
0.955
0.394
0.225
0.48
0.477
0.225
0.516
0.315
NA
NA
NA
NA
NA
NA
NA
NA
NA
NA
NA
0.912
0.305
0.198
NA
0.663
0.663
0.663
0.663
0.663
0.663
0.663
0.663
0.663
0.663
0.663
0.663
0.663
0.663
0.663
0.663
0.663
0.663
0
NA
0.192
0.663
NA
0.663
NA
NA
NA
1
0.999
0.613
0.825
0.462
0.663
0.349
0.349
0.018
0.831
0.831
0.831
0.881
0.115
0.203
NA
0.199
0.389
0.437
0.921
0.244
0.441
0.663
0.158
0.663
0.663
0.663
0.663
NA
NA
0.34
0.191
0
0.663
0.34
0.34
0.663
0.663
NA
0.313
0.238
0
0.928
0.309
0.235
0.703
0.767
0.663
0.256
0.663
0.663
0.663
0.663
0.349
0.663
0.831
0.616
0.663
0.663
0.663
0.663
0.663
0.903
0.094
0.663
0.663
0.663
0.663
0.663
0.663
0
0.663
0.663
0.663
0.663
0.663
0.663
0.663
0.663
0.663
0.663
0.663
0.663
0.663
NA
0.663
0.663
NA
0.663
0
0.246
0
0.663
0.663
NA
1
0.16
0.558
0.562
0.988
0.106
0.118
0.173
0.202
0.997
0.268
0.295
0.663
0.357
0.275
0.419
0.525
0.663
0.507
0.428
0.383
0.287
0.243
0.344
0.535
0.344
0.413
0.394
0.454
0.351
0.999
0.971
0.37
NA
0.96
0.737
0.244
0.739
0.758
0.935
0.739
NA
0.663
0.663
NA
0.262
NA
NA
NA
0.663
0.089
0.711
0.199
0.88
0.468
0.278
NA
0.224
NA
0.21
0.133
0.302
0.949
0.541
0.499
0.297
0.46
0.295
0.38
0.42
0.289
0.663
NA
0.282
0.186
0.166
0.663
0.663
0.663
0.663
0.34
0.663
0.663
0.34
0.161
0.205
0.663
0.663
0.663
0.663
0.34
0.663
0.663
0.34
0.205
0.663
0
0.663
0.34
0.29
0.885
0.3
0.366
0.242
0.369
0.663
0.296
0.326
NA
NA
0.663
NA
0.663
0.663
0.663
0.229
0.582
0
0
0.944
0.311
0.093
0.1
0.989
0.393
0.38
0.663
0.521
NA
0.452
0.927
0
0.347
0.941
NA
0.354
0.354
0.399
0.354
0.331
0.957
0.276
0.599
0.663
0.663
0.663
0.663
0.663
0.997
0
0
0
0
0
0.15
NA
0.663
0.015
0.071
0.23
0.38
0.305
0.151
0.663
0
0.015
0.019
0.071
0.827
0.162
0.215
NA
NA
NA
NA
NA
NA
NA
NA
NA
NA
NA
NA
NA
0.509
0.318
0
0.066
0.307
0.99
0.019
0.663
0.663
0.663
0.663
0.186
0.663
0.663
0.663
0.663
0
0.663
NA
0.663
0.663
0.663
0.663
0.488
0.99
NA
0.34
0.34
0.831
0.275
NA
0.198
0.996
0.663
0.097
0.535
NA
0
0
0.585
0.121
0.142
0.874
0.155
0.831
0.277
0.899
0.55
0.663
0.399
0.08
0.663
0.953
0.604
NA
0.934
NA
0.366
0.33
0.876
0.259
0.455
0.417
0.64
0.445
0.573
0.903
1
0.37
0.074
0.286
0.236
0.224
0.237
0.832
0.298
0
0.319
0.253
0.293
0.287
0.248
0.284
0.114
0.38
NA
0.417
0.481
0.468
0.244
0.822
0.331
0.307
0.663
NA
0
0.663
0.663
0.999
0.989
0.663
0.663
0.663
0.663
0.663
0.663
0.663
0.828
0.597
0.783
0.655
0.276
NA
0.663
0.215
0.276
0.318
0.417
0.293
0.906
0.273
0.233
0.23
0.663
0.222
0.36
0.16
0.831
0.277
0.91
0.201
0.614
0.353
0.663
0.663
0.663
0.663
0.663
0.663
0.94
0.669
0.886
0.273
NA
0.234
0.228
0.336
0.3
0.336
0.234
0.294
0.329
NA
NA
0.915
0.3
0
NA
0.249
0.2
0.347
0.663
0.24
0.327
0.263
0.905
0.02
0.341
0.463
0.166
0.56
0.353
0.747
0.759
0.663
0.663
0.73
0.781
0.231
0.663
0.908
0.977
0.467
0.22
NA
NA
NA
NA
NA
NA
NA
NA
NA
NA
NA
0.911
0
0.25
0
0.996
0.237
0
0.261
0.616
0.198
0.225
0.359
0.25
0.271
0.944
0.607
0.338
0.3
0.241
0.311
0.427
0.29
0.22
NA
0.355
0
0.48
0.663
0
0.359
0.258
0.266
0.965
0.284
0.284
0.247
0.359
NA
NA
NA
NA
NA
NA
NA
NA
NA
NA
0.663
0.663
0.663
0.663
0.663
0.663
0.663
0.663
0.663
0.663
NA
0.663
0.663
0.663
0.663
0.663
NA
0.625
0.663
0.105
0.512
0.926
0.358
0.021
0.293
0.181
0.207
0.225
0.221
0.26
0.372
0.906
0.254
0.854
0.233
0.331
0.663
NA
0.317
0.97
0.958
0.17
0.336
0.265
0.663
0.663
0.663
0.663
0.663
0.663
NA
0.663
0.663
0.663
0.663
0.302
0.167
0.618
0.38
0.341
0.408
0.315
0.541
NA
0.18
0.631
NA
0.829
0.726
NA
0.572
0.926
0.421
0.166
0.133
0.662
0.714
0.168
0.963
0.716
0.663
0.77
0.742
0.729
NA
0.309
0.156
0.166
0.296
0.258
0.34
0.935
0.762
0.207
0.193
0.165
0.298
0.663
0.663
0.663
0.179
0.496
0.516
0.254
0.445
0.461
0.413
0.895
0.59
0.763
0.426
NA
0.915
0.207
0.353
0.236
0.105
NA
0.299
0.528
0.336
0.115
0.123
0.999
0.663
0.198
NA
NA
NA
NA
NA
NA
0.177
0
NA
0.363
0
0.177
NA
0.247
0.058
0.173
0.251
0.363
0.339
0.123
0.169
0.69
0.685
0
0.663
0.405
0.332
0.392
0.923
0.09
0.042
0.271
0.207
0.298
0.21
0.274
0.261
0.898
0
0.838
0
0.703
0.056
0.536
0.138
0.968
0.727
0.313
0.237
0.356
0.195
0.174
0.613
0.185
0.825
0.663
0.825
0.263
0.831
0.206
0.296
0.447
0.022
0.027
0.272
0.944
0.035
0.999
0.045
0.999
NA
NA
0.584
0.903
0.637
0.154
0.151
0.037
0.81
NA
0
0.294
0.946
0
0.727
0.148
0.155
0.28
0.139
0.997
0.151
0.14
0.394
0.26
0.279
0.233
0.227
0.397
0.113
0.663
0.339
0.451
0
0.663
0.663
0.663
0.663
0.663
0.162
0.663
0.162
0.325
NA
0.959
0.959
0.432
1
0.318
0
0.987
0.883
0.663
NA
0.915
0.329
0.275
0.22
0.141
0.19
0.313
0.26
0.315
0.354
0.218
0.257
0.185
0.257
NA
0.263
0.886
0.255
0.186
0.28
0.323
0.35
0.245
0.643
0.167
0.663
NA
0.663
0.126
0.155
0.304
0
0.239
0.17
0.015
0.034
0.998
0.326
0.663
0
0
0
0.617
0
0.435
0.926
0.463
0.074
0.663
0.227
0.578
0.618
NA
NA
0.082
0.291
0.994
0.241
0.196
NA
0.055
0.996
0
0
0
0.177
0.663
NA
1
0.88
0.48
0
NA
0.663
0.244
0.643
0.345
0.91
0.998
0
0
0.315
0.663
0.309
0.301
0.202
0.202
0.617
0.598
0.208
0.942
0.387
NA
0.392
0.334
0.574
0.175
0.378
0.663
NA
0.912
0.206
0.136
0.394
0.663
0.663
0.184
0.211
0.663
NA
NA
NA
NA
NA
NA
0.305
0.424
0.923
0.431
0.244
0.211
0.202
0.279
0.813
0.871
0.282
0.663
0.663
0.663
0.663
0.663
NA
NA
NA
NA
NA
NA
NA
NA
0.228
NA
0.39
0.34
0.831
0.379
0.663
0.432
0.325
0.1
0
0.324
0.207
0.261
0.276
0.368
NA
0.18
0.338
0.553
0.663
NA
0
0
0.992
0.753
0.567
0.426
NA
NA
NA
0.663
0.299
0.97
0.376
0.663
NA
0.565
0.825
0
0.265
0.291
0.071
0.132
0.037
0.071
0
0.112
0.639
0.032
NA
0
0.071
NA
0.036
NA
NA
0.683
0.663
0.759
0.663
0.663
0.663
0.912
0.673
0.673
NA
NA
0.663
NA
0.81
0.268
0.223
0.175
0.194
0.081
0.318
0.09
0.194
0.998
0.078
0.078
0.027
0.215
NA
0.89
NA
0
0.193
0
0
0
0.227
0.406
0.663
0.463
0.369
0.041
0.589
0.955
0.341
0.291
0.32
0.288
0.293
0.228
0.305
0.663
0.271
0.33
0.663
0.663
0.663
0.663
0.663
0.663
0.663
0.663
0.663
0.663
0.175
NA
0.131
0.346
0.999
0.529
0.922
0.353
0.585
0.235
0.663
0.224
0.663
0.308
0.242
0
0
0.798
NA
0.663
0.597
0.337
0.244
0.999
0.82
0.453
NA
0.663
0.071
NA
0.212
0.285
0.034
NA
NA
NA
NA
NA
0.98
0.185
0.158
0.313
0.269
0.663
0.051
NA
0.387
0.866
0.441
0.454
0.315
0.315
0.663
0.663
0.663
0.399
0.916
0.361
NA
0.82
0.82
0.405
NA
0.282
0.233
0.656
0.149
0.195
0.272
0.232
0.232
0.482
0.663
0.663
1
0.059
0.96
0.189
0.879
0.297
0.887
0.396
0.663
0.068
0.078
0.677
0.965
0
0
0.663
0.209
0.298
0.263
0.398
NA
NA
0.377
0.27
0.566
0.263
0
NA
NA
NA
0.265
0.405
0.827
0.196
0.229
0.663
NA
0.663
0.663
0.07
NA
0.34
0.241
0.485
0.314
0.427
0.239
0.961
0.571
0.429
0.462
0.257
0.439
0.956
0.786
0.352
0.663
0.349
0.493
0.383
0.183
0.248
0.182
0.831
0.274
0.663
0.241
0.663
0.236
0.712
0.212
0.464
0.221
0.245
0.304
0.148
0.315
0.233
NA
0
0.485
0.189
0.37
0.241
0.663
0.273
0.501
0.212
0.451
0.96
0.359
0.437
0.308
0.442
0.37
0.576
0.663
0.257
0.056
0.321
0.344
1
1
0.587
0.331
0.973
NA
0.174
0.831
0
0.304
0.21
0.726
0.915
0.663
0.21
0.21
0.983
NA
NA
0.597
0.21
NA
0.194
0.604
0.444
0.291
0.638
0.273
0.937
0.502
0.677
0.631
0.561
0.495
0.625
0.605
0.65
0.683
0.604
0.509
0.312
0.663
0.164
0.481
0.193
NA
0.408
0.638
0.264
0.327
0.39
0.312
0.584
0.619
0.663
0.729
0.487
0.493
0.719
0.679
0.038
0.298
0.663
0.663
0.663
0.663
0.663
0.663
0.663
0.663
0.663
0.663
0.663
0.663
0.346
0.663
0.91
0.409
0.259
NA
0.533
0.385
0.309
0.357
NA
NA
0.959
NA
NA
NA
1
0.924
0.242
0.663
0.618
0.287
0.42
0.663
0.663
0.663
0.663
0.325
0.179
0.935
0.425
0.375
0.453
0.081
0.148
NA
0.338
0.148
0.449
0.372
0.663
0.315
0.663
0.354
NA
0.663
0.256
0.253
0.47
NA
0.374
0.336
0.663
0.347
0.377
0.347
NA
0.236
NA
NA
NA
0.542
0.297
0.436
0
0.237
0.919
0.644
0.418
0.237
0.337
0.38
0.407
0.369
0.204
0.23
0.277
1
NA
NA
0.141
0.914
0.307
0.397
0.927
0.287
0
0.213
0.252
0.473
0
0.402
0.268
0.277
0.287
0.663
NA
0.663
0.217
0.265
NA
0.663
NA
0.067
0.06
0.233
0.086
0.267
0.319
0
0.202
0.413
0.831
0.175
0.13
0.666
0.217
0.185
0.167
0.449
0.417
0.352
0.455
0.217
0.318
0.351
0.386
0.248
0.194
0.199
0.082
0.209
0.663
0.932
0.167
0.6
0.186
0.176
0.168
0.565
0.156
0.067
0.205
0.121
0.402
0.256
0.341
0.206
0.306
0.663
0.336
0.187
0.517
0.248
0.361
0.073
0.298
0.587
0.363
0.318
0.239
0.158
0.973
0.43
0.352
0.2
0.273
0.211
NA
0.663
0.187
0.345
0.663
NA
0.38
0.243
0.201
0.273
0.262
0.259
0.312
0.275
0.276
0.166
0.663
0.354
0.259
0.276
0.321
0.276
0.309
0.663
0.663
0.238
0.231
0.238
0.273
0.377
0.33
0.246
0.371
0.194
0
0
NA
0
0.663
0.663
0.663
0.172
0.972
0.5
0
0.72
0
0.072
0.344
0.562
0.996
NA
0.121
0.305
0.342
0.358
NA
0.144
0.131
0.152
0.152
0.152
0.152
0.237
0.381
0.399
0.282
0.206
0.346
0.248
0.286
0.186
0.288
0.663
NA
NA
NA
0.663
0.277
0.269
0.887
NA
0.359
0.381
0.663
0.663
0.663
0.663
0.663
NA
0.663
NA
0.164
0.33
0.234
0.261
0.303
0.663
0.58
0.253
0.384
0.232
0.933
0.283
0.663
NA
0.663
0
0.231
0.928
0.663
0.282
0.23
0.027
0.349
0.663
0.663
0.663
0.663
0.334
0.488
0.635
0.209
0.663
NA
0.565
0.368
0.663
0.448
0.201
0.092
0.366
0.346
0.275
0.926
0.879
0.235
0
0
0.975
NA
0.399
0.492
0.932
0.663
0.778
0.343
0.656
0.884
0.222
0.663
0.21
0.492
0.951
0.24
0.831
NA
0.386
0.022
0.073
0.026
0.024
0.028
0.111
0.908
0.318
NA
0.976
NA
0.071
0.501
0.982
0.881
0.241
0.309
0.975
0.309
0.21
0.21
0.21
0.21
0.333
0.403
0.503
0.437
0.478
0.407
0.192
0.192
0.342
0.571
NA
0.496
0.663
0.663
0.663
0.663
0.663
0.913
0.435
0.272
0.561
0.39
0.486
0.456
0.285
0.56
0.522
0.56
0.63
0.566
0.276
0
0.399
0.38
0.518
0.657
0.999
0.999
0.462
0.511
0.166
0.818
0.665
0.51
0.999
0.166
0.316
NA
0.522
0.596
0.51
0.51
1
0.857
0.767
0.994
0.663
0.272
0.157
0.466
0.663
0.229
NA
NA
NA
0.998
0
0
0.663
0.663
0.83
0.663
0.287
0.663
0.663
0.663
0.16
0.663
0.663
0.595
0.564
0.417
0.477
0.642
0.198
0.49
0.532
0.282
0.317
0.359
0.241
0.37
0.663
0.621
0.068
0.071
0.071
0.677
0.462
0.327
0.887
0.663
0.329
0.273
0.663
0.663
0.663
0.77
0.98
0.663
0.82
0.656
0.351
0.663
0.663
0.663
NA
NA
NA
0.988
NA
0.663
0.252
0.963
0.153
0.153
0.663
NA
0.936
0.492
0.581
0.663
0.188
0.189
0.273
0.517
0.577
0.505
0.648
0.195
0.449
0.565
0.147
0.415
0.977
0.459
0.369
0.724
0.72
0.378
0.883
0.401
NA
0
0.996
0.215
0.194
0.217
NA
NA
NA
NA
NA
0.328
NA
0.663
0.663
0.663
0.663
0.403
0.343
0.175
0.147
NA
0.656
0.301
0.595
0.663
1
0.663
0.663
0.663
0.663
0.663
0.663
0.506
0.244
0.136
0.33
0.356
0.269
0.212
0.176
0.251
0.186
0.344
0.325
0.272
0.259
NA
0
0.244
0.663
NA
NA
NA
0.206
0.927
NA
0.226
NA
NA
NA
NA
NA
0.992
0.206
0.999
0.448
0.379
0.444
0.356
0.529
0.476
0.663
0.663
0.82
0.663
NA
NA
0.175
0.25
0.283
0.663
NA
0.663
0.663
0.663
0.663
0.663
0.663
0.663
0.663
0.663
NA
0.663
0.663
0.663
0.168
0.663
0.363
0.136
0.663
0.338
0.379
0.275
0.899
0.663
0.663
0.663
0.663
NA
0.663
0.663
0.663
0.663
0.663
0.663
0.663
0.663
0.325
0.663
NA
0.663
0.663
0.663
0.663
0.243
0.243
0.206
0.663
0.212
0.663
0.517
0.213
0.345
0.26
0
0.216
0.263
0.18
NA
0.345
0.065
0.663
0.663
0.663
0.663
0.663
0.058
0.663
0.663
0.663
0.663
0.663
0.663
0.663
0
0.663
0.663
0.663
0.663
0.227
NA
NA
0.831
0.232
0.397
0.149
0.339
0.663
0.663
0.663
NA
NA
NA
NA
NA
NA
0.063
NA
0.155
0.232
0.265
0.178
0.265
0.376
NA
0.127
NA
0.205
0.022
0.663
0.663
0.324
0.408
0.416
0.917
0.26
0.663
NA
0.663
0.243
0.241
0.284
0.219
0.887
0.17
NA
0.201
NA
NA
NA
0.201
0.255
0.663
0.645
0.231
0.311
0.663
0.663
0.663
0.694
0.663
0
NA
0.831
0.663
NA
0.383
0.179
0.455
0
0.279
0.428
NA
0
0.271
0.147
0.271
NA
0.44
0.17
0.637
0.677
NA
0.582
0.663
0.088
0.032
0.252
0.663
0.297
0.262
0.164
0.421
0.348
0.424
0.31
0.262
0.465
0.181
0.221
NA
0.663
0
NA
0.31
0
0.194
0
0.664
0.21
0.089
0.213
0.369
0.216
0.27
NA
0.663
0.166
0
0.291
0.128
0.663
0.376
0.567
0.663
0.194
0.224
0.079
0.2
0.163
0.183
0.663
0.408
0.152
0.409
0.593
0.48
0.065
0.308
0.519
0.383
0.294
0.488
0.222
0.386
0
0.461
0
0.323
0.18
0.381
0.08
0
0.218
0.419
0.716
0.352
0.416
0.073
0.663
NA
0.261
0.194
0.375
0.663
0.41
0.243
0.252
0.191
0.478
0.682
0.434
0.332
NA
0.241
0.82
0.833
0.694
0.272
0.274
0.263
0.275
0.663
0.213
0.914
0.363
NA
0.311
0.465
0.298
0.296
0.296
0.262
0.555
0.536
0.44
0.424
0.663
NA
0.663
0.663
0.663
0.212
NA
0.663
0.663
0.663
0.663
0.663
0.071
0.663
0.663
0.37
0.252
0.827
0.231
0.234
0.663
0.663
0.663
0.218
0.869
0.459
0.135
0.05
0.663
0.663
0.266
0.153
0.932
NA
0.249
0.378
0.101
0.999
NA
0.285
0.187
0
0.247
0.599
0.33
0.236
0.521
NA
0.663
0.371
0.165
NA
0.663
0.138
NA
0
0.208
0.663
0.167
0.165
0
0.172
0.16
0
0.722
0.089
0.224
0.226
0.292
NA
0.663
0.138
0.046
0.206
NA
0.2
0.663
0.307
0.179
0.21
0.663
NA
0.169
0.268
0.23
0.585
0.663
0.932
0.474
0.229
0
NA
0.311
0.177
0.28
0.052
0.365
0.23
0.206
0.183
NA
0.513
0.278
0.326
0.288
0.169
NA
0.338
0.663
0.403
0.191
0.223
0.183
0.663
0.206
0.173
NA
0.552
0.141
0.224
0.256
0.274
0.475
0.196
0.516
0.178
0.663
0.466
0.017
0.224
0.382
0.137
0
0.586
0.149
0.663
0.253
0.226
0.224
0.014
NA
0.663
0.663
0.175
0.167
0.525
0.944
0.175
0.802
0.308
0.2
0.448
0.273
0.185
0.309
0.302
0.405
0.31
0.365
0.263
0.286
0.201
0.246
0.367
0.367
0.272
0.297
0.663
0.937
0.569
0.234
NA
0.226
0
0.039
0.575
NA
0.482
0
0
NA
0
0
0
0
0
0
0.54
0
NA
0
0
0
0.06
0.171
0
0
NA
0.397
0.593
NA
0.355
0.663
0.663
0.39
0.513
0.199
NA
0.538
0.883
0.226
0.663
0.641
0.295
0.187
0.967
0.529
0.399
0.422
0.353
0.383
0.663
0.239
NA
0.344
0.571
0.213
0.26
0.303
0.245
0.138
0.29
0.358
0.553
0.907
0.513
0.192
0.613
0.306
0.841
0.158
0.174
0.663
0.773
0
0.311
0.232
0.541
0.241
0.881
0.294
0.308
0.144
0.685
0.258
0.663
0
0.64
0.249
0.224
0.703
0.713
0.907
NA
0.174
0.564
0.452
0.663
0.25
0.401
0.38
0.383
0.514
0.26
0.535
0.932
0.304
0.289
0.302
0.286
0.298
NA
NA
0.359
0.251
0.38
0.054
0.432
0.171
0.194
0.294
0.211
0.078
0.335
0.281
0.305
0
0.186
0.285
0.27
0.24
0.199
0.193
0.283
0.221
0.343
0.367
0.215
0.239
0.261
0
0.185
0.209
0.353
0.225
0.261
0.285
NA
0.15
0.153
0.284
0.27
0.246
0.219
0.285
0.215
0.076
0.218
0.258
0.228
0.253
0.246
0.152
0.382
0.663
0.243
0.226
0.202
0.656
0.16
0.663
0.623
0.657
0.912
0.636
0.279
0.286
0.608
0.188
0.272
0.219
0.199
0.206
0.34
0.181
0.297
0.448
0.277
0.396
0.285
0.294
0.267
0
0.404
0.88
NA
NA
0.262
0.186
0.217
0.157
0.308
0.297
0.186
0.196
0.212
0.583
0.36
0.266
0.167
0.317
0.209
0.258
0.245
0.314
0.273
0.326
0.508
0.247
0.31
0.172
0.308
0.29
0.113
0.283
0.278
0.169
0.196
0.663
0.619
0.508
NA
0.725
0.663
0.618
0.673
0.937
0.32
0.572
NA
NA
NA
0.88
0.621
0.71
0.697
0.506
0.677
0.913
0.548
0.663
0.557
0.454
0.447
0.382
0.943
0.273
0.237
NA
0.663
0.663
0.663
0.663
0.242
0.242
0.263
0.253
0.173
NA
0.93
0.205
0.186
0.83
0.82
0.485
0.654
0.607
0.587
0.244
0.931
NA
NA
0.986
0.121
0.28
0.827
0.663
0.989
0.663
NA
0.256
0.54
NA
0.999
0.663
0.304
0.255
0
0
NA
0
0
0
0
0
NA
NA
0
0.325
0.14
0.133
0.327
0.273
NA
0.663
0.663
0.663
0.663
0.663
0.663
0.663
0.935
NA
NA
NA
0.663
0.663
0.663
0.663
0.663
0.663
0.663
0.663
0.663
0.503
0.663
0.663
0.663
0.663
NA
0.663
0.663
0.663
NA
0.663
NA
0.663
0.244
0.288
0.22
0.663
0.663
0.233
0.221
NA
0.663
0.663
0.663
0.663
0.663
0.663
0.663
0
NA
0.663
0.663
0.663
0.663
0.663
0.663
0.663
0.663
0.303
1
0.265
0.663
0.663
0.663
0.663
0
0.216
0.413
0.274
0
0.827
0.663
0.663
0.883
0.663
0.663
0.663
0.663
0.663
0.663
0.663
0.021
0.349
NA
NA
0.394
0.663
0.294
0.354
0.663
0.368
0.158
0.248
0.48
0.186
0.398
0.342
0.66
0.585
0.52
0.825
0.663
0.071
0.27
NA
0.233
0.449
0.481
0.663
0.663
0.399
0.199
0.663
0.663
0.663
0.663
0.663
0.663
0.663
0.663
0.663
0.439
0.909
NA
0.27
0.243
0.212
0.351
0.276
0.398
0.276
0.351
0.269
0.384
0.406
NA
NA
NA
0.858
0.165
0.993
0.03
0.15
0.235
NA
NA
NA
NA
NA
NA
NA
0.248
0.118
0.237
0.222
0.304
0.322
0.219
0.23
0.315
0.663
0.142
NA
NA
0
0.272
0
0.629
0
0.53
0
0.288
0.663
0.663
0.663
0.999
0.161
0
1
0.992
0.297
0.454
0.377
0.161
0.2
0.081
0.239
0.09
0.623
0.224
0.562
0.528
0.218
0.546
0.506
0.297
0.401
0.361
0.761
0.72
NA
0.644
0.329
0.435
0.953
NA
0.296
0.569
0.252
0.559
0.313
0.224
0.307
NA
0.304
0.611
0.278
0.351
0.828
0.553
0.192
0.192
0.134
0.192
0.192
0.451
0.453
0.899
0.663
0.088
0.581
0
0
0
0.999
0.93
0.304
NA
NA
NA
NA
0
0.753
NA
0
0
0
0
0
0
NA
0
0
0
0.617
0
0
0
0.999
0
0
0
0
NA
NA
0
0
0
0
NA
0
0.601
0.239
0.403
0.297
0.434
0.279
0.469
0.442
0.418
0.378
0.461
0.663
0.295
0.323
0.345
0.386
0.379
0.462
0.415
0.446
0.327
0.433
0.437
0.334
0.663
0.413
NA
NA
0.663
0.581
0.389
0.276
NA
0.663
0.663
0.202
0.252
0.213
0.272
0.234
0.378
0.667
0.945
0.534
0.663
NA
0.22
0.294
0.102
0.663
NA
0
0.457
0.905
0.561
0.762
0.302
NA
0.281
0.366
0.663
0.663
NA
NA
NA
NA
NA
NA
NA
NA
NA
NA
NA
NA
NA
NA
NA
NA
NA
NA
NA
NA
NA
NA
NA
NA
NA
NA
NA
NA
NA
NA
NA
NA
NA
NA
NA
NA
NA
NA
NA
NA
0.635
0.286
0.663
NA
NA
0.326
0.259
0.289
0.313
0.249
0.366
0.447
0.663
0.25
0.325
0.663
0.386
0.339
0.394
0.36
0.383
0.44
0.913
0.349
NA
0.445
0.663
0.647
0.476
NA
0.212
0.331
0.357
0.831
0.254
0.347
0
0
0
0.999
0
0.663
0.663
0.663
0.332
0.319
0.179
0.366
0.222
0.449
0.539
0.293
0.942
0.579
0.284
0.272
0.402
0.927
0.254
0.133
NA
0.391
0.275
0.926
0.517
0.544
0.458
0.465
0
0.93
0.462
0.271
0.435
0.466
0.173
0.2
0.094
0
0.88
0.086
0.144
0.144
0.672
0.497
0.621
0.976
0.211
0.246
0.233
0.093
0.384
0.87
0.319
0.667
0.911
0.565
0.663
0.316
0.925
0.663
0.316
0.258
0.903
0.24
0.333
0.273
0.2
0.318
0.663
0.375
0.384
0.264
0.237
0.202
0.332
0.267
NA
NA
0.31
0.887
0.302
0.385
0.236
0.203
NA
0.663
0.268
0.254
0.249
0.164
0.962
0.663
0.663
0.663
0.663
0.663
0
0.663
0.663
0.663
0.612
0.442
0.325
0.452
0.309
0.329
0.911
0.348
0.535
0.433
0.207
0.25
0
0
0.999
0.194
0
0.331
0.177
0.663
0.194
0.886
0.204
0.23
0
0.308
0.297
0.831
0.194
0.663
0.912
0.375
1
0.487
0.702
0.427
NA
NA
0.998
0.328
0.303
0.376
0.909
0.293
0.31
0.031
0.259
0.228
0.273
0.362
0.245
0.252
0.44
0.393
0.425
0.305
0.376
0.936
0
0.381
0
0.237
0.249
0.663
0.39
0.663
0.388
0.18
0.225
0.358
0.335
0.415
0.264
0.534
0.224
0.378
0.663
0.428
0.644
0.474
0.951
0.212
0.335
0.402
0.663
0.531
0.858
0.544
0.445
0.395
NA
NA
0.196
0.062
0.396
0.249
0.959
0.663
0.369
0.213
0.283
0.663
0.951
0.337
0.663
0.663
NA
0.22
0.193
0.291
0.911
0.353
0.211
0.201
0.663
0.268
0
NA
0
0.474
0.928
0.374
0.318
0.249
0.427
0.212
0.302
0.883
0.334
0.663
0.336
0.663
0.226
0.663
0.663
0.46
0.623
0.262
0.318
0.417
0.378
0.297
0.426
0.923
0.663
0.377
0.143
NA
0
0
0
0.277
0.81
NA
0.676
0.256
0.647
0.555
0.692
0.219
0.396
0
0.506
0.215
0.475
0.955
0.555
0.305
NA
0.603
0.59
0.65
0.439
0.56
0.404
0.317
0.305
0.484
0.317
0.27
0.162
0.663
0.349
0.351
0.32
0.663
0.593
0.311
0.663
0.663
0.16
0.663
0.663
0.663
0.663
0.291
0.362
0.825
0.353
0.663
0.663
0.663
0.663
0.663
0.663
0.472
0.472
0.472
0.968
0.346
0.304
0.148
0.663
0.696
0.042
0.042
0.042
0.042
0.042
0
0.498
0.329
0.47
0.511
0
0.208
0.193
0.352
0.452
0.378
0.511
0.236
0.356
0.238
0.958
0.447
0.403
NA
0.199
0.296
NA
0.915
0.3
0.296
0.925
0.231
0.2
0.411
0.884
0.663
0.861
0.942
0.439
0.663
0.558
0.664
0.417
0.257
0.553
0.697
0.935
0.335
0.413
0.288
0.247
0.831
0.738
0.663
0.346
0.73
0.73
0.218
0.319
0.322
0.218
0.893
0.246
0.355
0.631
0.485
0.566
0.663
0.399
0.663
0.663
0.832
0.924
0.18
0.523
0.821
0.432
0.444
0.323
0.225
0.116
0.11
0.184
0.663
0.663
0.207
0
0.663
0.38
0.373
0.207
NA
0.076
0.233
0.83
0.315
0.213
0.267
0.083
0.095
0.063
0.328
0.011
0.098
0.061
0.066
0.052
0.307
0.037
0
0
0
0
0
0
0
0
0
0
0.267
NA
0.997
0.998
0.163
0.611
0.265
0
0.988
0.663
0.663
0.182
0.178
0.394
0.251
0.34
NA
0.523
NA
NA
NA
NA
NA
NA
NA
NA
0.663
0.663
0.516
0.207
0.901
0.293
0.29
0.663
0.211
0.251
NA
NA
NA
0.663
0.663
0.182
0.071
0.071
0.683
0.663
0
0
0
0
0.031
0.07
0.663
0.273
0.387
0.663
0.778
0.841
0.241
0.192
0.279
0.876
NA
0.315
NA
0.663
0.22
NA
0.331
0.264
0.218
0.184
0.335
0.499
0.887
NA
0.663
0.401
0.663
0.663
0.663
0.673
0.526
NA
0.887
0.673
0.887
0.971
NA
0.198
0.205
0.184
NA
0.047
0.978
0.663
NA
NA
0.166
0.224
0.172
0.138
0.182
0.439
0.246
NA
NA
0.351
0.93
0.177
NA
NA
NA
NA
NA
0.172
0.089
0.636
0.925
0.568
0.22
0.211
0.21
0.211
0.663
0.654
0.3
NA
0.471
0.189
0.233
0.212
NA
0.175
NA
NA
NA
NA
NA
NA
NA
0.298
0.255
0.703
NA
0.663
0.268
0.663
0.767
0.25
0.935
0.2
0.663
0.663
0.663
0.663
0.663
0.942
0.221
0.548
0.353
0.696
0.447
0.534
0.663
0.201
0.451
0.634
0.251
0.925
0.306
0.299
0.876
0.284
NA
0.988
0.939
0.907
NA
0.232
0.946
0.319
0.329
0.663
0.883
0.947
0.663
0.883
0.663
0.365
0.912
0.665
0.21
0.925
0.37
0.57
0.431
NA
0.464
0.663
0.575
0.787
0.954
0.251
0.456
0.886
NA
NA
0
0
0.541
0.663
0.289
0.275
0.882
0.238
0.663
0.83
0.83
0.663
0.663
0.663
0.663
0
0
0
0
0
0
0.663
0.887
0.663
0.663
0.293
0.825
0.86
0.86
0
0
0
0.992
0.304
0.927
0
0.973
0.181
0.054
0
0
0.376
0.215
0.436
0.255
0
0
0
0.957
NA
0.05
0
0.999
NA
0.045
NA
0.085
0.18
0.305
0.382
0.243
0.399
0.831
0
0.282
0.083
0.081
0.159
0.995
0.369
0.873
0.663
0.663
0.663
0.264
0.219
0.34
0.149
0
0
0.019
0.015
NA
0.663
0.307
0.337
0.342
0.275
0.317
NA
0.118
0.332
0.167
0.831
0.255
0.373
0.174
0.988
0.152
0.218
0.935
0.375
0.375
0.171
0.227
NA
NA
0.243
0.303
NA
0.262
0.592
0.663
NA
0.663
0.221
0.451
0.216
0.376
0.67
0.318
0.663
0.377
0.324
NA
0.356
0
0.951
NA
0.468
0.27
0.21
0.81
0
0.663
0.663
0.253
0.663
0.621
0.383
0.309
0.207
0.327
0.229
0.46
NA
NA
0.023
0.407
0.443
0.829
0.43
0.182
0.252
0
0.104
0.262
0.994
0.91
0.221
0.914
0.221
0.558
NA
0.935
0.649
0.982
0
0.663
0.663
0.663
0.663
0.334
0.822
0.366
0.223
0.301
0.23
NA
0.206
NA
0.179
0
0.393
0
0.97
0
0
0.97
NA
NA
NA
NA
NA
NA
NA
0.049
0.663
0.645
NA
NA
NA
0.071
0.829
0.244
0.608
0
1
NA
NA
NA
NA
0.749
0.009
0.162
0.447
0
0.263
0.554
0.425
0.253
0.237
0.301
0.663
0.376
0.274
0.261
0.217
0.315
0.326
0.193
0.258
0.2
0.532
0.25
0.663
NA
0.663
0.457
0.82
0.82
0.39
0.6
0.199
0.82
0.663
NA
0.663
0.6
0.199
0.663
0.82
0.82
0.423
NA
0.369
0.623
0.088
0.234
0.264
0.275
0.201
0.222
0.302
0.237
0.292
0.274
0.332
0.938
NA
0.168
0.885
0.663
0.331
NA
0.783
0.097
0.219
0.887
0.663
0.663
0.663
0
NA
0
0
0
0.663
NA
0.663
0.165
0.663
0.932
NA
NA
0.663
0.38
0.552
0.956
0
0.663
0.271
0.217
0.305
0.663
0
0.393
0.442
NA
0.507
NA
0.299
0.663
0.526
0.262
NA
0.217
0
0.217
NA
0.494
0.951
0.316
0.253
0.324
0.663
0.663
0
NA
NA
NA
0.217
0.387
0.663
0.456
0.663
0.237
0
0.413
0.956
0.363
0.266
0.38
0.828
0.663
0.663
0.828
0.663
0.376
0.831
0.274
0.268
0.413
0.311
NA
0.874
0.17
0.206
0.663
0.254
NA
0.663
0.328
0.192
0.663
0.663
NA
0.037
0.266
0.189
0.201
0.026
0.138
0.242
0.398
0.201
0.238
0.231
0.239
0.165
0.96
0
0.415
0.663
0.232
0.887
0.245
0
0.179
0.663
NA
NA
NA
NA
NA
NA
0.185
0.302
0.887
0
0
0.831
0.249
0.663
0.276
0.663
0.201
0.222
0.288
0.252
NA
NA
NA
NA
NA
NA
NA
NA
0.663
0.322
NA
0.365
0.113
0.346
0.283
0.442
0.402
0.225
NA
0.317
0.477
NA
0.417
0.663
0.663
NA
0.663
0.317
0.393
0.478
NA
0.368
0.136
0.239
NA
0.924
0.547
0.751
0.255
0
0.227
0.736
0
0.602
0.088
0.238
0.786
0.366
0.347
0.284
0.244
0.599
0.269
0.175
0.314
0.831
0.349
0.384
0.276
0.289
0.316
0.537
0.383
0.358
0.322
0.553
0.51
0.742
0.686
0.676
0.18
0.297
0.376
0.458
0.471
0.427
0.269
0.506
0.587
0.95
0.239
0.413
0.449
0.622
0.438
NA
0.19
0.257
0.663
0.658
NA
0.663
0.25
0.274
0.663
0.22
0.172
0.4
0.38
0.373
0.43
0.22
0.714
0.455
0.393
0.417
0.591
0.389
0.646
0.579
0.253
NA
NA
NA
0
0.663
0.33
0.831
0.244
0.337
0.831
0.363
NA
NA
0.212
0.866
NA
0.82
0.64
0.92
NA
NA
NA
NA
0.678
NA
NA
NA
NA
0.663
0.314
0.613
0.788
0.923
0.761
0.663
0.337
0.663
0.265
0.321
0.552
0.372
0.663
0.663
0.298
0.342
0.948
0.233
0.323
0.345
0.893
0.943
0.278
0.219
0.227
0.82
0.32
0.236
0.956
0.534
0.707
0.663
0.924
0.663
0.805
0.805
0.993
0.28
0.277
0.25
0.274
0.21
0.301
0.19
0.628
0.236
0.886
0.299
0.217
0.663
0.663
0.663
0.663
0.579
0.26
0.817
NA
0.483
0.199
0.294
0.663
0.663
0.279
0
0.089
0.878
0.246
0.201
0.268
NA
0.692
0.53
0.726
0.684
0.665
0.649
0.539
0.612
0.282
0.568
0.412
0.684
0.331
0.399
0.521
0.554
0.967
0.564
0.705
0.636
0.338
0.182
0.575
0.414
NA
0.291
0.403
0.442
0.235
0.353
0.331
0.442
0.331
0.44
0.989
0
0.987
0.154
0.397
0.599
0.26
0.353
0.883
0.663
0.698
0.563
0.586
0.279
0.709
0.609
0.678
0.709
0.797
0.745
0.189
0.534
0.87
0.87
0.987
0.87
0.987
0.987
0
NA
0.018
0.021
0.063
0.43
NA
0.577
0.334
0.256
0.651
0.187
0.385
0.053
0.576
0.593
0.166
0.663
0.663
0.433
0.292
0.226
0.373
0.465
0.197
0.197
0.663
0.28
0.505
0.663
0.253
0.285
0.351
0.373
0.663
0.162
0.299
0.181
0.174
0.361
0.222
0.44
0.373
0.32
0.423
0.196
0.541
0.46
0.327
0.472
0.446
0.663
0.347
0.34
0.426
0.448
0.417
0.437
0.686
NA
0.384
NA
0.21
0.663
0.443
0.196
0.971
0.273
0.334
0.22
0.367
0.242
0.343
0.327
0.396
0.221
0.456
0.312
0.279
0.442
0.274
0.469
0.178
0.196
NA
0.196
0.13
0.205
0.306
0.949
0.353
0.505
0.241
0.892
0.389
0.557
0.204
0.621
0.931
0.279
NA
0.022
0.56
0.418
0.877
0.08
0.51
0.877
0.263
0.318
NA
0.459
0.451
0.342
0.663
0.211
0.37
0.025
0.205
0.205
0.025
0.025
0.015
0.309
0.213
0.27
0.244
0.216
0.652
1
1
0
0
0
NA
0
0.663
0.663
0.155
0.17
0.324
0.209
0.241
0.195
0.176
0.168
0.706
0.604
0.705
0.775
0.195
0.255
0.278
0.369
0.95
0.663
0.663
0.322
0.256
0.663
0.663
0.663
0.663
0.663
0.663
0.663
0.663
0.133
0.663
0.663
0.663
0.663
0.663
0.663
0.663
0.663
0.663
0.663
0.663
0.663
0.243
0.197
0.399
0.133
0.079
0.663
0.255
0.663
0.907
0.229
0.219
0.305
0.518
0.907
0.946
NA
0.663
0.954
0.426
0.273
0.208
0.663
0.404
NA
0.164
0.936
0.278
0.923
0.669
0.502
0.936
0.34
0.481
0.251
0.332
0.663
0.663
0.329
0.915
0.497
0.669
0.754
0.765
0.379
NA
0.312
0.461
0.23
0.396
NA
0.323
0.711
0.998
0.83
1
0.147
NA
0.373
0.663
0.438
0.253
0.663
0.663
0.424
0.663
0.254
0.385
0.392
0.663
0.26
0.281
0.248
0.305
0.381
0.663
0.479
0.381
0.249
0.663
0.381
NA
0.381
0.417
0.381
0.284
0.336
0.311
0.47
0.663
0.663
0.554
0.421
0.663
0.352
0.663
0.284
0.238
0.352
0.458
0.357
0.275
0.267
0.896
0.972
0.972
0.378
0.282
0.372
0.663
0.961
0.132
0.416
0.416
0.663
0.304
0.663
0.663
0.663
0.663
0.663
0.663
0.36
0.392
0.199
0.299
0.44
0.474
0.346
0.539
0.38
0.504
0.373
0.663
0.415
0.959
0.338
0.663
0.391
0.663
0.497
0.513
0.483
0.436
0.377
0.653
0.538
0.585
0.404
0.95
0.415
0.374
0.438
0.663
0.656
0.355
0.362
0.431
0.228
0.525
0.625
0.941
0.506
0.378
0.354
0.447
0.273
0.221
0.651
0.518
0.398
0.469
0.406
0.911
0.381
0.393
0.694
0.663
0.666
0.663
0.645
0.696
0.296
NA
0.258
NA
0.999
0.188
0.471
0.653
0.663
0.444
0.663
0.358
0.438
0.562
0.36
0.794
0.682
0.642
0.309
0.363
0.537
0.919
0.52
0.358
0.718
0.756
0.183
0.886
0.663
0.663
0.663
NA
NA
0.316
0.403
0.509
0.663
0.711
0.959
0.751
0.292
0.304
0.729
0.938
0.71
0.859
0.683
0.518
0.935
0.969
0.575
NA
0.592
0.747
0.97
0
0.175
0.457
0.968
0.677
0.498
0.663
0.663
0.139
0.663
0.551
0.367
0.197
0.501
0.287
0.514
0.381
0.489
0.496
0.572
0.663
0.934
0.333
0.977
0.398
0.354
0.319
NA
0.294
0.253
0.127
0.663
0.663
0.663
0.663
0.663
0.127
0.265
0.441
0.309
0.817
0.663
0.331
0.647
0.483
0.449
0.233
0.697
0.574
0.831
0.278
0.36
0.987
0.397
0.315
0.373
0.38
0.176
0.467
0.896
0.305
0.627
0.135
0.658
0.929
0.146
0.505
0.511
0.465
0.381
0.372
0.965
0.663
0.663
0.172
0.663
0.148
0.663
0.148
0.663
0.413
0.213
0.45
0.525
0.887
0
0.977
0.663
0.663
0.663
NA
0
0
0
0.291
0.663
0.923
0.538
0
0.464
0.997
0.388
0.183
0.214
0.457
0.279
0.886
0.378
0.148
0.447
0.071
0.226
0.233
0.526
0.614
0.255
0.952
0.395
0.226
0.26
0.34
0.223
0.28
0.248
0.223
0.364
0.663
0.387
0.485
0.676
0.606
0.959
0.54
0.538
0.411
0.709
0.468
0.606
0.172
0.266
0.342
0.563
0
0.318
0.695
0.273
0.177
0.355
0.514
0.281
0.471
0.5
0.504
0.225
0.213
0.238
0.379
0.966
0.316
0.176
0.663
0.663
0.546
0.347
0.323
0.215
0.188
0.516
0.82
0.957
0.46
0.415
0.371
0.3
0.463
0.505
0.512
0.845
0.663
0.118
0.663
0.279
0.24
0.215
0.296
0.261
0.255
0.219
0.269
0.315
0.831
0.399
0.331
0.301
0.426
0.624
0.663
0.339
0.071
0.029
0.375
0.245
0.537
0.551
0.401
0.47
0.194
0.183
0.229
0.467
0
0.457
0.435
0.663
0.663
0.063
0.992
0
0.279
0.525
0.31
0.302
0.462
0.566
0.193
0.459
0.353
0.592
0.306
0.393
0.237
0.306
0.433
0.545
0.571
0.216
0.419
0.37
0.449
0.518
0.703
0.663
0.933
0.519
0.378
0.227
0.315
0.303
0.428
0.194
0.23
0.438
0.168
0.505
0
0
0
NA
0
0.255
0.255
0
0
0.998
0
0.488
0
0.249
0.29
0.194
0.521
0.304
0.044
0.078
0.194
0.663
0.663
0.663
0.663
0
0.663
0.663
0.663
0.663
0.255
0.663
NA
0.663
NA
0.31
0.663
NA
NA
NA
NA
NA
NA
NA
NA
NA
NA
NA
NA
NA
NA
NA
NA
NA
NA
NA
NA
NA
NA
NA
NA
NA
NA
0.663
0.663
0.663
0.115
0.114
0.468
0.086
0.612
0.506
0.564
0.352
0.4
0.91
0.234
0.196
0.268
0.261
0.23
0.222
0.172
0.223
0.18
0.381
0.37
NA
0.231
0.261
0.829
0.296
0.198
0.296
0.977
0.769
0.474
0.885
0.663
0.34
0.948
0.663
0.613
0.663
0.663
NA
0.348
0.336
0.596
0.954
0.513
NA
NA
NA
0.231
0.82
0.281
0.703
0.992
0.663
0.306
0.545
0.246
0.516
0.174
0.388
0.439
0.264
0.619
0.179
0.35
0.163
0.645
0.54
0.308
0.406
0.174
0.323
0.594
0.685
0.476
0.374
0.391
0.224
0.283
0.322
0.451
0.174
0.663
0.301
0.411
0.496
0.301
0.174
0.353
0.663
0.175
0.65
0.303
0.176
0.333
0.174
0.596
0.39
0.531
0.392
0.977
0.663
0.399
0.169
0.292
0.663
0.663
0.663
0.349
0.158
0.301
0.308
0.227
0.287
0.663
0.254
0.486
0.388
0.229
0.34
0.386
0.275
0.283
NA
NA
NA
0.831
0.663
0.143
0.295
0.277
0.098
0.067
0.122
0.139
0.821
0.996
0.244
NA
NA
NA
0.663
0.663
0.663
0.663
0.028
0.037
NA
NA
0.373
0.392
0.663
0
0.66
0.647
0.344
NA
0.531
0.352
0.174
0.663
0.393
0.663
0.384
0.212
0.383
0.663
0.239
0.663
0.219
0.046
0.3
0.19
0.526
0.593
0.663
NA
0.904
0.663
0.438
0.958
0.73
NA
0.326
0.209
0.225
0.663
0.497
0.449
0.177
0.564
0.413
0.334
NA
0.294
0.62
0.663
NA
0.261
0.663
0.645
NA
0.228
0.532
0.17
0.521
0.904
0.566
0.922
0.686
NA
0.356
0.462
NA
0.758
0.663
0.681
0.886
NA
0.283
NA
0.576
0.663
0.309
0.474
0.35
0.663
0.321
0.424
0.259
0.281
0.319
NA
0.486
0.218
0.295
0.468
0.292
0.968
0.663
0.585
NA
0.499
0.592
0.274
NA
NA
NA
NA
NA
0.645
0.532
0.283
0.468
0
0.663
0.594
0.663
0.663
0.436
0.289
0.601
0.421
0.191
0.663
0.441
0.275
0.663
0.663
0.663
0.113
0.43
0.663
0.576
0.222
0.618
0.799
0.366
0.165
0.255
0.06
0.645
0
0.175
0.393
0.288
0.262
0.799
0.876
0.24
0.489
0.791
0.72
0.341
0.915
0.188
0.887
0.193
0.813
0.585
0.255
0.269
0.517
NA
0.344
0.287
0.234
0.62
0.332
0
0.265
0.329
0.237
0.413
0.33
0.512
0.415
0.414
0.663
0.231
0.451
NA
NA
NA
0.405
0.279
0.294
0.375
0.433
0.42
0.256
0.366
0.282
0.244
0.238
0.188
0.2
0.221
0.83
0.187
0.663
0.211
0.32
NA
NA
0.127
0.274
0.227
0.197
0.358
0.217
0.264
0.248
0.31
0.831
NA
0.873
0
0.663
0.313
0.334
0.402
0.374
0.284
0.489
0.669
0.695
0.282
0.695
0.282
0.778
0.252
0.49
0.191
0.82
0.297
0.663
NA
0.663
0.34
0.663
0.663
0
0
1
NA
0
0.663
0.663
0.513
0.666
0.927
0.408
NA
NA
NA
NA
0.663
0.929
0.369
0.676
0.223
0.295
1
NA
NA
NA
0.663
0.411
0.401
0.666
0.663
0.043
0.663
0.663
0.663
0.663
0.663
0.265
0.663
NA
0.663
0.663
0.663
0.395
0.663
NA
NA
0.287
0.819
0.376
NA
0.663
0.885
0.554
NA
NA
NA
0.391
NA
0.768
0.796
0.996
0.524
0.39
NA
NA
0.452
0.36
0.264
0.663
0.327
0.497
0.43
0.455
0.432
0.301
0.323
0.5
NA
0.37
0.663
0.342
0.331
0.276
0.259
0.264
0.264
0.457
0.355
0.316
0.449
0.243
0.317
0.441
0.932
NA
0.5
0.387
0.512
0.663
0.663
0.663
0.494
0.663
0.776
0.663
0.379
NA
0.498
0.169
0.769
0.885
NA
0.663
NA
NA
NA
NA
NA
NA
NA
NA
NA
NA
NA
NA
NA
NA
NA
NA
NA
NA
NA
NA
NA
NA
NA
NA
NA
NA
NA
0.663
0.663
0.38
0.315
0.663
0.663
NA
0.125
0.028
0
0.279
0.175
0
NA
0.831
0.392
0.296
0.369
0.929
0.532
0.663
0.322
0.347
0.663
0.253
0.252
0.831
0.297
0.254
0.372
0.249
0.829
0.242
0.222
0.663
0.371
0.952
NA
NA
NA
NA
NA
NA
NA
NA
0.247
0.185
0.831
0
0.336
0.286
0.212
0.25
0.405
NA
NA
NA
NA
NA
0
0
NA
NA
NA
0.631
0.191
0.036
0.663
0.459
0.962
0.468
NA
0.456
0.474
0.501
0.344
0.371
0.304
0.1
0
0.938
0.663
0.105
0.297
0.235
0.299
0.535
0.333
0.534
0.576
0.829
0.342
0.576
0.692
0.327
0.119
0.512
0.167
0.206
0.172
0.136
NA
NA
NA
NA
NA
NA
NA
NA
NA
NA
0.626
0.563
0.964
0
0.28
0.331
0.206
0.599
0.304
0.433
0.237
0.605
0.497
0.372
0.164
0.276
0.932
0.265
0.217
0.122
0.277
0.181
0
0.281
0.171
0.23
0.207
0.157
0.192
0.125
0.173
0.153
0.874
0.756
0.488
0.303
0.185
0.426
0.234
0.83
0.293
0.197
0.37
0.32
0.348
0.32
0.357
0.662
0.634
0.465
0.929
0.353
0.242
0.387
0.663
0.275
0.426
0.245
0.315
0.451
0.324
0.409
0.663
0.384
0.375
0.315
0.498
0.335
0.315
NA
0.609
0.321
0.292
0.363
0.275
0.578
0.315
0.492
NA
0.323
0.275
0.376
0.315
0.605
0.483
0.275
0.492
NA
0.521
0.315
0.919
0.663
0.297
0.562
0.456
0.663
0.338
0.14
0.299
0.271
0.663
0.315
0.27
0.321
0.463
0.269
0.917
0.413
0.217
0.638
0.794
0.242
0.794
0.308
0.663
0.311
0.203
0.663
0
0.97
0.718
0.97
0.522
0.663
NA
0.663
0.531
0.663
0.663
0.942
0.261
0.663
0.279
0.21
NA
0.152
0.206
NA
NA
0.173
0.331
0.97
0.663
NA
NA
0.357
0.663
0.104
0.241
0.495
0.27
0.224
0.628
0.498
0.418
0
0.401
0
0.125
0.398
0.365
0.531
0.611
0.927
0.663
0.28
0.48
0.224
0.462
0.392
0.202
0.347
0.184
0.87
NA
NA
NA
NA
0.663
0.663
0.663
0.663
0.663
0.839
0.34
0.982
0.36
0.084
0.062
0.157
0.078
0.105
0.663
0.663
NA
NA
NA
NA
0.55
0.203
0.184
0.044
0.227
0.191
NA
0.385
0.071
0
0.666
0
0.663
0.663
0
0.265
0
0.183
0.787
0.318
0.181
0.138
0.663
0.663
0.374
0.368
0.211
0.368
NA
0.414
0.371
0.954
0.467
0.474
0.093
0.642
0.17
NA
0.498
0.251
0.663
0.349
0.663
0.413
0.392
0.419
0.395
0.384
0.444
0.444
0.948
0.663
0.374
0.213
0.376
NA
NA
NA
0.987
0.663
0.663
0.663
0.352
0.027
1
0.288
0.909
0.663
0.663
NA
NA
0.236
0.987
0.334
0.182
0.322
0.228
0.25
0.548
0.454
0.663
0.036
0.036
NA
NA
0.977
0.663
0.663
0.663
0.663
0.289
0.279
0.663
0.128
0.663
0.916
0.03
0.422
0.919
0.749
NA
NA
0.663
NA
0.376
0.663
0.663
0.663
0.663
1
0.229
0.535
0.349
0.82
0.239
NA
NA
0.185
0.253
0.282
0.332
0.279
0.245
0.663
0
0
NA
0.663
NA
0.663
NA
0.663
0.221
0.663
NA
NA
0
0.256
0
0.219
0.165
0.192
0.639
0.874
0.278
NA
0.197
0.663
0.246
NA
0.663
0.663
0.663
NA
0.663
0.663
0.663
NA
NA
NA
0.305
0.663
0.444
0.663
0.663
0.271
0.663
0.663
0.663
0.663
0.663
0.279
0.228
0.225
0.663
0.663
0.089
0.169
0.158
0.663
0
0
0.817
0.509
0.317
0.163
0.118
0.035
0.663
0.663
0.663
0.663
0.192
0.663
0.663
0.108
0.272
0.284
0.2
0.346
0.305
NA
0.663
0.663
0.201
0.296
0.314
NA
NA
0
0.999
0
0.265
0.265
NA
NA
0.978
0.463
0.347
0.525
0.663
0.272
NA
0.279
0.663
0.208
0.558
0.231
0.316
0
NA
0.322
0.368
0.663
0.369
0.374
0.336
0.522
NA
0.413
0.28
0.968
0.663
0.089
0.959
0
0
NA
NA
NA
NA
NA
0.027
0.663
0.663
0.136
0.108
0.999
0.12
0.302
0.308
0.694
0.356
0.398
0.458
0.211
0.663
0.204
0.187
NA
0.201
0.207
0.278
0.934
0.378
0.48
0.298
0.277
0.277
NA
0.825
0.06
0.231
0.095
0.254
NA
0.32
0.222
0
0.281
0.233
0.415
0.358
0.088
0.266
0
0.912
0.382
0.663
0.663
0.663
0.679
0.32
0.663
0.379
0.439
0.281
0.663
0.663
0.663
0.88
0.663
0
0.325
0.338
0.278
0.331
0.554
0.532
0.249
0.183
0.328
0.19
0.211
0.29
0.327
0.214
0.211
0.388
0.426
0.341
0.31
0.379
0.324
NA
0.38
0.961
0.206
0.112
NA
0.085
0.972
0.972
0.149
0.663
0.299
0.312
0.24
0.238
0.325
0.226
0.736
0.297
0.432
0.424
0.243
0.503
0.377
0.518
0.279
0.265
0.663
0.349
0.164
NA
0.342
0.626
0.663
0.586
0.676
0.041
0.393
0.244
0.31
0.83
0.534
0.663
0.663
0.325
0.177
0.201
0.165
NA
NA
NA
NA
NA
NA
0.663
0.279
0.241
0.222
0.213
0.45
0.549
0.376
0.492
0.312
0.457
0.508
0.557
0.23
0.314
NA
0.963
0.228
0.228
0.93
0.184
0.663
0.387
0.663
0.182
0.146
0.439
0.333
0.231
0.318
0.265
0.104
0.366
0.352
0.224
0.663
0.347
0
0.292
NA
0.212
NA
0
0.663
0.034
0.663
0.129
0.381
NA
NA
NA
NA
0.281
0.227
0.281
0.227
0.129
0.258
0.663
0
NA
0.663
NA
NA
0.341
0.357
0.221
0.22
0.243
NA
NA
NA
NA
NA
NA
NA
NA
NA
0.548
NA
NA
0.404
NA
NA
NA
NA
NA
NA
NA
NA
NA
NA
NA
NA
NA
NA
NA
NA
NA
NA
NA
NA
NA
NA
NA
NA
NA
NA
NA
NA
NA
NA
NA
NA
NA
NA
0.332
NA
NA
0
NA
0.026
0.385
0
NA
NA
NA
0.293
0.265
0.155
0.231
NA
NA
NA
NA
NA
NA
NA
NA
0.247
0.663
NA
0.183
0.663
NA
NA
NA
NA
NA
NA
NA
NA
NA
NA
NA
0.663
NA
NA
NA
NA
NA
NA
NA
NA
NA
NA
NA
NA
NA
NA
NA
NA
NA
NA
NA
NA
NA
NA
NA
NA
NA
NA
NA
NA
NA
NA
NA
NA
NA
NA
NA
NA
NA
NA
NA
NA
NA
NA
0.663
NA
NA
NA
NA
NA
NA
NA
0.663
NA
0.219
NA
NA
NA
NA
NA
NA
NA
NA
NA
NA
NA
NA
NA
NA
NA
NA
NA
NA
0.2
NA
0.023
0.072
NA
NA
NA
NA
NA
NA
NA
NA
NA
NA
NA
NA
NA
NA
NA
NA
0
0.071
NA
NA
NA
0.663
0.241
NA
NA
NA
NA
0.143
0.149
0.339
0.375
0.663
0.026
0.027
NA
0.065
NA
NA
NA
0.663
0.314
NA
0.348
NA
0.663
0.198
0.663
NA
NA
NA
NA
NA
0.385
NA
NA
NA
NA
0.279
0.24
NA
NA
NA
NA
NA
NA
NA
NA
NA
0.444
0.663
NA
NA
NA
NA
NA
NA
NA
NA
NA
NA
NA
NA
NA
NA
0.693
0
NA
0.255
0.214
NA
0.2
NA
NA
0.071
0.071
NA
0.976
NA
NA
NA
NA
0
NA
NA
NA
NA
NA
NA
NA
NA
NA
NA
NA
NA
NA
NA
NA
NA
NA
NA
NA
NA
NA
NA
NA
NA
NA
NA
NA
NA
NA
NA
NA
NA
NA
NA
NA
NA
0.223
NA
NA
0.012
NA
0
NA
0
0
NA
NA
NA
NA
NA
NA
NA
NA
NA
0.318
NA
NA
0.112
0.197
NA
NA
0.252
NA
NA
NA
NA
NA
NA
NA
NA
NA
0.044
0.33
NA
NA
0.18
0.34
NA
0.663
0.663
0.663
0.663
0.235
NA
0
0.663
NA
NA
NA
NA
0.045
NA
NA
NA
NA
NA
NA
NA
NA
NA
0.221
0.373
0.298
0.197
0.353
0.25
0.236
NA
NA
NA
0.071
NA
0.071
0.071
NA
0.663
NA
0.527
0
NA
NA
0.663
0.663
0
NA
NA
NA
NA
NA
NA
0.663
0.036
0.233
0.297
0.663
NA
NA
0.206
0.263
0
0.663
0.042
0.342
0.261
NA
0.242
0.352
NA
NA
NA
NA
0.265
NA
0.343
NA
NA
0.365
NA
NA
NA
NA
NA
NA
NA
NA
NA
NA
NA
0.018
NA
NA
NA
NA
NA
NA
NA
NA
NA
0.131
0.295
NA
0
NA
NA
NA
NA
0.663
0.168
NA
NA
NA
NA
NA
NA
NA
NA
NA
NA
NA
NA
0.663
0.295
NA
0
NA
NA
NA
NA
NA
NA
NA
NA
NA
NA
0.265
NA
0.231
NA
NA
NA
NA
0.174
NA
NA
0
NA
NA
NA
0.284
0
NA
0.222
NA
NA
NA
0.651
NA
0.262
NA
NA
NA
NA
NA
0
NA
NA
0.019
0.663
0.291
NA
NA
0.312
0.26
NA
NA
NA
0.273
0
NA
NA
NA
0.267
NA
0.242
NA
NA
NA
0.218
0.138
NA
0.13
NA
0.112
0.296
NA
NA
NA
NA
NA
0.663
0.663
0.663
0.071
NA
0.663
NA
0.295
0.223
NA
NA
0.197
0.663
NA
NA
0.222
NA
NA
NA
0.663
0.241
NA
NA
0
NA
NA
NA
0.474
NA
NA
0.225
NA
0.255
0.174
NA
NA
NA
NA
NA
NA
NA
NA
0.033
0.027
NA
NA
0.663
NA
0.279
0.279
0.388
NA
NA
0.285
NA
0.265
NA
0.26
NA
0
NA
NA
0.331
0.276
NA
NA
NA
NA
NA
0.663
NA
0.171
NA
0.394
NA
NA
NA
NA
NA
NA
0
NA
NA
NA
0.284
0.253
NA
NA
NA
NA
NA
0.19
0.274
0
NA
NA
NA
NA
NA
0.246
0.336
0.226
0.274
NA
NA
NA
NA
NA
NA
NA
0.182
NA
0.167
NA
NA
NA
0.282
NA
0.409
NA
NA
0.372
NA
0.203
0.178
0.663
NA
0.663
NA
0.265
NA
0.238
NA
NA
0.327
NA
0.264
0.663
0.663
NA
0.272
0.302
0.089
NA
NA
NA
NA
NA
NA
NA
NA
0.355
NA
0.247
0.247
0.138
0.524
NA
0.223
NA
NA
NA
0.066
0
0
0.15
0
NA
NA
NA
NA
NA
NA
NA
NA
NA
0.391
NA
0.186
0.15
0.255
0.043
0
0.324
0.292
0.663
NA
NA
NA
NA
NA
NA
NA
NA
NA
NA
NA
NA
0.264
NA
NA
NA
NA
NA
NA
0
0
NA
NA
NA
0.183
NA
NA
0.663
0.663
0.663
NA
NA
NA
0
0
0
NA
NA
NA
NA
0.663
NA
NA
NA
NA
NA
NA
NA
NA
0.663
0.663
NA
NA
NA
NA
NA
0.663
NA
NA
NA
NA
NA
NA
NA
NA
NA
0
NA
NA
NA
0.148
NA
NA
NA
NA
NA
NA
0.34
NA
NA
NA
NA
NA
NA
NA
0.663
0.34
0.244
0.263
0.145
NA
NA
NA
NA
NA
NA
NA
NA
NA
NA
NA
0.129
NA
NA
NA
0.663
NA
0.142
0.606
NA
NA
NA
NA
NA
NA
NA
NA
NA
NA
NA
0.071
NA
NA
NA
NA
0.315
NA
NA
NA
NA
NA
0
NA
NA
NA
NA
NA
NA
NA
NA
NA
NA
NA
NA
NA
NA
0
0
NA
NA
NA
NA
NA
NA
NA
0.663
NA
NA
NA
NA
NA
0.042
0.177
NA
NA
NA
NA
NA
NA
NA
NA
NA
NA
NA
NA
NA
NA
NA
NA
NA
0.663
NA
NA
0
0.153
0.156
0.663
0.178
NA
0.663
0.663
0.432
0.663
NA
NA
0.26
NA
0.305
NA
0.244
0.401
NA
NA
NA
NA
NA
0.03
0.03
NA
NA
NA
NA
NA
NA
NA
NA
NA
NA
0.663
0.663
NA
0.487
0.189
NA
0
NA
NA
NA
NA
NA
NA
NA
0.242
0.319
NA
0
NA
0.663
NA
0.663
NA
NA
NA
0.271
NA
0.289
0.125
NA
NA
NA
NA
NA
NA
NA
NA
0.216
0
NA
0
0.263
0.387
NA
NA
NA
NA
NA
NA
NA
NA
NA
NA
NA
0.32
NA
NA
NA
0.274
NA
NA
NA
NA
NA
NA
NA
NA
NA
NA
0
NA
NA
NA
NA
NA
NA
0.214
NA
NA
NA
0.115
0.144
NA
NA
NA
NA
NA
NA
NA
NA
NA
NA
NA
NA
NA
NA
NA
NA
NA
NA
NA
0.303
NA
NA
NA
0
0.274
0.353
0.045
NA
0.149
NA
NA
NA
0.333
NA
NA
NA
NA
0.37
NA
NA
NA
0.269
NA
NA
NA
NA
0.663
NA
NA
NA
NA
NA
0.25
NA
NA
NA
0.663
NA
NA
NA
0.191
NA
NA
NA
NA
NA
NA
NA
NA
0.724
NA
NA
NA
NA
NA
0
0.289
0.25
NA
NA
NA
NA
NA
NA
0.292
0.331
NA
NA
NA
NA
NA
0.012
NA
NA
NA
NA
NA
NA
NA
NA
0.029
NA
NA
NA
NA
NA
NA
NA
NA
NA
0.229
NA
NA
NA
NA
0.272
NA
NA
NA
NA
NA
NA
NA
0
NA
NA
NA
0.024
0.546
NA
NA
NA
NA
NA
NA
NA
NA
NA
NA
NA
NA
NA
0.268
0.12
NA
NA
NA
NA
NA
NA
0
0.236
NA
NA
NA
NA
NA
NA
NA
NA
NA
NA
NA
NA
NA
NA
NA
NA
NA
NA
0.042
NA
NA
NA
0.465
NA
0.663
NA
0.248
NA
NA
NA
NA
NA
NA
NA
NA
NA
NA
0
NA
0
0
NA
NA
NA
0.663
NA
0.663
0.08
0.663
0.663
NA
NA
NA
NA
NA
NA
NA
NA
NA
NA
NA
NA
NA
0
NA
0.049
NA
NA
NA
0.081
NA
0.349
NA
NA
NA
NA
NA
NA
NA
NA
0.663
0.663
NA
0.251
NA
NA
NA
0.311
0
NA
NA
NA
NA
NA
NA
NA
NA
NA
0.01
NA
NA
NA
NA
NA
NA
NA
NA
NA
0.255
NA
NA
NA
0.283
NA
NA
NA
NA
NA
NA
NA
NA
0.03
0.987
0.44
0.553
0.266
NA
NA
NA
0
NA
NA
NA
NA
NA
NA
NA
NA
NA
0
0
0
NA
NA
NA
NA
NA
NA
NA
0.442
NA
0.309
NA
NA
NA
NA
NA
0.663
0.646
NA
NA
NA
NA
0.134
0
NA
0.656
NA
NA
NA
NA
NA
NA
0.663
NA
NA
NA
NA
0.038
NA
NA
NA
NA
NA
0
0
NA
NA
NA
0.663
0.293
0.283
NA
NA
NA
0.33
0.663
0.337
NA
0.165
NA
NA
NA
NA
NA
NA
0.681
0.211
NA
0
NA
NA
NA
0.12
0.055
NA
0
0
0
NA
NA
NA
0.663
NA
NA
NA
NA
NA
NA
NA
NA
NA
NA
0.663
NA
NA
NA
NA
NA
NA
NA
NA
NA
NA
NA
NA
NA
0.301
NA
NA
NA
NA
NA
NA
NA
0.34
NA
NA
NA
NA
0.135
0.107
0.117
0.07
NA
NA
0.247
0.28
0.261
NA
NA
0.215
NA
0
NA
0
NA
NA
NA
NA
NA
NA
NA
NA
0.663
0.663
NA
0
NA
NA
NA
0
NA
NA
NA
NA
NA
NA
NA
NA
NA
NA
0.153
0.195
NA
0.349
NA
NA
NA
NA
NA
NA
NA
NA
NA
NA
NA
NA
NA
NA
NA
0
NA
NA
0.236
0.365
0.04
NA
NA
NA
NA
NA
NA
NA
NA
NA
0
NA
NA
NA
NA
NA
NA
NA
NA
NA
NA
0.039
NA
NA
NA
NA
NA
NA
NA
NA
NA
NA
NA
NA
NA
0.166
NA
NA
NA
NA
NA
NA
NA
NA
NA
0
0.265
NA
NA
0.321
NA
NA
NA
NA
NA
NA
NA
0.274
0.663
NA
NA
NA
NA
NA
0.663
0.255
NA
0.197
NA
NA
NA
NA
NA
NA
NA
0.663
0.259
0.284
NA
NA
0.663
0.663
NA
0.266
NA
0.039
0.023
NA
NA
NA
NA
NA
NA
0.284
NA
0
0.414
NA
0.402
NA
NA
NA
NA
NA
NA
0.663
0.663
0.364
0.282
NA
NA
NA
0.053
NA
NA
NA
NA
0.663
0.663
0
NA
0.108
NA
NA
NA
0
0.663
NA
NA
NA
0.207
NA
NA
NA
0.181
0.331
NA
NA
NA
NA
NA
0.072
0.018
NA
NA
NA
0.106
0.071
NA
0.663
0.161
0.281
0.154
0.663
NA
0.538
0.29
NA
NA
NA
0.258
0.526
0.254
NA
NA
NA
NA
0.384
0.305
NA
NA
NA
NA
NA
0.224
NA
NA
NA
0.273
0.299
0.425
0.663
NA
NA
NA
0
NA
NA
0.634
NA
0
0.314
NA
NA
NA
0.663
NA
0.331
NA
NA
NA
0
NA
NA
NA
0.663
NA
NA
NA
NA
NA
NA
NA
NA
NA
NA
NA
0.569
NA
NA
0.474
0.295
NA
NA
NA
0.663
NA
NA
0.2
0.663
NA
NA
NA
0.171
NA
NA
NA
NA
NA
NA
0.331
NA
0.192
NA
NA
NA
0.252
NA
NA
NA
0.163
NA
NA
NA
NA
NA
NA
NA
NA
0.663
0.08
NA
NA
NA
NA
0.36
NA
NA
NA
NA
NA
NA
NA
NA
NA
NA
0.663
NA
NA
NA
NA
NA
NA
NA
NA
NA
NA
NA
NA
NA
NA
NA
NA
NA
0.226
0.11
NA
NA
NA
NA
NA
NA
NA
NA
NA
NA
NA
NA
NA
NA
NA
NA
0.016
NA
0.574
0.158
NA
NA
NA
0.537
NA
NA
NA
NA
0.096
NA
NA
NA
NA
NA
NA
NA
NA
0.048
0
NA
NA
NA
0.022
0.029
NA
NA
NA
0.089
NA
NA
NA
NA
NA
0.024
NA
0.048
NA
NA
NA
NA
NA
NA
NA
NA
NA
NA
NA
NA
NA
NA
NA
NA
NA
NA
NA
0.663
0.021
0.186
NA
0
NA
NA
NA
NA
NA
NA
NA
NA
NA
NA
0.257
0.333
0.309
0.297
NA
NA
NA
NA
NA
NA
NA
NA
NA
NA
NA
NA
NA
0
NA
NA
NA
0.663
NA
NA
NA
NA
NA
NA
NA
0.663
NA
NA
0.149
0.965
0.275
NA
NA
NA
0.221
0.262
0.609
NA
0.167
0.109
0.332
NA
NA
NA
NA
NA
NA
NA
NA
NA
NA
NA
NA
NA
NA
NA
0.27
0.283
0.663
NA
0.663
NA
NA
NA
NA
NA
NA
NA
NA
NA
NA
NA
NA
NA
NA
NA
NA
NA
NA
NA
NA
0.088
NA
NA
NA
0.34
NA
0
NA
NA
0.19
NA
NA
0.209
NA
NA
0.326
0.663
NA
0.663
0.663
NA
0.034
NA
NA
NA
NA
NA
0.181
NA
NA
NA
NA
NA
NA
NA
NA
NA
NA
NA
NA
NA
NA
NA
NA
0.663
0
0
0.663
0.276
NA
NA
NA
NA
0.313
0.319
0.168
0.196
NA
0.152
NA
NA
0.663
NA
NA
NA
NA
NA
NA
NA
NA
NA
NA
0.224
NA
0.196
0.101
NA
NA
NA
NA
NA
0.057
0.08
0.05
NA
0
0.215
NA
NA
NA
NA
0.663
NA
NA
NA
NA
NA
0.167
NA
NA
NA
0
0
NA
NA
0.148
0.386
NA
0.331
0.222
NA
0.241
0.277
0.977
NA
0.44
0.663
0.663
NA
NA
0.124
0.326
0.296
0.436
NA
0.293
0.185
0.468
0.663
0.221
0.311
NA
NA
NA
0.654
0.071
0.294
NA
0.18
NA
NA
NA
NA
NA
0.371
0.663
NA
NA
0.211
NA
0.193
0.274
NA
0.017
NA
NA
NA
NA
NA
0.479
NA
NA
NA
NA
0.663
0
0
NA
NA
NA
NA
NA
NA
NA
0.046
NA
0.369
NA
NA
NA
NA
NA
0.663
NA
0.185
0.663
NA
0
NA
NA
0.274
0.301
NA
NA
0.574
0.329
NA
0
NA
NA
NA
0.111
NA
NA
0.19
NA
0.887
NA
0.248
NA
NA
NA
0.315
NA
0
NA
NA
0.039
NA
NA
0.123
NA
NA
0.225
0
0.242
0.149
NA
0.433
NA
NA
NA
0.367
0.663
NA
NA
NA
NA
NA
0.663
NA
NA
NA
NA
NA
NA
NA
0
NA
NA
NA
NA
NA
NA
0.08
NA
NA
NA
NA
NA
NA
NA
NA
NA
NA
0.663
0.663
0.663
NA
NA
NA
NA
NA
NA
NA
NA
NA
NA
NA
0.172
0.663
0.663
0.244
NA
0.218
0
NA
0.34
0
0.083
NA
NA
0
NA
NA
NA
0.227
NA
NA
0.045
0.445
NA
NA
NA
NA
NA
NA
NA
NA
NA
NA
0
NA
0.265
0.224
NA
NA
0.221
0
NA
NA
NA
0.214
NA
NA
0.289
NA
NA
NA
NA
NA
NA
0.233
0.325
0.479
NA
NA
NA
NA
0.663
0.349
NA
NA
NA
0
0
NA
0
NA
NA
0.257
NA
NA
NA
0.322
NA
0.191
0.327
0.265
NA
NA
0.266
0
0.262
0.313
0.173
0.145
NA
NA
NA
0.663
NA
0.048
NA
NA
NA
NA
0.112
NA
NA
NA
NA
NA
NA
0.373
NA
0
NA
NA
NA
NA
0.218
NA
NA
NA
0.226
NA
0.246
0.186
0.33
NA
NA
NA
NA
NA
0
0.313
0.071
NA
NA
0.663
NA
NA
NA
NA
NA
NA
NA
NA
0
NA
NA
0.228
NA
0.663
NA
NA
0.663
0.663
0
NA
NA
0.663
NA
0.14
NA
NA
NA
NA
0.663
NA
0
0.663
NA
NA
NA
0.384
0.303
NA
NA
NA
NA
NA
NA
0.211
NA
NA
NA
NA
NA
NA
NA
NA
0.244
NA
NA
NA
NA
NA
0.663
NA
NA
NA
NA
0.176
NA
NA
NA
NA
NA
0.663
0.663
0.663
NA
NA
NA
NA
0
NA
NA
NA
0.263
0.25
0.289
NA
0.308
NA
0.063
0.132
0.663
0.663
NA
NA
NA
0
NA
NA
NA
NA
NA
NA
NA
0.02
0.176
0.543
NA
0.071
NA
0.663
NA
0.233
NA
0.663
NA
0.663
0
0.106
NA
NA
0.411
0.207
NA
0.221
NA
NA
NA
NA
NA
0.102
NA
0
0.663
NA
0.052
NA
0.058
0
0
NA
NA
0.663
0.247
0
NA
NA
0.404
NA
0
NA
NA
0.663
NA
NA
NA
NA
NA
NA
NA
NA
NA
0.663
NA
0.191
0.126
NA
0
NA
NA
0.26
0.302
0
NA
NA
0.321
0.663
NA
NA
NA
NA
0.028
NA
NA
NA
NA
NA
NA
NA
NA
NA
0.663
NA
0
0
0
0
NA
NA
NA
0.663
NA
NA
NA
NA
NA
NA
0.564
NA
0.121
NA
NA
NA
NA
NA
0.663
NA
0.554
0.227
0.663
NA
0.6
NA
NA
0.663
NA
NA
NA
NA
NA
0.274
0.663
0.154
NA
0
NA
0.032
NA
NA
0.221
0
NA
NA
NA
0.39
0.663
0.339
0
NA
0.663
0.663
0.663
0
NA
0
0
NA
NA
0.082
NA
NA
NA
NA
NA
NA
NA
0.198
0
NA
NA
NA
0.663
NA
0
NA
NA
0.168
NA
0.207
NA
NA
NA
NA
NA
0.137
0.621
NA
NA
NA
NA
NA
NA
NA
NA
0.038
0.216
NA
0.108
0.089
NA
NA
0
NA
0.368
0.373
NA
NA
0.663
0.233
NA
NA
NA
NA
NA
NA
NA
NA
0.142
NA
NA
NA
NA
NA
NA
NA
NA
NA
NA
NA
0.124
0
NA
NA
NA
0
NA
0
NA
0.203
NA
0.017
NA
0.331
NA
NA
NA
0
0.663
NA
0
0
NA
0.043
0.065
NA
NA
NA
NA
0.296
0.153
0
NA
NA
NA
NA
0.663
NA
NA
NA
0.663
NA
0.34
0.252
NA
0.196
NA
0.663
NA
NA
NA
0.049
NA
NA
0.307
0.663
NA
0.071
0.663
0.663
NA
NA
NA
0
NA
0
0.357
NA
0.134
NA
0.188
0.261
0.232
NA
NA
0
0.353
0
0
0
0.663
NA
NA
0.335
0.286
NA
NA
NA
NA
0.663
NA
NA
NA
NA
NA
NA
NA
0.663
NA
0.517
0
NA
NA
NA
NA
NA
0.157
0.663
NA
NA
NA
NA
NA
0.265
NA
NA
NA
NA
NA
NA
NA
NA
0.663
NA
NA
NA
NA
NA
NA
NA
NA
NA
NA
NA
NA
NA
NA
NA
NA
NA
NA
NA
0.075
NA
NA
NA
NA
NA
NA
NA
NA
NA
NA
NA
NA
NA
0.332
NA
0
0
NA
NA
0.663
0.248
0.178
NA
NA
0
0
0
NA
0.343
0.663
0.325
NA
NA
0.313
NA
NA
0.403
NA
NA
0.248
0.663
NA
NA
0.726
NA
0.663
0.663
0
NA
NA
NA
NA
NA
NA
NA
NA
NA
NA
NA
NA
NA
NA
NA
NA
NA
NA
NA
0
0.102
0.249
NA
NA
0.339
NA
NA
0
NA
NA
NA
NA
NA
NA
NA
NA
NA
NA
NA
NA
0.251
0.095
NA
0.153
NA
0
0.663
NA
NA
NA
NA
NA
NA
NA
NA
NA
NA
NA
NA
NA
NA
NA
NA
0.009
NA
NA
NA
NA
NA
0.663
NA
0.663
0.399
NA
NA
NA
NA
NA
0.663
NA
NA
0.663
0
0.663
NA
NA
NA
0.663
0.126
0.663
0.251
NA
NA
NA
0.244
0
NA
0.34
NA
0.202
0.229
0.208
NA
NA
NA
NA
0.333
0
0.513
0.043
0.106
NA
NA
0.663
0.663
NA
0.073
0.452
NA
NA
NA
NA
0.2
0.2
0
0.017
0
0
NA
0.663
NA
0.273
0.065
0.028
NA
NA
NA
NA
NA
0.115
NA
NA
0.189
0.169
NA
NA
NA
NA
NA
NA
NA
NA
NA
NA
NA
NA
NA
NA
NA
NA
NA
NA
NA
NA
NA
NA
0
0
0
0.343
0.324
NA
0.331
NA
0.259
NA
0.388
0.398
NA
NA
NA
NA
NA
0.25
0
0
NA
NA
NA
NA
NA
0.071
NA
NA
NA
NA
0.203
NA
0.663
NA
NA
NA
NA
NA
0.204
0.138
NA
NA
NA
0.663
0.663
0.199
0.663
NA
0.663
NA
NA
NA
NA
0
0.143
0
NA
NA
NA
NA
NA
NA
NA
NA
NA
NA
NA
0
NA
NA
NA
NA
NA
0.158
0
0.168
0
0.663
0.234
0.035
NA
0.663
NA
0.212
0.259
NA
NA
NA
0.212
NA
NA
NA
NA
NA
NA
NA
0.339
0.349
NA
NA
NA
NA
NA
NA
0.663
NA
NA
NA
NA
NA
NA
NA
NA
NA
NA
0.663
NA
0.663
0.663
NA
0.032
NA
0.399
0.234
0
0
0
NA
0.059
0.663
NA
NA
NA
NA
NA
NA
NA
0.363
NA
NA
0.572
0.34
0.34
0.663
0.176
NA
NA
NA
NA
0.26
0.021
NA
0.02
NA
NA
NA
0
0.038
0.321
0.429
NA
0.081
NA
NA
NA
NA
0.035
NA
NA
NA
NA
NA
0.663
NA
NA
NA
0.015
0
NA
NA
0.566
0.274
NA
NA
NA
NA
NA
0.333
NA
0.042
NA
0.412
0
NA
NA
NA
NA
0.663
NA
NA
NA
NA
NA
0.032
NA
NA
NA
NA
NA
NA
NA
NA
NA
NA
NA
NA
NA
NA
NA
NA
NA
NA
NA
NA
NA
NA
NA
NA
NA
NA
NA
NA
NA
NA
NA
NA
NA
NA
NA
NA
0.043
NA
NA
NA
0.222
NA
NA
NA
NA
0
NA
0.209
NA
NA
0.268
NA
NA
0.474
0
NA
NA
NA
0.282
0.663
0.554
0.237
NA
0
0.298
0.663
0.403
0
NA
0.663
NA
NA
NA
NA
NA
NA
0.136
NA
0
NA
0.663
0.19
0.043
NA
0.148
NA
NA
NA
NA
NA
0.663
NA
0.162
NA
NA
0.349
NA
0.026
NA
NA
0.663
0.663
NA
0
NA
0.07
0.067
0.663
0.663
0.663
0.459
0.023
NA
0.024
NA
NA
NA
NA
0.215
0.162
NA
NA
0.062
0.663
NA
NA
0
0.277
0.354
0.219
0.301
NA
NA
NA
NA
NA
NA
NA
NA
0.205
NA
NA
0
NA
NA
NA
NA
NA
0.028
NA
0.663
NA
NA
NA
NA
NA
NA
NA
NA
NA
NA
NA
NA
0.663
0.371
NA
NA
0.307
NA
NA
0.358
0
0
NA
NA
NA
0
NA
0
0.331
NA
0.238
NA
NA
NA
NA
NA
NA
NA
NA
NA
NA
NA
NA
NA
NA
NA
NA
NA
NA
NA
NA
0
0
NA
0
0.277
NA
0.169
0.232
NA
NA
NA
0
0
NA
NA
NA
NA
NA
NA
0
0.317
0.188
NA
0.663
0.351
NA
NA
NA
NA
NA
0.155
0.11
0.094
0.259
0.309
0.663
NA
0.663
NA
0.068
0.213
0
NA
NA
NA
0
NA
0
0.663
NA
NA
NA
NA
NA
NA
NA
NA
NA
NA
NA
0.04
NA
0.251
NA
0.663
0.237
0
NA
0
0.696
0.03
NA
NA
NA
0.186
0
0.663
0.663
NA
NA
NA
NA
0
0
NA
NA
NA
NA
0.222
NA
0.251
NA
0.108
0.008
NA
NA
NA
NA
NA
0
NA
0.221
0.629
0.284
0.219
0.114
NA
0.663
0
0.279
0.184
NA
0.233
0.663
0.459
0.305
NA
NA
0
0.351
0.23
0.045
NA
NA
NA
NA
NA
NA
0.532
0.663
NA
NA
0
NA
0.198
0.465
NA
NA
0.535
NA
NA
0.265
0.273
0.247
0.205
NA
NA
NA
NA
NA
0.663
0
NA
0.663
NA
0
NA
0.459
NA
NA
NA
NA
NA
NA
0.155
NA
NA
0
NA
NA
NA
NA
NA
NA
NA
NA
NA
0.037
0.042
NA
0.063
NA
0.663
NA
0.663
0.38
0.663
NA
NA
NA
0
0.663
NA
NA
NA
NA
NA
NA
NA
NA
0.224
NA
NA
NA
NA
NA
NA
NA
NA
NA
NA
NA
NA
0.05
NA
NA
NA
NA
NA
NA
NA
NA
0.663
0.663
0.109
NA
0.024
NA
NA
NA
NA
NA
NA
NA
NA
NA
NA
NA
NA
0.037
0.036
0.029
0.157
0.663
0.165
0.202
NA
NA
NA
NA
NA
NA
NA
0.61
NA
0.202
0.119
NA
NA
NA
NA
NA
NA
NA
NA
0.154
NA
NA
NA
NA
NA
NA
NA
0.167
0.482
0
0.111
NA
NA
NA
NA
NA
NA
0.148
NA
NA
0.663
0.335
NA
NA
0.328
NA
0.663
0.663
0.252
0.021
NA
0.246
0.246
NA
0.663
0
NA
NA
NA
NA
NA
NA
NA
NA
NA
0.663
0.445
0.242
NA
0.279
0.205
NA
0.035
NA
NA
0
NA
NA
NA
NA
NA
NA
NA
NA
0.663
NA
NA
NA
NA
NA
NA
NA
NA
NA
NA
NA
NA
NA
NA
NA
0.363
0.21
NA
NA
0
NA
0
NA
NA
0.42
0.247
NA
NA
NA
NA
0.369
0.976
0.664
NA
NA
NA
NA
NA
NA
0.663
NA
0.082
0.325
0
NA
NA
NA
0.34
0.467
NA
0
NA
0.663
0.663
0.663
NA
NA
NA
NA
NA
NA
0
NA
NA
NA
NA
NA
NA
NA
0.348
0.199
NA
0.199
NA
0.663
0.035
NA
NA
NA
NA
NA
NA
NA
NA
0.349
NA
NA
NA
NA
NA
NA
NA
NA
NA
NA
NA
NA
NA
0.105
NA
NA
0
0.409
NA
0.295
NA
NA
NA
0
NA
NA
NA
NA
NA
NA
0.274
NA
NA
NA
NA
NA
NA
0.663
0.354
0.663
NA
NA
NA
NA
0.663
NA
NA
NA
NA
NA
NA
NA
NA
0
NA
NA
NA
NA
NA
NA
NA
NA
NA
NA
NA
NA
0.297
NA
NA
0
0.663
NA
NA
0.363
0.149
NA
NA
NA
NA
NA
NA
0
NA
NA
NA
NA
NA
NA
NA
NA
NA
NA
NA
NA
NA
0.279
0.23
NA
NA
0.292
NA
NA
0.663
0.352
NA
NA
NA
NA
NA
0.173
NA
NA
NA
NA
NA
NA
NA
NA
0.267
NA
NA
0.176
NA
NA
NA
NA
NA
NA
NA
0.026
NA
NA
NA
NA
0
NA
NA
NA
NA
NA
NA
NA
NA
NA
NA
NA
NA
NA
0
NA
NA
NA
NA
NA
NA
NA
0
NA
NA
NA
NA
NA
NA
NA
NA
NA
NA
NA
NA
NA
0.413
NA
NA
NA
0.663
NA
NA
0.663
0.49
NA
NA
NA
NA
NA
NA
0.481
0.197
NA
NA
NA
NA
0.199
NA
NA
0.176
0.549
NA
NA
NA
NA
0.187
NA
NA
NA
NA
NA
NA
NA
NA
NA
NA
NA
NA
NA
NA
NA
NA
NA
0.337
0.586
0.663
0
0.663
NA
0
NA
NA
NA
NA
NA
NA
NA
NA
0.096
0.303
NA
0.663
0.663
NA
NA
0
0.663
0.663
NA
NA
NA
NA
NA
NA
NA
NA
0.97
NA
0
NA
NA
NA
NA
NA
0.251
NA
0.663
0.663
NA
NA
NA
NA
0.331
0.331
0.214
0
NA
NA
NA
NA
0.169
NA
NA
NA
NA
NA
NA
0.663
NA
NA
NA
NA
NA
NA
NA
NA
NA
0.663
0
NA
NA
NA
NA
NA
NA
NA
NA
NA
NA
NA
0.028
0.704
0
0.273
NA
NA
NA
NA
NA
0
NA
NA
NA
0.295
NA
0.205
0.308
NA
0.663
NA
NA
NA
NA
NA
0.555
NA
NA
NA
0.663
0.176
NA
NA
NA
NA
NA
NA
NA
NA
NA
NA
NA
0.663
0.167
NA
NA
NA
NA
NA
NA
NA
NA
0
0.089
NA
NA
NA
NA
NA
NA
0.217
0.566
0.265
0.663
0.663
NA
NA
NA
NA
NA
NA
NA
NA
NA
0.309
NA
NA
NA
NA
NA
NA
NA
NA
NA
0
NA
NA
0
NA
NA
NA
NA
0.582
0.244
NA
0.301
0.321
NA
0.663
NA
NA
NA
NA
0.173
NA
NA
0.325
0.375
NA
NA
0.178
NA
NA
NA
NA
0.092
0.117
0.663
NA
NA
NA
NA
NA
NA
NA
NA
0.231
0
NA
0.685
0.026
0.461
NA
0.97
NA
NA
NA
NA
NA
NA
NA
0.251
NA
0.243
NA
NA
NA
NA
NA
NA
NA
NA
0.194
0.663
0.502
0
0
NA
NA
NA
NA
NA
NA
0.293
0
0.226
0.663
0.342
NA
NA
NA
0.166
0.273
NA
NA
NA
NA
NA
NA
NA
NA
NA
NA
NA
0
0
NA
0.663
NA
NA
0.152
NA
NA
NA
0
0
NA
NA
0
0
0.063
NA
NA
NA
NA
0
0
NA
NA
NA
NA
0.663
NA
NA
NA
NA
0
0
NA
NA
NA
NA
NA
0
NA
NA
NA
NA
NA
NA
NA
NA
NA
NA
NA
0.232
NA
NA
NA
0.024
0.663
0.663
NA
NA
NA
NA
NA
NA
NA
0.225
NA
NA
0.236
0.354
NA
NA
NA
0
NA
NA
0.332
NA
0.363
NA
NA
NA
NA
NA
NA
NA
NA
NA
NA
NA
0.291
NA
NA
NA
NA
NA
NA
NA
NA
NA
NA
NA
0.097
NA
NA
NA
NA
NA
0.037
0.022
NA
0.025
NA
NA
NA
NA
0.73
NA
NA
NA
NA
NA
NA
NA
NA
NA
NA
0.663
0.307
NA
NA
NA
NA
0.173
NA
NA
0.351
0.241
0.663
0.663
0.04
NA
NA
NA
NA
0.663
0.663
NA
NA
NA
NA
NA
NA
NA
NA
0
0.068
0.126
0.029
NA
NA
0.022
NA
NA
NA
0.124
0.193
0.228
NA
0.197
0.239
NA
NA
0.164
0.071
NA
NA
NA
NA
NA
0.142
NA
NA
NA
NA
NA
NA
NA
NA
NA
NA
NA
0.038
NA
NA
NA
NA
0.069
0.046
NA
NA
NA
NA
NA
NA
NA
NA
NA
0.446
NA
NA
0.298
NA
NA
0.34
0.516
NA
NA
NA
NA
NA
NA
NA
NA
NA
0.399
NA
NA
NA
NA
NA
NA
NA
NA
NA
0.338
NA
NA
0.071
0.071
NA
0.202
NA
NA
NA
NA
NA
NA
NA
NA
0.035
NA
NA
NA
NA
NA
NA
NA
NA
NA
NA
0.18
0.131
0.663
NA
NA
NA
0.663
NA
NA
0.191
NA
0.368
NA
NA
NA
NA
NA
NA
NA
NA
NA
NA
NA
NA
NA
NA
0
NA
NA
NA
NA
NA
NA
NA
NA
NA
NA
0.358
0.27
NA
NA
NA
NA
0.152
NA
NA
NA
0.663
NA
NA
0.286
NA
NA
NA
NA
0
NA
NA
NA
NA
NA
NA
NA
NA
NA
NA
NA
NA
NA
NA
NA
NA
NA
NA
NA
0.315
NA
NA
NA
NA
NA
NA
NA
NA
NA
NA
NA
NA
NA
NA
NA
NA
NA
NA
NA
NA
NA
0.218
0
NA
NA
NA
NA
0.246
NA
NA
NA
NA
NA
NA
NA
NA
NA
0.663
NA
NA
NA
NA
NA
NA
NA
NA
NA
NA
NA
NA
NA
NA
NA
NA
0.041
0.018
NA
0
NA
NA
NA
NA
NA
NA
NA
NA
NA
NA
NA
NA
NA
0.2
0.057
NA
0.261
NA
NA
NA
NA
0.663
NA
NA
0
NA
0.139
NA
NA
0
0.663
NA
NA
NA
NA
NA
NA
NA
NA
NA
NA
NA
NA
NA
NA
NA
NA
NA
NA
NA
NA
NA
NA
NA
0.663
NA
NA
NA
NA
NA
NA
NA
NA
NA
NA
NA
NA
NA
NA
NA
0
NA
0
0
NA
NA
NA
NA
NA
NA
NA
NA
0.663
0.331
NA
NA
NA
0.663
NA
NA
NA
NA
NA
NA
NA
NA
NA
NA
NA
0.071
NA
NA
NA
NA
NA
NA
0
0.663
0
0.663
0.36
NA
NA
NA
NA
NA
NA
NA
NA
NA
0.091
NA
NA
NA
NA
NA
NA
NA
NA
NA
NA
NA
NA
0.139
NA
NA
NA
NA
NA
0
0
0.663
0.208
NA
0.609
NA
NA
NA
NA
NA
NA
NA
NA
NA
NA
NA
NA
NA
0.663
NA
NA
NA
NA
NA
NA
NA
NA
0
0.032
NA
NA
NA
NA
NA
NA
NA
NA
0.663
0
NA
NA
NA
NA
NA
NA
NA
NA
NA
NA
NA
NA
NA
NA
NA
NA
NA
NA
NA
NA
NA
NA
NA
NA
NA
NA
NA
NA
NA
NA
NA
NA
NA
NA
NA
NA
NA
NA
NA
NA
0.663
NA
0.663
NA
NA
NA
NA
NA
NA
NA
NA
NA
NA
NA
NA
NA
NA
NA
NA
0.281
NA
NA
NA
NA
0.256
0
0
NA
NA
0.609
0.609
NA
0.071
NA
NA
NA
NA
0.308
0.243
NA
NA
NA
NA
NA
NA
0
0
NA
NA
NA
NA
NA
NA
0.663
NA
NA
NA
NA
0.295
0.262
NA
NA
NA
NA
NA
0
0
NA
NA
NA
NA
NA
NA
NA
NA
NA
NA
NA
NA
NA
NA
NA
NA
NA
NA
NA
NA
NA
NA
NA
NA
0.071
0.609
0
NA
0.082
NA
NA
NA
NA
NA
NA
NA
0.389
0.129
0.265
NA
NA
0.491
NA
0.175
NA
NA
NA
NA
NA
NA
NA
NA
NA
NA
0.375
0.177
NA
NA
NA
0.663
NA
NA
NA
NA
NA
NA
NA
NA
NA
NA
NA
NA
NA
NA
NA
NA
NA
NA
NA
NA
NA
0.187
NA
0.248
NA
NA
NA
NA
NA
NA
NA
NA
NA
NA
NA
NA
NA
NA
0.23
0.262
NA
NA
NA
NA
0.317
NA
NA
NA
NA
NA
0.663
0.663
0.663
NA
NA
NA
NA
NA
NA
NA
0.189
NA
NA
NA
NA
NA
NA
0.663
NA
NA
NA
NA
NA
NA
NA
0
NA
NA
NA
NA
NA
NA
NA
0.663
NA
NA
0.327
NA
NA
NA
NA
NA
0.21
0.22
NA
NA
NA
NA
NA
NA
NA
NA
0.384
NA
0
NA
NA
0.154
NA
0.506
NA
NA
NA
NA
NA
NA
0
NA
0.323
NA
NA
NA
NA
NA
NA
NA
NA
NA
0.509
NA
NA
NA
NA
NA
0.394
NA
NA
NA
NA
NA
NA
NA
NA
0.28
0.82
0.441
0.131
0.248
NA
NA
NA
NA
NA
NA
NA
NA
NA
NA
0.142
0.663
NA
NA
NA
NA
NA
NA
NA
NA
NA
NA
NA
0.663
0.97
NA
NA
NA
NA
NA
0.663
0
NA
0.663
NA
NA
NA
NA
0.663
NA
0.089
NA
NA
NA
NA
0.211
NA
NA
NA
0.061
NA
NA
NA
NA
0.053
0.203
NA
NA
NA
NA
NA
NA
NA
NA
NA
NA
0.163
NA
NA
NA
NA
NA
0
NA
0.663
0
0.268
0.07
NA
NA
0.202
NA
NA
0.039
NA
NA
NA
0.078
0.325
NA
NA
NA
NA
NA
NA
NA
NA
NA
NA
NA
NA
0.663
0.181
0.158
NA
0.663
0.663
NA
NA
NA
0.578
NA
NA
NA
0.663
NA
0.053
NA
NA
NA
NA
0.246
0.262
NA
NA
NA
NA
0.25
NA
NA
0.334
NA
NA
NA
NA
0.663
0.127
0.47
NA
NA
NA
0.301
NA
0.199
0.663
NA
NA
NA
NA
NA
NA
NA
NA
0.332
NA
NA
0.101
NA
NA
NA
NA
NA
NA
NA
NA
NA
NA
NA
NA
NA
NA
0.663
0.325
NA
NA
NA
NA
0.46
NA
NA
NA
0.249
0.663
0.227
NA
NA
0.423
NA
NA
NA
NA
NA
0.663
0.043
0.663
NA
NA
NA
NA
NA
NA
0.162
NA
NA
0.262
0.234
NA
NA
NA
NA
NA
NA
NA
0.305
NA
NA
0.121
NA
NA
0.531
0.331
NA
NA
NA
NA
NA
0.663
0.191
NA
0.659
NA
NA
NA
NA
0.194
NA
NA
NA
NA
NA
0
NA
NA
NA
NA
0
0
0
NA
0.09
NA
NA
NA
NA
NA
NA
NA
NA
NA
NA
0.336
0
NA
NA
NA
0.438
NA
NA
0.194
0.194
NA
0.663
0.663
NA
NA
NA
NA
NA
NA
NA
NA
0.046
NA
NA
NA
NA
0.663
0.663
0.663
NA
0
NA
NA
NA
NA
0.663
0.323
0.283
0.34
NA
NA
NA
NA
NA
NA
NA
NA
NA
0.663
NA
0.663
NA
NA
0.663
NA
NA
NA
NA
0.249
NA
NA
NA
NA
NA
NA
0
NA
NA
NA
NA
NA
NA
NA
0.185
0
NA
NA
NA
NA
NA
NA
NA
NA
NA
NA
NA
NA
NA
NA
NA
NA
NA
NA
NA
NA
NA
NA
NA
NA
NA
0.065
NA
0.218
NA
NA
NA
NA
0.305
NA
NA
NA
NA
NA
NA
NA
NA
0.663
NA
0
0
NA
NA
0.193
0.092
NA
NA
NA
NA
NA
NA
0.663
NA
NA
NA
0.298
0.275
NA
0.32
NA
NA
NA
NA
0.329
0.743
0
NA
NA
NA
NA
0.071
0.036
0.34
0
NA
NA
0.663
0.338
NA
NA
NA
NA
0
0.663
NA
0.533
NA
NA
NA
0.035
NA
NA
NA
NA
NA
NA
NA
NA
NA
NA
0.071
0.215
NA
NA
NA
0.663
0.663
NA
NA
NA
NA
NA
NA
NA
NA
NA
NA
NA
NA
NA
NA
NA
NA
NA
0.152
NA
NA
NA
NA
0.663
NA
NA
NA
0.119
NA
NA
NA
NA
0.025
NA
NA
NA
NA
NA
NA
NA
NA
0.248
NA
0.243
NA
NA
0
NA
0
0.205
NA
NA
NA
NA
NA
NA
NA
NA
NA
NA
NA
NA
NA
NA
NA
0.435
NA
NA
NA
0
NA
NA
NA
NA
NA
NA
0.663
NA
0.663
NA
NA
NA
0.032
NA
NA
NA
NA
NA
0
0
0
0.161
0.175
0.295
0.663
NA
NA
NA
NA
NA
NA
NA
NA
NA
NA
NA
NA
NA
NA
0
NA
0.185
NA
NA
NA
NA
NA
0.071
NA
NA
NA
0.148
NA
NA
0.663
NA
NA
0.163
0.144
NA
NA
NA
0
NA
NA
NA
NA
NA
NA
NA
0
NA
NA
NA
NA
NA
NA
NA
0.463
0.038
0
0.439
NA
NA
NA
0.236
NA
NA
NA
NA
NA
NA
0.199
NA
0.663
0
0.301
0.246
NA
NA
0.18
NA
0.663
NA
NA
NA
NA
NA
NA
NA
0.663
NA
NA
NA
NA
NA
NA
NA
NA
0
0.193
NA
NA
NA
NA
NA
NA
NA
NA
NA
0.663
0.663
0.202
0.489
NA
0.503
NA
NA
NA
0.132
0.22
NA
0.24
NA
NA
NA
NA
NA
NA
NA
NA
0.25
NA
NA
0.382
NA
0.305
NA
NA
NA
NA
0.295
0.114
NA
NA
0
NA
0.271
NA
NA
NA
NA
0.663
NA
NA
NA
NA
0
NA
0.067
0
NA
NA
NA
0.663
NA
NA
NA
0.663
0
NA
0
NA
0.162
0.078
NA
0.478
NA
0.663
0.173
0.269
0.201
0.219
NA
NA
NA
0.311
0.415
0.299
NA
0.663
0.155
0.195
NA
NA
NA
0.377
NA
0.182
NA
NA
NA
NA
NA
NA
NA
NA
0
NA
0.479
0.218
NA
NA
NA
NA
NA
NA
NA
NA
NA
0.071
NA
NA
0.209
NA
NA
NA
0.349
NA
0.269
0.346
NA
NA
NA
0.457
0.663
0.312
NA
NA
0.663
0.663
NA
NA
NA
0.663
0.074
0.35
0.265
NA
0.343
NA
NA
NA
NA
NA
NA
NA
NA
NA
NA
NA
NA
0.08
0
NA
NA
0.042
NA
0.089
0.663
NA
NA
0
0.361
NA
NA
NA
NA
0.663
NA
0.663
0.211
NA
NA
NA
0.663
NA
NA
NA
0
0.44
NA
NA
NA
NA
NA
NA
NA
NA
NA
0.193
NA
0
0.313
NA
NA
0.663
NA
0.203
0.265
0.228
0.394
0
NA
0
NA
0.085
NA
NA
NA
0
0
NA
0.104
NA
NA
NA
NA
0.215
NA
NA
NA
0.345
NA
NA
NA
NA
NA
NA
NA
0
0
NA
NA
NA
NA
0.206
NA
0.34
NA
NA
NA
0.265
NA
NA
NA
NA
NA
NA
NA
NA
NA
NA
NA
NA
NA
0.259
NA
NA
NA
NA
NA
NA
NA
NA
NA
NA
NA
NA
0.663
NA
NA
NA
NA
NA
0.663
NA
0
0.231
0
NA
NA
NA
0.33
NA
NA
NA
NA
0.312
NA
NA
0.296
NA
NA
NA
NA
NA
NA
NA
NA
NA
NA
NA
NA
NA
NA
NA
NA
NA
NA
NA
0.034
NA
0.142
NA
NA
0.976
NA
NA
NA
NA
NA
NA
NA
NA
NA
0.222
NA
NA
NA
NA
NA
NA
0.221
NA
NA
NA
NA
NA
NA
NA
NA
NA
NA
NA
0.306
0.233
NA
0.249
NA
0.045
NA
0.367
0.367
NA
0.663
NA
NA
NA
NA
NA
0
0.663
NA
NA
NA
NA
0.07
0.686
0.663
NA
NA
0.663
0
NA
0
NA
0.294
NA
0.187
0.346
0.276
NA
0.663
0.258
NA
0.663
NA
NA
0.351
0.231
0.237
0.426
NA
NA
NA
0.32
0.075
NA
NA
NA
NA
NA
0.343
NA
NA
NA
NA
NA
NA
NA
NA
NA
0.663
0.663
NA
0
NA
NA
NA
NA
0
NA
0
NA
NA
NA
0
NA
0.663
NA
0.348
0.14
NA
0
NA
NA
NA
NA
NA
0.266
NA
0.101
NA
0.405
NA
0.455
0.291
NA
NA
0
NA
NA
NA
NA
NA
0.038
NA
0
0.198
0
0.075
0.122
0.043
NA
0.663
0.663
0.663
NA
NA
NA
NA
0.024
NA
0
0.364
0.405
NA
NA
0.396
NA
NA
NA
NA
NA
NA
NA
NA
NA
NA
NA
NA
0.151
NA
NA
0.371
NA
NA
NA
NA
NA
NA
NA
NA
0
0.348
NA
NA
NA
NA
NA
NA
NA
NA
NA
NA
NA
0.329
0.365
0.284
NA
NA
NA
NA
0.041
NA
NA
NA
NA
NA
NA
0.094
NA
NA
0.34
NA
NA
0.194
NA
0
0.663
0.663
0.439
NA
NA
NA
NA
NA
NA
NA
NA
NA
NA
NA
NA
NA
NA
NA
NA
NA
NA
NA
NA
NA
NA
NA
NA
NA
NA
0.208
NA
NA
NA
NA
NA
NA
NA
NA
NA
NA
NA
NA
NA
0.325
NA
0.262
0.175
0.175
NA
NA
NA
NA
NA
NA
0.214
NA
0.159
NA
NA
NA
NA
NA
NA
NA
NA
NA
NA
NA
NA
NA
NA
0.22
NA
NA
NA
0.034
NA
NA
NA
NA
NA
NA
NA
NA
NA
NA
NA
NA
0.298
0.294
0.278
NA
NA
NA
0.229
NA
NA
NA
NA
NA
NA
NA
0.03
0.233
0.076
0
NA
NA
NA
NA
NA
NA
NA
NA
0.241
NA
NA
NA
NA
0.305
0
NA
NA
NA
NA
NA
0.049
NA
NA
NA
0.663
NA
NA
NA
NA
NA
NA
NA
NA
NA
NA
NA
NA
0
NA
NA
NA
NA
0.715
NA
0.276
0.184
NA
0
0.134
0.663
NA
NA
0
NA
0
NA
0.29
0.663
0.203
0.282
NA
NA
NA
0.202
0.191
NA
NA
NA
NA
NA
NA
NA
NA
NA
NA
NA
NA
NA
NA
NA
NA
NA
NA
0.135
0.564
NA
0.329
0.663
NA
NA
NA
NA
NA
NA
NA
NA
NA
0.328
NA
NA
NA
NA
NA
NA
NA
NA
NA
NA
NA
NA
NA
NA
NA
NA
NA
NA
NA
NA
NA
NA
0.235
NA
0.12
NA
NA
NA
NA
NA
NA
NA
NA
NA
NA
NA
NA
NA
NA
NA
0.663
NA
NA
NA
NA
NA
NA
NA
0.247
NA
0.663
NA
NA
NA
NA
NA
NA
NA
NA
NA
NA
NA
NA
NA
NA
NA
NA
NA
NA
NA
0.077
NA
NA
0.663
NA
NA
NA
NA
0
0
NA
0.254
0.134
NA
NA
NA
NA
NA
NA
NA
0.071
NA
NA
0.123
NA
0
0
0
NA
0.19
NA
0
NA
NA
NA
NA
NA
NA
NA
NA
NA
NA
NA
NA
0
0.349
NA
NA
NA
0.663
NA
NA
0.165
0
0.663
0.331
NA
NA
0.244
0.122
NA
NA
NA
NA
0.663
NA
NA
NA
NA
NA
0.221
0.156
0.268
NA
NA
NA
0.663
NA
NA
0
NA
NA
NA
NA
NA
NA
0.175
NA
NA
NA
NA
NA
NA
0.271
0.324
0.273
NA
NA
NA
NA
NA
NA
NA
NA
0
0
NA
NA
0.249
NA
NA
NA
NA
0
NA
0.148
0
0.663
NA
NA
NA
NA
NA
NA
NA
0
NA
0
NA
0
NA
NA
NA
NA
NA
NA
NA
NA
0.663
NA
NA
NA
0
NA
NA
NA
0
0.091
NA
NA
NA
0.319
NA
0.177
NA
NA
NA
NA
0.253
NA
NA
NA
NA
NA
NA
NA
NA
NA
NA
NA
0.242
NA
NA
0.252
NA
NA
0.298
0.663
0.298
0.663
NA
NA
NA
NA
NA
NA
NA
NA
0.663
NA
NA
NA
NA
0
NA
NA
NA
NA
NA
0.663
NA
0.332
0.253
NA
NA
0.663
NA
NA
NA
NA
NA
0.25
NA
0.351
NA
NA
NA
0.313
NA
0.248
NA
0.349
NA
NA
NA
NA
NA
NA
0.276
NA
0.663
0.275
NA
0.516
0.193
0.227
0
NA
0.663
NA
0
NA
NA
NA
0.492
NA
0.87
NA
NA
NA
NA
NA
0.184
NA
NA
NA
NA
0.201
0.663
0.262
0.159
NA
0
0
0
NA
NA
NA
NA
NA
NA
NA
NA
NA
0.134
0.342
NA
NA
NA
NA
NA
NA
NA
0.197
0.531
NA
NA
NA
0.208
0.27
NA
0.663
NA
NA
NA
NA
NA
0.273
0.221
0.314
0.29
NA
NA
NA
NA
NA
NA
NA
0.374
0.097
0.088
NA
0
NA
0.324
0.08
0.663
NA
0.2
NA
NA
NA
NA
NA
0.319
0
0.349
NA
0.226
NA
0.022
NA
NA
0
NA
NA
NA
0.663
NA
0.663
NA
0.042
0.663
0.39
0.204
0.663
0.663
0.663
NA
0
NA
NA
0.663
0.391
0.138
NA
NA
0.269
0.273
NA
NA
NA
NA
NA
0.217
0.977
NA
0.238
NA
NA
0.386
NA
NA
NA
0.376
0.378
0
NA
NA
0.564
0.412
0.663
NA
NA
NA
NA
NA
NA
NA
NA
NA
NA
NA
NA
0.148
NA
NA
NA
NA
0.5
NA
0.073
NA
NA
NA
NA
NA
NA
NA
NA
NA
NA
NA
NA
NA
NA
NA
NA
NA
0.265
NA
0.663
0.299
0.474
NA
0.266
0.132
0.162
0.25
0.459
NA
NA
0.825
0.296
NA
0.324
NA
NA
NA
0.071
NA
NA
NA
NA
NA
NA
NA
NA
0.042
NA
NA
0.188
NA
0.27
NA
NA
NA
NA
NA
NA
NA
NA
0.663
NA
NA
0.663
0.02
0.351
0.238
0.093
0.148
NA
0.095
0.197
0
NA
0.302
NA
NA
0.205
0.119
0
0.123
0.316
0
NA
NA
NA
NA
NA
NA
NA
NA
NA
NA
0
NA
NA
NA
NA
0.194
NA
0.236
0.168
0.415
NA
0.458
0.331
NA
NA
NA
NA
NA
NA
NA
0.663
0.223
NA
NA
0.218
0.203
0.585
0.663
0.159
0.663
NA
NA
NA
NA
NA
NA
NA
NA
NA
0.227
0.531
0.284
0
0.21
0.231
NA
NA
NA
NA
0.574
0.663
NA
0.663
0.325
0.663
NA
0
NA
NA
0
0
NA
0
0.465
0.087
0.663
NA
0.583
0.313
0.2
NA
0.223
NA
0.237
0.244
NA
0.663
NA
NA
NA
NA
0.663
0.38
0.567
NA
0.386
0.23
NA
NA
0.266
0.128
0.663
NA
0
0.03
NA
NA
NA
NA
NA
NA
0.211
0.211
NA
0.605
NA
0.102
NA
0
0
0.38
0.253
0.663
NA
NA
NA
NA
NA
0
0.257
0.663
NA
0.04
0.029
0.24
0.099
0.266
NA
NA
NA
0.16
NA
NA
NA
NA
NA
NA
NA
NA
NA
0.433
NA
NA
NA
NA
NA
0.38
0.288
NA
0.296
0.296
0.296
0.392
0.224
0.312
NA
0.663
NA
0.423
0.48
0.663
NA
0.205
NA
0.415
0.663
0.211
NA
NA
NA
NA
NA
NA
NA
0.411
NA
NA
0.128
0.232
0.325
0
NA
NA
NA
0.249
NA
NA
0.129
0.084
NA
NA
0.663
0.029
NA
NA
NA
0.453
0.376
0.34
0.33
NA
0.506
NA
NA
NA
NA
NA
NA
NA
NA
0.307
0.278
NA
NA
NA
0.067
0.147
NA
NA
NA
NA
0.129
0.663
NA
NA
0.349
0.279
NA
NA
NA
NA
0.031
NA
NA
NA
NA
NA
0.314
0.271
NA
NA
NA
NA
0.282
NA
NA
NA
NA
NA
NA
NA
NA
NA
NA
NA
NA
NA
0.663
NA
NA
0.024
NA
NA
NA
0.341
0.663
NA
NA
NA
NA
NA
NA
0.243
NA
NA
NA
NA
NA
NA
NA
NA
NA
NA
NA
0.663
NA
NA
0.284
NA
0.663
0.354
NA
NA
NA
NA
NA
0.03
0.455
0.324
0.209
NA
0.376
NA
0.32
0.038
0.663
0.187
NA
0.338
NA
NA
NA
0.663
NA
0.373
0.057
0.247
NA
NA
0.157
NA
NA
NA
NA
NA
0
NA
0.112
0.663
NA
NA
NA
0
0
NA
NA
NA
NA
NA
0.212
0.339
NA
NA
NA
0.427
NA
NA
NA
NA
0.663
0.663
NA
NA
NA
NA
NA
0
0
0
NA
NA
0.309
NA
NA
0.512
NA
NA
NA
0.36
NA
NA
NA
NA
NA
NA
NA
NA
NA
NA
NA
NA
0.071
NA
0.288
NA
NA
NA
NA
0.099
NA
NA
NA
0.263
0.34
NA
0.174
NA
NA
NA
NA
NA
NA
NA
NA
NA
NA
NA
NA
NA
NA
NA
0.125
0.08
NA
NA
0.21
NA
NA
NA
0.422
0.197
0.204
NA
0.663
NA
0.283
NA
NA
0.221
0.474
0.23
NA
NA
NA
NA
NA
NA
NA
0.062
NA
NA
NA
NA
NA
NA
NA
0.042
NA
NA
NA
NA
NA
0
NA
NA
NA
NA
NA
NA
NA
NA
NA
NA
NA
NA
0
NA
NA
NA
0.32
NA
NA
0.237
NA
0
NA
0.97
NA
NA
NA
NA
NA
NA
NA
NA
0.07
0
NA
NA
NA
NA
NA
NA
NA
NA
NA
NA
NA
NA
NA
NA
NA
NA
NA
NA
0.034
0.07
NA
NA
NA
NA
NA
NA
NA
0.663
NA
0.192
NA
NA
NA
NA
NA
0.252
NA
NA
NA
NA
NA
NA
NA
NA
NA
NA
NA
NA
NA
NA
NA
NA
NA
NA
NA
0.663
0.663
NA
0.274
NA
NA
NA
NA
0.062
0.262
0.154
NA
NA
0.318
NA
NA
NA
NA
0
NA
NA
0.246
0.221
NA
0
0.663
NA
NA
0.663
NA
NA
0.288
NA
NA
NA
0.33
0.031
NA
NA
NA
NA
NA
NA
0.17
NA
NA
NA
NA
NA
NA
NA
NA
NA
NA
0.663
NA
NA
NA
NA
0.13
NA
NA
NA
NA
NA
NA
NA
NA
NA
NA
NA
NA
NA
NA
NA
NA
0.663
NA
0.035
NA
NA
NA
NA
NA
NA
NA
NA
NA
NA
NA
NA
NA
NA
NA
NA
NA
NA
NA
NA
NA
NA
NA
0.425
0.487
NA
0.234
0.387
0.034
NA
NA
NA
NA
NA
NA
NA
NA
0
0.663
NA
0.071
0.379
0
0.663
NA
0.514
0.589
0.451
NA
NA
NA
NA
NA
NA
NA
NA
NA
NA
NA
NA
0
NA
NA
NA
NA
0.281
0.468
NA
NA
NA
NA
NA
0.663
NA
NA
0.133
NA
NA
NA
NA
NA
NA
NA
NA
NA
NA
NA
NA
NA
NA
NA
NA
NA
NA
NA
NA
NA
NA
NA
NA
NA
NA
0.066
NA
NA
0.663
NA
NA
NA
NA
NA
NA
NA
NA
NA
NA
NA
NA
NA
NA
NA
NA
NA
NA
NA
NA
NA
NA
NA
NA
NA
NA
0.663
NA
NA
NA
0.542
0.663
0.663
NA
0.045
NA
NA
NA
NA
NA
NA
0.228
NA
NA
NA
NA
NA
NA
NA
NA
NA
NA
NA
NA
NA
NA
NA
NA
NA
0
0.262
NA
0.663
NA
NA
0
NA
NA
NA
0.346
NA
NA
NA
NA
NA
NA
NA
NA
NA
NA
NA
0.663
NA
0.207
0.418
0.386
0
0.663
0.663
NA
NA
NA
NA
0.209
0.221
NA
NA
NA
NA
NA
0.028
0.122
NA
NA
NA
NA
NA
NA
NA
NA
NA
NA
NA
0.663
NA
NA
NA
NA
NA
NA
NA
NA
0
NA
0.663
NA
0
NA
NA
NA
NA
NA
NA
NA
NA
NA
NA
NA
NA
NA
NA
NA
NA
NA
NA
NA
NA
NA
NA
NA
NA
NA
0.663
NA
0
0.211
0.184
NA
0.663
NA
NA
NA
NA
NA
NA
NA
NA
NA
NA
NA
NA
NA
0.29
NA
NA
NA
NA
NA
0.663
NA
NA
NA
NA
NA
NA
NA
NA
NA
NA
NA
NA
NA
NA
NA
NA
NA
NA
NA
NA
NA
NA
NA
NA
NA
NA
NA
NA
NA
NA
NA
NA
NA
NA
NA
NA
0.663
NA
NA
NA
0.663
NA
NA
NA
NA
NA
NA
NA
NA
NA
NA
NA
0.28
NA
NA
NA
NA
NA
NA
NA
NA
NA
NA
NA
NA
NA
NA
NA
0.738
0.153
NA
0.243
NA
0.279
NA
0.466
NA
0
NA
NA
NA
NA
NA
NA
NA
NA
0.262
0.19
0.262
NA
NA
NA
NA
NA
NA
0.34
NA
NA
NA
NA
NA
NA
NA
NA
NA
NA
NA
NA
0.663
NA
NA
NA
NA
NA
NA
NA
NA
0.663
NA
NA
0.663
0.663
NA
NA
NA
NA
NA
NA
NA
NA
NA
NA
NA
NA
NA
NA
NA
NA
NA
NA
0.663
NA
NA
NA
NA
NA
NA
NA
NA
NA
NA
NA
NA
NA
NA
NA
NA
NA
NA
0
0.663
NA
NA
NA
NA
NA
NA
NA
NA
NA
NA
NA
NA
NA
NA
NA
0.663
NA
NA
NA
NA
NA
NA
NA
NA
NA
NA
NA
NA
NA
NA
NA
NA
0.155
0.155
0.155
0.023
NA
NA
NA
NA
NA
NA
NA
NA
NA
NA
NA
NA
0.148
NA
NA
NA
NA
NA
NA
NA
NA
NA
NA
NA
NA
NA
NA
NA
NA
NA
NA
NA
NA
NA
NA
NA
NA
NA
NA
NA
NA
NA
NA
NA
NA
NA
NA
0.302
NA
NA
NA
NA
NA
NA
NA
NA
0.663
0.663
NA
NA
NA
NA
NA
0.435
0.541
NA
NA
NA
0.095
0.247
NA
NA
NA
NA
0.663
NA
0.663
NA
NA
NA
0.325
NA
NA
NA
NA
NA
NA
NA
NA
NA
NA
NA
NA
NA
NA
NA
NA
0.663
0.663
NA
NA
NA
NA
NA
NA
0.099
NA
NA
NA
0.244
NA
NA
NA
NA
NA
NA
NA
NA
NA
NA
NA
0.663
NA
NA
NA
NA
NA
NA
NA
0.663
NA
NA
NA
NA
NA
0.309
NA
NA
NA
0
NA
NA
0
NA
NA
NA
NA
NA
NA
NA
NA
NA
NA
NA
NA
NA
NA
NA
0.07
NA
NA
0.663
0.663
0.054
0.019
0.155
NA
NA
0.663
NA
NA
0.219
0.035
NA
NA
NA
NA
NA
NA
NA
NA
NA
NA
NA
NA
NA
NA
NA
0.373
NA
0
0
NA
NA
NA
NA
NA
NA
NA
NA
NA
NA
NA
NA
NA
NA
NA
NA
0.265
NA
NA
NA
NA
NA
NA
NA
NA
NA
NA
NA
NA
NA
NA
NA
NA
0
NA
0.663
NA
NA
NA
NA
NA
NA
0.663
NA
NA
NA
NA
NA
NA
NA
NA
NA
NA
0.027
NA
NA
0.663
0.663
NA
NA
NA
NA
NA
NA
NA
NA
NA
NA
NA
NA
NA
NA
NA
0.042
0.384
NA
NA
0.246
NA
NA
NA
NA
NA
NA
NA
NA
NA
0.663
NA
NA
0.279
0.023
0.663
NA
0.06
0.326
NA
NA
NA
0.068
NA
NA
NA
NA
NA
NA
NA
NA
NA
NA
NA
NA
NA
NA
NA
NA
NA
0.252
NA
NA
NA
NA
NA
NA
NA
0.016
0.152
NA
NA
NA
0
0.186
NA
NA
NA
NA
NA
0.26
0.228
0.663
0.175
0.448
NA
0.058
NA
NA
0.212
NA
0.093
NA
0.314
NA
0.133
0.266
NA
NA
NA
NA
NA
NA
NA
NA
NA
NA
NA
NA
0.089
NA
NA
NA
NA
NA
NA
0.169
0.206
0.241
0.313
NA
NA
NA
NA
NA
NA
NA
NA
NA
NA
NA
NA
NA
NA
NA
NA
NA
NA
NA
0.349
NA
NA
NA
NA
NA
NA
NA
NA
NA
NA
NA
NA
NA
NA
NA
NA
0
NA
0
NA
NA
NA
0.663
NA
0.304
NA
NA
NA
NA
NA
NA
0
NA
NA
NA
NA
NA
0.331
0
NA
0
NA
NA
NA
0.325
0.043
0.331
NA
NA
0.24
NA
NA
NA
NA
NA
NA
NA
NA
NA
NA
NA
0.253
NA
NA
NA
NA
0.663
NA
NA
NA
NA
NA
NA
NA
0.663
0.456
0.071
0.244
NA
0.269
NA
NA
NA
NA
NA
NA
NA
NA
NA
NA
NA
NA
0.763
0.663
NA
NA
NA
NA
0.282
NA
NA
0.663
0.288
NA
NA
NA
0
NA
NA
NA
0.663
NA
NA
NA
0.304
0.337
NA
NA
0.271
0.215
NA
0.083
0.106
0.259
0
0.168
NA
NA
NA
NA
NA
NA
0.387
NA
NA
0.663
0.663
NA
NA
NA
NA
0.659
0.71
NA
0
NA
NA
NA
NA
NA
0.299
0.663
0.109
0.136
0.348
0.347
0.272
NA
NA
NA
NA
NA
NA
0.663
0.663
NA
NA
0.294
NA
NA
NA
0.09
NA
NA
NA
NA
0.663
NA
NA
NA
NA
NA
NA
NA
NA
0
NA
NA
NA
NA
NA
0.349
NA
NA
NA
NA
NA
NA
NA
NA
NA
NA
NA
NA
NA
0.663
NA
NA
0.663
NA
0.336
0.381
0.262
0.053
0.663
NA
NA
NA
NA
NA
NA
NA
0
NA
NA
0.042
NA
0.029
NA
NA
0
NA
NA
NA
NA
NA
NA
0.331
0.343
0.276
0
0.663
NA
NA
NA
NA
NA
0.229
0.119
NA
NA
0.331
0.663
0.297
NA
NA
NA
NA
NA
NA
NA
0.04
0.044
NA
NA
NA
0.322
0.308
NA
0.373
NA
NA
NA
0.199
0.555
NA
NA
NA
NA
0.371
0
NA
NA
NA
NA
NA
0.24
0.266
NA
NA
NA
NA
NA
NA
NA
0.228
NA
0.123
NA
NA
0.207
0.325
NA
NA
0.663
NA
0
0
0
NA
0.663
NA
0.168
0.663
NA
0.254
NA
0.213
NA
0.663
0
NA
0.19
NA
0.663
NA
NA
NA
NA
NA
0.663
NA
0.663
NA
NA
NA
NA
NA
NA
NA
NA
0.391
0.193
0.161
0.042
0.026
NA
NA
NA
NA
0.663
NA
NA
NA
NA
NA
NA
NA
NA
NA
NA
NA
NA
NA
NA
NA
NA
NA
NA
0.081
0.07
NA
NA
NA
0.304
0.186
NA
NA
0.038
0.663
NA
0.042
0.287
NA
NA
NA
NA
NA
NA
NA
0
0.229
NA
0.255
NA
NA
0
0.663
NA
0.44
0.342
0.46
NA
NA
0.301
0.18
0.207
NA
NA
NA
0
NA
0
NA
NA
NA
NA
NA
NA
NA
NA
0.663
NA
0
NA
0.223
NA
NA
NA
0
NA
NA
NA
NA
NA
0.663
NA
NA
0
NA
0
0
0.314
NA
NA
NA
NA
0
0.216
NA
NA
NA
0.016
NA
0.061
0.036
NA
NA
0.663
0
0.224
0.204
NA
NA
0
NA
NA
NA
NA
NA
NA
NA
NA
0.337
0.16
NA
0.142
0.663
NA
0.045
NA
NA
0.663
NA
NA
NA
0.663
NA
0
NA
NA
NA
0
NA
NA
NA
NA
NA
0.663
NA
0.663
NA
0
NA
0
NA
NA
NA
NA
0
0
0
NA
NA
NA
0.24
0.273
0.255
0.663
NA
0.315
NA
NA
NA
NA
0.256
0.34
0.663
NA
NA
NA
NA
NA
NA
0.209
NA
0.083
0.663
0.1
NA
NA
0.439
NA
NA
NA
NA
0.663
NA
NA
0
NA
0
0
0
0
NA
0.118
NA
NA
NA
0.331
0.305
NA
NA
NA
NA
0.663
NA
0
NA
NA
NA
NA
NA
NA
NA
NA
NA
NA
NA
NA
0.099
NA
NA
NA
0.663
0.227
NA
0.089
NA
NA
0.404
NA
NA
NA
NA
0.165
0.219
0.454
0.51
NA
NA
NA
NA
NA
NA
0.663
0.663
NA
NA
NA
NA
NA
0.11
NA
NA
NA
NA
NA
NA
NA
NA
NA
NA
0.663
0.184
NA
NA
NA
NA
0.663
0.277
NA
NA
0.318
NA
NA
0.089
0.089
NA
NA
NA
NA
NA
NA
NA
NA
0.663
0.13
NA
0.111
NA
NA
NA
NA
NA
0.663
NA
NA
NA
NA
NA
NA
NA
NA
0.133
NA
NA
0.663
NA
0.475
NA
NA
NA
NA
NA
NA
NA
NA
NA
NA
NA
NA
NA
NA
NA
NA
NA
0.269
0.211
NA
NA
NA
0.225
NA
NA
NA
NA
NA
NA
0.663
NA
0.217
0
NA
NA
0.015
NA
NA
NA
NA
NA
NA
NA
NA
NA
NA
NA
NA
0.662
0.315
NA
NA
0
NA
NA
NA
NA
NA
NA
NA
NA
NA
NA
NA
NA
NA
0.405
0
NA
NA
0.663
NA
NA
0
NA
NA
0.184
NA
NA
NA
NA
NA
NA
0
NA
0.285
0
NA
0.27
NA
0.237
NA
NA
NA
0.189
NA
NA
0.089
0
0.331
NA
NA
0.663
NA
NA
NA
0.074
NA
NA
NA
NA
0.293
0.296
NA
NA
NA
NA
NA
NA
NA
NA
NA
0
NA
0.392
0.663
NA
NA
NA
0.071
NA
NA
NA
NA
NA
0.663
0.258
0.146
0.663
NA
NA
NA
NA
NA
NA
NA
NA
0
0.181
0
0
0
NA
NA
NA
NA
0.663
NA
NA
NA
0
0.115
NA
0.663
NA
NA
NA
NA
NA
NA
NA
NA
0.189
0.242
0.246
NA
NA
NA
NA
NA
0
NA
0.275
NA
0.166
0.169
0.663
0.663
0
NA
0.228
0.322
0.34
NA
NA
NA
NA
NA
NA
0.202
NA
NA
NA
0.249
0.663
0.388
NA
0.186
NA
NA
0.319
0
NA
NA
NA
NA
NA
NA
NA
0.663
0.663
NA
NA
0.227
NA
0.287
NA
NA
NA
NA
NA
NA
NA
NA
0.663
0.663
NA
NA
NA
0.663
0.663
NA
NA
NA
NA
NA
NA
NA
NA
NA
0.663
0.258
NA
0
NA
0.309
0.353
0.391
NA
NA
NA
NA
NA
NA
NA
0.089
0.137
0.1
0.585
NA
0.421
NA
NA
NA
NA
NA
NA
0.059
0.663
0.089
NA
0.255
NA
NA
NA
NA
0.302
NA
NA
NA
NA
NA
NA
NA
NA
NA
NA
NA
0.663
NA
NA
NA
NA
NA
NA
0.221
0.283
NA
NA
NA
NA
NA
NA
NA
NA
NA
0.484
0.331
0.283
NA
NA
NA
NA
NA
NA
NA
NA
NA
0.663
NA
NA
NA
NA
NA
0.155
NA
NA
NA
NA
0
0
0.309
0.2
0.278
NA
NA
NA
NA
NA
NA
NA
NA
NA
NA
NA
NA
NA
NA
NA
0.663
NA
NA
NA
NA
NA
NA
NA
NA
0.295
NA
NA
NA
0.163
NA
NA
NA
0.344
0.258
NA
NA
0.084
NA
0.663
NA
NA
NA
NA
NA
NA
NA
NA
NA
0.3
0
NA
NA
NA
NA
NA
0.295
NA
NA
0.056
NA
NA
NA
NA
0.265
NA
NA
NA
NA
NA
0.296
0.663
NA
NA
NA
NA
0.263
0.663
NA
NA
NA
NA
NA
NA
NA
0
NA
NA
0.371
0.34
NA
NA
0
NA
0.198
NA
NA
NA
NA
0.238
NA
NA
NA
NA
NA
0.282
NA
0.217
0.03
NA
0.663
NA
NA
NA
0.908
NA
NA
NA
0.269
NA
NA
0.663
0.233
0.235
NA
0.118
NA
NA
NA
NA
0.163
NA
0.239
NA
NA
NA
NA
0.32
0.162
NA
0.089
NA
0.358
NA
NA
NA
0.663
NA
NA
NA
NA
NA
NA
NA
NA
NA
0
NA
0.235
NA
0.275
NA
NA
0.663
0.173
NA
NA
NA
NA
0.356
NA
NA
NA
NA
NA
NA
NA
0.598
NA
NA
NA
NA
0.141
NA
NA
NA
NA
NA
NA
NA
NA
NA
0.242
NA
NA
NA
0.365
NA
0.128
0.663
0.258
NA
0.663
0.232
NA
0.663
NA
0.663
NA
NA
0
0.333
0.663
0.663
NA
0.663
NA
NA
NA
NA
0.663
NA
0.241
NA
NA
NA
NA
0.459
NA
NA
NA
NA
NA
NA
0.663
0.663
NA
0.169
NA
NA
NA
0.177
NA
NA
NA
0.311
NA
0.663
NA
0
0
NA
0.663
NA
0
0.663
NA
NA
