0.1
0.1
0.132
0.057
0.114
0.04
0.055
0.195
0.089
0.1
0.075
0.276
0.068
0.41
NA
0.27
0.191
0.231
0.168
0.171
0.534
0.077
0.196
0.243
0.206
0.065
0.241
0.197
0.278
0.209
0.295
0.084
0.107
0.284
NA
NA
NA
NA
0.312
0.073
0.317
0.197
0.269
0.309
0.042
0.079
0.1
0.1
0.1
0.1
0.1
NA
0.1
NA
0.054
NA
0.1
0.172
0.118
0.196
0.166
0.077
0.098
0.1
NA
0.083
0.155
NA
0.1
0.06
NA
NA
NA
NA
NA
NA
NA
NA
NA
0.1
NA
0.1
0.1
0.1
0.1
0.1
NA
0.147
0.041
0.272
NA
0.356
0.1
0.141
0.125
0.185
0.219
0.1
0.1
0.1
0.308
0.505
NA
NA
NA
NA
NA
0.122
NA
0.112
0.398
0.293
NA
0.335
0.335
0.369
0
0.414
0.188
0.057
0.034
0.369
0.57
0.075
0.1
NA
0.476
0.152
NA
0.05
NA
0.1
0.438
0.1
0
0.287
0
0
0
0
0
0
0
0
0.429
0.1
0.759
0.034
0.045
0.189
0.086
0.163
0.1
0.1
0.1
0.1
0.1
0.1
0.1
0.1
0.1
NA
0.1
0.065
0.102
0.086
0.06
0.071
0.12
0.1
0.071
0.062
0.06
0.1
0.168
0.172
0.18
0.115
0.056
0.086
0.443
0.116
0.06
0.089
0.298
0.1
0.122
0.1
0.086
0.035
0.193
0.156
0.45
0.175
0.172
NA
NA
NA
NA
0.188
0.21
0.144
0.235
0.1
0.208
0.075
0.061
NA
0.324
0.324
0.557
0.05
0.018
0.053
0.066
0.127
0.043
0.053
0.1
0.163
0.1
0.056
0.1
0.116
0.066
0.042
0.069
0.265
0.057
0.229
0.063
0.08
0.068
0.26
0.074
NA
0.204
0.042
0.059
0.1
0.235
0.1
NA
NA
0.036
0.217
0.142
NA
0.1
0.1
0.1
0.1
0.1
0.1
0.1
0.1
0.322
0.418
0.316
0.05
0.067
0.1
0.047
0.1
0.1
0.1
0.1
0.1
0.1
0
0.459
0.087
0.063
0.112
0.077
0.213
0.074
NA
NA
0.067
0.169
NA
0.416
0.446
0.46
NA
0.1
0.209
0.057
0.05
NA
0.411
0.049
0.101
0.088
0.121
0.111
0.225
0.104
0.105
0.115
0.322
0.168
0.117
NA
NA
0.182
0.136
0.056
0.1
0.1
0.1
0.1
0.1
NA
NA
0.048
0.065
0.063
0.06
0.075
0.111
0.256
0.323
0.067
0.038
0.057
0.1
0.148
0.211
0.166
0.1
0.136
0.042
0.042
0.042
0.042
NA
0.08
0.044
0.128
0.203
0.1
0.1
0.042
0.149
0.1
0.178
0.147
0.222
0.1
0.1
0.1
0.1
0.572
0.169
NA
0.129
0.187
0.234
0.159
0.108
0.067
NA
0.114
0.11
0.065
0.133
0.1
0.1
0.1
0.09
0.344
0.072
0.1
0.256
NA
0.108
0.1
0.063
0.29
0.1
0.08
0.643
0
0.1
0.121
0.129
0.126
0.143
0.113
0.1
0
0.035
0.315
0.188
NA
NA
0.048
0.231
0.056
0.1
0.061
0.278
0.1
0.1
0.1
0.1
0
0.227
0.272
0.221
0.123
NA
0.056
0.872
0.171
0.342
0.1
0.1
0.06
0.106
0.061
0.1
0.4
NA
0.04
0.057
0.115
0.317
0.121
0.04
0.04
0.035
0.072
0.1
0.544
0.048
0.139
0.15
0.139
0.1
0.075
NA
0.088
0.1
0.1
0.071
0.071
0.068
0.188
0.399
NA
NA
0.067
NA
0.206
NA
0.248
0
0.499
0.158
0.016
0.018
0.238
0.1
0.109
0.071
0.05
0.221
0.05
0.064
0.057
0.294
0.1
0.1
0.09
0.067
0.067
0
NA
0.1
0.1
0.1
0.084
0.1
NA
0.349
0.1
0.1
0.1
0.1
0.1
0.1
0
NA
0.053
0.083
NA
0.353
0.06
NA
0.139
0.305
0.119
0.042
NA
0.1
0.1
0.1
NA
NA
0.071
0.24
0.071
NA
0.358
0.071
0.126
0.1
0.1
0.1
0.055
0.061
0.25
0.218
0.057
0.048
0.188
0.192
0.063
0.1
0.085
0.104
0.048
0.262
0.15
0.17
0.118
0.071
0.369
0.282
0.212
0.169
0.349
0.153
0.287
0.361
NA
0.297
0.25
0.156
0.273
0.135
0.229
0.284
0.342
0.207
0.268
0.287
0.086
0.075
0.065
0.344
0.069
0.061
0.074
0.056
0.16
0.1
0.108
0.266
0.172
0.256
0.157
0.108
0.074
0.104
0.06
0.045
NA
NA
NA
NA
0.048
0.175
0.144
0.158
0.271
0.1
0.1
0.047
0.059
0.043
0.21
0.245
0.262
0.042
NA
0.307
0.412
0.15
0.29
0.072
0.032
0.1
0.1
0.1
0.1
0.1
0.1
0.1
0.1
0.261
0.194
0.197
0.192
0.222
0.086
0.048
NA
0.345
0.263
0.05
0.476
0.431
0.127
0.1
0.049
0.148
0.1
0.1
0.1
0.073
0
0.079
0.516
0.446
0.084
0.438
0
0.063
0.307
0.307
0.055
0.1
0.1
0.224
NA
0.06
0.088
0.075
0.075
0.08
0.064
0.067
0.095
0.064
0.049
0.146
0.084
0.128
0.114
0.1
0.068
0.057
0.113
0.048
0.1
0.125
0.093
0.04
0.609
0.042
0.223
0.121
0.875
0.08
0.069
0.075
0.07
0.065
0.1
0.612
0.111
0.124
0.1
0.114
0.187
0
0.162
0.315
0.05
0.068
0.082
0.1
0.1
0.1
0.075
0.077
0.237
0.127
0.1
0.1
0.252
NA
0.04
0.04
NA
0.063
0.126
0.433
0.264
0.149
0.159
0.159
0.154
0.217
0.043
0.354
0.187
NA
0.435
0.438
0.178
0.096
0.062
0.061
0.124
0.058
0.056
0.109
0.07
0.143
0.137
0.146
0.062
0.034
0.253
0.215
0.234
0.12
0.256
0.265
0.08
0.142
0.132
0.201
0.492
0.276
0.1
0.065
0.17
0.101
0.132
0.068
0.117
0.177
0.131
0.096
0.1
0.196
0.057
0.057
0.057
0.1
0.059
NA
0.757
0.095
0.258
0
0.1
0.1
0.1
0.1
0.1
0.058
0.064
0.046
0.092
0.057
0.1
0.162
0.305
0.251
0.08
0.051
0.1
0.223
0.192
0.1
NA
NA
NA
NA
0.1
0.061
0.51
0.432
0.08
0.314
0.1
0.06
0.1
0.1
0.1
0.1
0.1
0.1
0.1
0.1
0.1
0.1
0.1
0.1
NA
NA
0.1
0.049
0.224
0.043
NA
0.102
NA
0.21
0.084
0.1
0.169
0.1
0.152
0.228
0.632
0.074
0.168
NA
NA
NA
NA
NA
NA
0.633
0.16
0.135
NA
0.167
0.061
0.069
0.1
0.324
0
0.08
NA
NA
0.1
0.1
0.086
0.1
0.1
NA
0.09
0.1
0.064
NA
0.071
0.156
0.048
NA
0.075
0.17
0.118
0.053
0.067
0
0.221
0.146
0
NA
NA
NA
0.198
0.18
0.224
0.237
0.1
0.302
NA
0.203
0.206
0
0.116
NA
NA
0.173
0.135
0.158
0.399
0.374
0.287
0.431
0.156
0.132
NA
0.04
0.29
0.1
0.1
0.1
0.1
0.1
0.1
0
0.1
0.1
0.1
0.06
0.071
0.126
0.165
0.09
0.16
0.103
0.175
0.072
0.063
0.154
0.165
0.048
0.117
0.108
0.299
0.1
0.024
0.1
0.048
0.1
0.056
0.1
0.1
0.1
0
NA
0.1
0.1
0.1
0.1
0.1
0.376
0.198
0.115
0.129
0.145
0.178
0.134
0.438
0.577
0.1
0.542
0.102
0.436
0.093
0.124
NA
0.127
0.068
0.1
0.1
0.1
0.1
0.1
0.1
NA
0.1
0.368
0.166
0.342
0.071
0.075
0.1
0.068
0.06
0.08
0.1
0.1
0.074
0.096
0.1
0.1
0.1
0.1
0.1
0.1
0.1
0.1
0.1
0.1
0.1
0.1
0.1
0.101
0.049
0.125
0.122
0.161
0.137
0.047
0.094
0.038
0.186
0.035
0.163
0.155
0.106
0.18
NA
0.222
NA
0.088
0.021
0.061
0.218
0.088
NA
0.141
0.106
0.543
NA
0.1
0.1
0.1
0.1
NA
0.1
0.1
NA
NA
0.06
0.468
0.1
NA
0.418
0.047
0.52
0.04
0.11
0.049
0.049
0.052
0
NA
0.417
NA
0.385
0.504
0.1
0.448
0.077
0.077
0.063
0.103
0.071
0.428
0.052
0.232
0.225
NA
0
0.056
0.075
0.078
0.071
0.071
0.056
0.047
0.1
0.47
0.093
NA
0.1
0.133
0.393
0.1
0.085
0.1
NA
0.166
0.119
0.058
0.107
0.165
0.142
0.1
NA
0.27
0
0.092
0.041
0.124
0.154
NA
0.055
NA
0.1
0.048
0.1
0.126
0.106
0.041
0.068
0.034
0.326
0.07
0.067
0.125
0.089
0.17
0.063
0.08
0.08
0.1
0.184
0.275
NA
NA
NA
NA
0.1
0.1
0.1
0.1
0.06
0.214
0.161
0.094
0.169
0.096
0.045
0.049
0.104
0.066
0.1
0.05
0.127
0.1
0.1
0.1
0.393
0.127
0.389
0.064
0.1
0.08
NA
0.075
0.05
0.055
0.086
NA
0.1
0.144
0
0.1
0.088
0.057
0.171
0.178
0.1
0.237
0.222
0.214
NA
0.693
NA
NA
NA
NA
NA
NA
NA
NA
0.222
0.042
0.222
0.111
0.106
0.111
0.111
0.222
NA
0.214
NA
0.074
0.068
0.1
0.03
0.063
0.049
0.055
0.132
0.142
0.1
0.101
0.222
0.1
0.1
0.1
0.416
0.131
0.139
0.101
0.158
0.14
0.073
0.05
0.027
0.068
0.107
0.29
0.29
0.321
NA
NA
NA
NA
0.12
0.132
0.132
NA
NA
0.165
0.26
0.08
0.06
NA
NA
0.295
0.295
0.042
0.144
0.1
0.1
0.1
0.04
0.852
0.1
0.1
0.1
0.1
NA
0.1
NA
0.1
0.1
0.086
0.106
0.071
0.054
0.66
NA
0.1
0.1
0.1
NA
0.412
0.127
0.048
NA
0.074
0.064
0.063
0.063
0.042
0.042
0.505
0.062
NA
0.14
0.076
NA
0.559
0.68
0.028
0
0.042
0.1
0.316
0.568
0.682
0.559
0.652
NA
0.424
0.387
NA
NA
0.4
0.075
0.086
0
NA
NA
0.064
NA
NA
0.1
0.1
0.069
0.1
0.526
0.1
0.128
0.042
0.147
0.077
0.124
0.1
0.067
0.077
NA
0.089
0.075
0.345
0.509
0.145
0.508
0.068
0.122
NA
0.065
NA
NA
0.308
0.141
0.214
0.108
0.279
0.462
0.131
0.185
0.108
0.28
0
0
0
0
0.414
0
0.702
0.097
0.314
0.075
0.134
0.064
0.377
0.068
0.062
0.075
0
0
0
NA
NA
0.362
0.674
NA
0
0
0
NA
0.1
0.1
0.276
0.233
0.054
NA
NA
0.06
0.229
0.238
0.107
0.063
0.115
NA
NA
NA
NA
NA
NA
NA
0.06
0.1
0.158
0.721
0.649
0.299
0.075
0.59
0.349
0.1
0.061
0.07
0.049
0.349
0.074
0.202
NA
NA
NA
NA
NA
NA
0.764
NA
0.1
0.1
0.1
0.1
0.835
0
0.1
0.1
0.1
0.1
0.815
0.057
0.06
NA
NA
NA
0.042
0.1
0.1
0.1
0.1
0
0.1
0.1
0.1
0.788
0.032
0.088
0.086
0.042
0.042
0.195
0.1
NA
NA
NA
NA
NA
0.1
0.1
0
NA
NA
NA
NA
NA
0
0
0.1
0.224
0.1
0.264
NA
0.192
0
0.37
0.086
0.348
0.531
0.076
0.048
0.207
0.294
0.16
0.088
0.525
0.165
0.096
0.088
0.05
0.215
0.085
0.047
0.062
0.209
0.24
0.12
0.258
0.1
0.174
NA
0.28
0.151
0.162
0.13
0.1
0.341
0.262
0.34
0.066
0.242
0.297
0.251
NA
0.112
0.22
0.164
0.147
0.157
0.17
0.157
0.131
0.099
0.1
0.05
0.399
0.239
0.1
0.156
0.12
0.225
0.058
0.246
0.184
0.05
NA
0.408
0.1
0.077
0.083
0.124
0.131
0.119
0.112
0.075
0.1
0.1
0.042
0.042
NA
0.182
0.05
0.098
0.159
0.1
0.083
0.203
0.1
0.146
0.08
0.077
0.142
0.081
NA
0.057
0.167
0.114
0.084
0.154
0.138
NA
0.049
0.1
0.073
0.074
0.074
0.06
0.1
0.1
0.1
0.1
NA
0.1
0.1
0.1
0.1
NA
NA
0.1
0.1
0.1
0.1
0.042
0.1
0.1
0.1
0.042
0.1
0.1
0.1
0.611
0.306
0.1
0.1
0.101
0.287
0.1
0.084
0.294
NA
NA
NA
NA
0.339
0.034
0.061
0.34
0.354
0.035
0.1
0.1
0.1
0.1
0.1
0.1
0.1
0.1
0.179
0.207
0.373
0.1
0.093
0.403
0.159
0.163
0.11
0.161
0.182
0.08
0.083
0.249
0.412
0.035
0.087
0.141
0.057
0.109
0.05
0.032
0.125
0.118
0.096
0.092
0.143
0.037
0.099
0.078
0.089
0.043
0.105
0.06
0.261
0
0.053
0.043
0.1
0.171
0.307
0.254
0.267
0.124
0.045
0.055
0.043
0.047
NA
0.485
0.162
0.637
0.075
0.05
0.1
0.1
0.563
0.318
0.038
0.936
0.056
0.398
0.103
0.042
0.3
0.108
0.078
0.247
0.1
NA
0.06
0.088
0.081
0.04
0.06
0
0.203
0.06
0.068
0.068
0.075
0.049
0.081
0.078
0.022
0.068
0.043
NA
0.298
0.063
0.074
0.11
0.067
0.057
0.079
0.04
0.03
0.061
0.245
0.455
0.057
0.086
0.062
0.076
0.071
0.093
0.074
0.035
NA
0.083
0
0.086
0.129
0.096
0.148
0.118
0.118
0.054
0.088
0
0.091
0.05
NA
0.077
0.065
0.091
0.057
0.051
0.063
0.058
0.055
0.083
0.067
0.068
0.066
0.067
0.1
NA
0.099
0.12
0.1
0.118
0.083
0.067
0
0.068
0
0.068
0.075
0.091
0.103
NA
0.08
0.083
0.083
0.118
0.073
0.086
0.068
0.063
0.068
0.129
0.057
0.074
0.08
0.086
0.108
0.063
0.075
0
0.1
0.061
0.071
0.075
0.075
NA
0.078
0.067
0.1
0
0
0.078
0.06
0.087
0.1
0.076
0.074
0
0.074
NA
NA
NA
NA
0.042
NA
0.042
0
0.042
0.1
0.1
0.433
0.1
NA
NA
0.344
0.295
0.054
0.1
0.1
0.1
0.1
0.536
0.05
0.445
0.044
0.1
0.247
0.278
0.237
0.153
NA
0.278
0.077
0.055
0.1
NA
0.435
0.274
0.237
0.06
0.166
0.068
0.107
0.245
0.157
0.175
0.231
NA
0.1
0.1
NA
0.1
0.1
0.774
0.331
NA
0.1
0.109
0.308
0.08
0.152
NA
0.1
0.095
0.139
0.15
0.253
0.275
0.148
0.171
0.189
0.149
0.17
0.126
0.098
0.119
0.19
NA
0.325
0.1
0.1
0.1
0.1
0.466
0.075
0.146
NA
NA
0.062
0.261
0.056
0.067
0.056
0.1
0.1
0.1
0.1
NA
NA
0.1
0
0.041
0.104
0.054
0.054
0
0.068
0.057
NA
0.054
0.05
0.092
0.204
0.032
0.042
NA
0.23
0.192
0.243
0.245
0.156
0.191
0.067
0.067
0.936
0.936
0.068
0.157
0.143
0.1
0.158
0.104
0.53
0.645
0.233
0.213
0.151
0.05
0.163
0.054
0.049
0.057
0.024
0.204
0.224
0.243
0.025
0.724
NA
0.65
0.025
0.162
0.164
0.1
0.1
0.1
0.1
0.1
0.1
0.1
0.1
0.1
0.1
0.1
NA
0.1
0.216
0.151
0.082
0.1
0.1
0.082
0.115
0.212
0.212
0.194
0.05
NA
0.739
NA
0.447
0.187
0.1
0.434
0.1
0.216
NA
0.401
0.139
0.276
0.06
0.152
0.06
0.1
0.06
0.577
0.1
0.157
0.208
0.042
0.1
0.042
0.042
0
0.042
0.042
0.344
0.075
0.76
NA
0.109
0.201
0.478
0.071
0.251
0.077
0.281
0.1
0.1
0.053
0.064
0.081
0.156
0.24
0.275
0.076
0.077
0.05
0.1
0.1
0.1
0.2
0.307
0.389
0.119
0.064
0.239
0.127
0.04
NA
0.556
0.133
0.06
0.1
0.209
0.2
0.1
0.1
0.668
NA
NA
NA
0.87
0.121
0.08
0.068
0.55
0.123
0.872
0.154
0.187
0.175
0.164
0.1
NA
0.567
0.34
0.153
0.101
0
0.065
0.064
0.059
0.062
0
0.028
0.1
0.071
0.193
0.249
NA
0.1
NA
NA
0.145
0.218
NA
0.27
0.532
0.323
0.21
NA
0.05
0.049
0.048
0.06
0.1
0.06
0.083
0.092
0.101
0.165
0
0.127
0.08
0.1
NA
0.124
0
0.055
0.054
0.057
0.067
0.184
0.156
0
0.1
0.254
0.365
0.654
0.197
0.196
0
0
0
0.078
0.076
0.08
0.037
0.035
0.1
0.071
0.075
0
0.086
0.034
0.086
0.1
0.229
0.086
0.133
0.21
0.1
0.185
0.097
0.1
0.11
0.126
0.289
0.224
0.1
0.186
0.047
0.1
0.595
0.08
0.287
0.36
0.192
0.25
0.295
0.306
0.1
0.187
0.173
0.1
0.058
0.068
0.049
0.165
0.197
0.29
0.228
0.055
0.1
0.1
0.15
0.111
0.187
0.213
0.1
0.228
0.097
0.186
0.1
0.119
0
0
0.1
0.1
0.08
0.05
0.068
0.063
0.071
0.083
0.1
0.74
0.597
0.124
0.461
0.122
0.138
0.199
0.202
0.108
NA
0.118
0.154
0.158
0.216
NA
NA
0.067
0.057
0.063
0.1
0.1
0.243
0.082
0.1
0.1
0.1
0.1
0.1
0.1
0.1
0.1
0.1
NA
0.086
0.086
0.1
0.17
0.071
0.068
0.336
0.083
0.1
0.1
0
0.234
0.068
0.083
0.066
0.06
0.1
0.1
0.1
0.1
0.1
0.049
0.1
0.26
0.068
0.025
0.08
0.1
0.068
0.086
NA
0.1
0.049
0.065
0.631
0
0.468
0.333
0.233
0.1
0.1
0.1
0.1
0.1
0.1
0.535
0.189
0.134
0
NA
0.11
NA
0.11
0.103
0.093
0
0.131
0.127
0.134
0.131
0.49
0.079
0.096
0.298
0.1
0.075
0.071
0.089
0.175
0.37
0.276
0.169
0.198
0.157
0.103
0.165
0.07
0.161
0.142
0.083
0.069
0.1
0.171
0.369
0.081
0.16
0.1
0.1
0.062
0.154
0.078
0.08
0.088
0.088
0.1
0.125
0.173
0.09
0.163
0.091
0.446
0.087
0.1
0.1
0.073
0.1
0.212
0.122
0.094
0.489
0.247
0.187
0.222
0.285
0.296
0.201
0.1
0.207
0.254
0.133
0.213
0.133
0.1
0.28
0.112
0.053
NA
0.1
0.057
0.089
0.035
0.249
0.176
0.069
0.675
0.08
0.067
0.195
0.06
0.095
0.128
0.083
0.1
0.027
0.078
0.176
0.139
0.063
0.129
0.055
0.06
0.137
0.1
0.079
0
0.1
0.06
0.06
0.065
0.06
0.078
0.273
0.284
0.237
0.279
0.176
0.062
0.222
0.244
0.257
0.362
0.227
0.075
0.136
0.06
0.122
0.128
0.068
NA
NA
NA
0.1
0.224
NA
NA
0.1
NA
0.08
0.067
0.08
0.05
0.29
0.1
0.1
0
NA
0.292
0.501
0.1
0.1
0.1
0
0.1
0.1
0.395
0.178
0.174
0.395
0.075
0.06
0
0.152
0.1
0.075
0.178
0.739
0.38
0.716
0.539
NA
0
0.1
0.1
0.505
0.1
0.055
0.06
0.167
0.163
0.204
0.055
0.097
0.505
0.221
0.047
0.058
0.268
NA
0.058
0.096
NA
0.207
0.058
0.263
0.258
0.129
0.203
0.1
0.143
0.196
0.238
0.215
0.152
0.098
0.135
0.056
0.153
0.166
0.138
0.1
0.1
0.1
0.1
0.1
NA
NA
NA
NA
NA
0.114
0.251
0.171
0.179
0.627
0.248
0.23
0.156
0.17
0.246
0.206
0.105
0.252
0.122
0.148
0.078
0.035
0.1
0.1
0.1
NA
0.1
0.1
0.1
0.082
NA
NA
NA
NA
NA
NA
NA
NA
0.149
0.09
0.184
0.141
NA
0.055
0.406
0.103
0.136
0.545
0.197
0.286
0
0
0.276
0
0
0
0
0
0.276
0.366
0.62
0.067
0.1
0.899
0.899
0.1
0.1
0.087
NA
0.117
0.065
0.05
0.056
0.678
0.067
0.444
0.062
0.414
0.05
0.043
0.05
0.088
0.699
0.037
0
0
0.071
0.06
0.08
0.056
0.043
NA
0.1
0.483
0.1
0.057
0.06
0.1
0.078
NA
0.235
0.667
0.133
NA
0.463
0.1
0.293
0.212
0.613
0.744
0.123
0.65
0.167
0.211
0.084
NA
0.121
0.074
0.055
0.055
0.078
0.064
0.1
0.069
0.175
0.167
0.05
0.713
0.1
0.167
0.167
0.16
0.187
0.057
0.651
0.602
0.057
0.1
0.1
0.16
0.1
0.652
0.1
0.032
0.021
0.151
0.676
0.067
0.057
0.404
0.1
0.748
0
0.631
0.522
0.587
0.322
0.1
0
0.55
0.55
0
0
0.1
0.1
0.1
0
0
NA
NA
NA
0.1
0.208
0.1
0.22
0.135
0.139
0.13
0.574
0.1
0.1
0.1
0.09
0.12
0.086
0.524
0.161
0.365
0.525
0.105
0.332
0.374
0.06
0.533
0.154
NA
NA
NA
NA
NA
0.124
0.1
0.1
0
0.324
0
0.324
0.1
0.1
0.054
0.15
0.06
0.3
0
0.058
0.071
0.072
0.063
0.068
0.239
0.348
0.292
0.142
0.142
0.147
NA
0.619
0.082
0.101
0.11
0.08
0.184
0.089
0.1
0.224
0.399
0.123
0.135
0.148
0.056
0.1
0.051
0.137
0.156
0.159
0.459
0.281
0.083
0.326
NA
0.118
0.102
0.251
0.142
0.141
0.335
0.299
0.053
0.15
0.046
0.108
0.171
0.129
0.079
0.053
0.133
0.163
0.254
0.1
0.083
0.535
0.343
0.083
0.1
0.067
0.609
0.291
0
0.065
0.068
0.179
0.071
0.224
0.131
0.162
0.08
0.053
0.211
0.309
0.204
0.309
0.071
0.086
0.06
0.075
0.164
NA
NA
NA
NA
NA
NA
NA
0.107
NA
0.163
0.271
0.1
0.072
0.175
0.171
0.123
0.159
0.075
NA
0.351
0.1
0.121
0.1
0.488
0.123
0.057
0.282
0.075
0.265
0.154
0.115
0.24
0.313
0.573
0.182
0.225
0.1
0
0.1
0.1
0.08
0.05
0.107
0.154
0.122
0
0.042
0.1
0.1
0.1
0.211
0.309
0.936
0.1
0.506
0.792
0.08
0.097
NA
0.03
0.123
0.1
0.525
0.936
0.068
0.1
0.075
0.044
0.316
0.228
0.057
0
0.05
0.044
0.181
0.521
0.277
0.287
0.092
0.127
0.209
0.071
0.143
0.094
0.057
NA
0.053
0.23
0.063
0.283
0.1
0
0
0.232
0.559
0
0.243
0.305
0.118
NA
0.1
0.122
0.1
0.142
0.146
0.057
0.05
0.05
0.181
0.459
0.336
0.459
0.194
0.17
0.143
0.064
0.094
0.057
0.075
0.1
0.129
0.413
0.305
0.192
0.272
0.235
0.249
0.298
NA
0.473
0.236
0.129
0.276
0.043
0.043
0.189
0.226
0.285
0.324
0.143
0.1
0.185
0.374
0.178
0.1
0.068
0.1
0.027
0.456
0.478
0.1
0.071
0.39
NA
0.071
0.083
0.159
0.16
0.362
0.133
0.138
0.384
0.462
0.334
0.668
0.605
0.08
0.04
0.507
0.394
0.668
0
0.148
0.094
0.194
0.032
0.042
0.021
0.024
0.394
0.048
0.521
0.77
0.375
0.049
0.486
0.071
0.687
0.687
0
0.712
0
0.05
0.1
0.033
0.057
0.067
0.06
0.043
0.539
NA
0.043
0.106
NA
0.644
0.075
0.492
0.574
0.581
0.048
0.083
NA
0.09
0.054
0.068
0.08
0.12
0.108
0.18
0.138
0.487
0.098
0.219
0.196
0.025
0.128
0.179
0.604
NA
0.091
0.291
0.279
0.1
0.515
0.044
0.1
0.447
0.062
0.083
0.1
0.1
0
0.1
0.174
0.266
0.147
0.115
0.193
0.38
0.053
0.097
0.097
0.196
0.054
0.074
0.359
0.316
0.1
0.509
0.1
0.069
NA
0.068
0.068
0.066
0.059
0.088
0.153
0.083
0.384
0.324
0.26
0.1
0
0.13
0.109
0.178
0.07
0.055
0.1
0.176
0.133
0.459
0.1
0.095
0.094
0.091
0
0.155
0.111
0.1
0.061
0.1
0.1
NA
NA
0.204
0.414
0.128
0.057
0.204
0.077
0.156
0.114
0.139
0.058
0.067
0.057
0.1
0.1
0
0.259
0.087
0.1
NA
0.1
0.1
0.291
0.291
0.1
0.1
0.291
NA
0.183
0.078
0.068
0.043
0.062
0.1
NA
0.079
0.048
0.351
0.309
NA
0.1
NA
NA
NA
NA
NA
NA
NA
0
0.254
0.133
NA
NA
0.054
0.051
0.108
0.05
0.1
0.1
0
0
0
0.1
NA
0
0
0
0
NA
NA
NA
0.113
0.432
0.214
0.16
0.07
0.126
0.1
0.198
NA
0.1
0.1
0.061
0.057
0.063
0.061
0.1
0.388
0.511
NA
NA
0.085
0.523
0.042
0.47
0.1
0.1
0.1
0.1
0.1
0.1
0.1
0.1
0.239
0.083
0.089
0.075
0.1
0.188
0.142
NA
0.643
0.238
NA
NA
0
0.082
0.1
0.1
0.1
NA
NA
NA
NA
NA
NA
NA
NA
NA
NA
NA
0
0.484
NA
NA
0.09
0.164
0.188
NA
0.479
0.06
0.055
0.1
0.1
0.062
0.362
0.127
0.241
0.071
0.1
0.241
0.091
0.292
0.079
0.083
0.057
0.067
0.249
0.067
0.055
0.068
NA
0.1
0.042
0.121
0.288
0.381
0.027
0.233
0.109
NA
0.067
0.162
0.1
0.081
0.069
0.069
0.1
0.1
0.1
0.1
NA
NA
0.042
0.1
0.1
0.1
0.1
0.1
0
0.1
0.1
0.1
0.598
0.189
0.135
0.077
0.075
NA
0.29
0.347
0.239
0.281
NA
0.46
0.124
NA
0.385
0.1
0.317
0.571
NA
0.212
0.189
0.109
0.254
0.145
0.115
NA
NA
0.1
0.1
0.074
0.112
0.109
0.309
0.457
0.246
0.244
0.127
NA
0.228
0.107
0.05
0.262
0.304
0.1
NA
0.1
0.243
0.06
0.1
0.1
0.1
0.1
0.1
0.1
0.1
0.042
0
0.1
0.1
NA
0.062
0.37
0
0.461
0.212
0.119
0.016
0.053
0.116
0.07
NA
0.092
0
0.1
0.247
NA
0.252
NA
0.249
0.515
0.363
0.429
0.205
0.1
NA
0.133
0.093
0.135
0.13
0.063
0.089
0.091
0.1
0.121
0.1
0.07
0.134
0.069
0.063
0.096
0.339
0.065
0.202
0.1
0.111
0.138
0.245
0.262
0.246
0.1
0.163
0.1
0.235
NA
0.287
0.26
0.252
0.351
0.13
0.555
0.367
0.349
0.273
0.104
NA
0.065
0.115
0.104
0.069
0
0.068
0.122
0.164
NA
0.1
0.1
0.102
0.123
0.119
0.065
0.114
0.241
0.274
0.115
0.283
0.116
0.125
0.068
0.073
0.088
0.117
NA
0.068
0.137
0.134
0.121
0.096
0.128
0.089
NA
0.223
NA
0.242
0.086
0.092
0.32
0.313
0.063
0.14
0.234
0.219
0.178
0.1
0.243
0.191
0.26
0.256
0.1
0.272
0.104
0.316
0.345
0.258
0.15
0.441
0.516
0.344
0.109
0.124
0.24
0.186
NA
NA
0.181
0.099
0.142
0.1
0.118
0.244
0.245
0.11
0.102
0.197
0.136
0.19
0.144
0.216
0.188
0.067
0.1
0.067
0.108
0.232
0.124
0.203
0.1
NA
0.1
0.119
0.167
0.252
0.067
0.121
0.09
0.103
0.112
0.057
0.174
NA
0.279
0.282
0.272
0.242
0.265
0.24
0.11
0.249
NA
0.066
0.258
0.318
0.272
0.467
0.117
0.321
0.211
0.11
NA
0.1
0.057
NA
0.157
0.315
0.119
0.107
0.199
0.233
0.161
0.1
0.11
0.095
NA
0.057
0.1
0.15
0.079
0.228
0.082
0.148
0.151
0.157
0.042
0.28
0.167
NA
0.1
0
0.092
0.099
0.075
0.055
0.055
0.05
0.028
0.126
NA
0.404
0.147
NA
0.1
0.478
0.601
0.193
0.074
0.3
0.302
0.074
0.303
0.109
NA
NA
NA
NA
NA
NA
NA
NA
NA
NA
NA
0.546
0.118
0.154
NA
0.1
0.1
0.1
0.1
0.1
0.1
0.1
0.1
0.1
0.1
0.1
0.1
0.1
0.1
0.1
0.1
0.1
0.1
0
NA
0.1
0.1
NA
0.1
NA
NA
NA
0.835
0.704
0.2
0.249
0.169
0.1
0.061
0.061
0.021
0.349
0.349
0.349
0.323
0.051
0.154
NA
0.154
0.173
0.176
0.429
0.065
0.195
0.1
0.1
0.1
0.1
0.1
0.1
NA
NA
0.1
0.087
0
0.1
0.1
0.1
0.1
0.1
NA
0.086
0.065
0
0.545
0.111
0.068
0.258
0.366
0.1
0.068
0.1
0.1
0.1
0.1
0.061
0.1
0.38
0.277
0.1
0.1
0.1
0.1
0.1
0.359
0.068
0.1
0.1
0.1
0.1
0.1
0.1
0
0.1
0.1
0.1
0.1
0.1
0.1
0.1
0.1
0.1
0.1
0.1
0.1
0.1
NA
0.1
0.1
NA
0.1
0
0.05
0
0.1
0.1
NA
0.835
0.154
0.249
0.249
0.608
0.098
0.061
0.117
0.117
0.535
0.104
0.141
0.1
0.141
0.095
0.154
0.208
0.1
0.243
0.188
0.088
0.057
0.063
0.068
0.168
0.118
0.163
0.123
0.138
0.116
0.686
0.488
0.133
NA
0.484
0.313
0.068
0.339
0.332
0.414
0.331
NA
0.1
0.1
NA
0.1
NA
NA
NA
0.1
0.042
0.296
0.058
0.386
0.17
0.067
NA
0.054
NA
0.058
0.1
0.114
0.463
0.239
0.229
0.119
0.219
0.116
0.166
0.153
0.1
0.1
NA
0.1
0.053
0.036
0.1
0.1
0.1
0.1
0.1
0.1
0.1
0.1
0.1
0.1
0.1
0.1
0.1
0.1
0.1
0.1
0.1
0.1
0.1
0.1
0
0.1
0.08
0.071
0.387
0.141
0.153
0.082
0.157
0.1
0.099
0.136
NA
NA
0.1
NA
0.1
0.1
0.1
0.133
0.221
0
0
0.419
0.083
0.075
0.057
0.583
0.122
0.182
0.1
0.253
NA
0.126
0.502
0
0.124
0.458
NA
0.061
0.061
0.086
0.061
0.05
0.571
0.094
0.238
0.1
0.1
0.1
0.1
0.1
0.541
0
0
0
0
0
0.103
NA
0.1
0.017
0.042
0.077
0.136
0.116
0.067
0.1
0
0.017
0.021
0.042
0.264
0.077
0.075
NA
NA
NA
NA
NA
NA
NA
NA
NA
NA
NA
NA
NA
0.257
0.161
0
0.055
0.177
0.482
0.028
0.1
0.1
0.1
0.1
0.1
0.1
0.1
0.1
0.1
0
0.1
NA
0.1
0.1
0.1
0.1
0.228
0.455
NA
0.1
0.1
0.55
0.085
NA
0.162
0.54
0.1
0.05
0.323
NA
0
0
0.275
0.103
0.037
0.465
0.1
0.476
0.149
0.409
0.234
0.1
0.168
0.042
0.1
0.517
0.217
NA
0.424
NA
0.08
0.06
0.448
0.107
0.197
0.199
0.274
0.132
0.197
0.309
0.912
0.129
0.055
0.086
0.061
0.061
0.079
0.289
0.057
0
0.097
0.055
0.102
0.084
0.047
0.088
0.055
0.075
NA
0.124
0.136
0.136
0.079
0.231
0.05
0.083
0.1
NA
0
0.1
0.1
0.637
0.623
0.1
0.1
0.1
0.1
0.1
0.1
0.1
0.277
0.24
0.282
0.265
0.048
NA
0.1
0.066
0.048
0.074
0.172
0.092
0.358
0.057
0.067
0.04
0.1
0.049
0.125
0.034
0.376
0.109
0.547
0.062
0.454
0.1
0.1
0.1
0.1
0.1
0.1
0.1
0.46
0.322
0.418
0.102
NA
0.065
0.07
0.146
0.083
0.135
0.071
0.12
0.136
NA
NA
0.583
0.083
0
NA
0.1
0.089
0.135
0.1
0.073
0.1
0.057
0.336
0.012
0.16
0.195
0.075
0.192
0.08
0.285
0.291
0.1
0.1
0.319
0.315
0.103
0.1
0.347
0.347
0.173
0.073
NA
NA
NA
NA
NA
NA
NA
NA
NA
NA
NA
0.422
0
0.154
0
0.8
0.154
0
0.07
0.253
0.056
0.06
0.145
0.064
0.122
0.493
0.298
0.139
0.117
0.103
0.116
0.171
0.127
0.067
NA
0.111
0
0.192
0.1
0
0.131
0.115
0.136
0.659
0.124
0.124
0.108
0.174
NA
NA
NA
NA
NA
NA
NA
NA
NA
NA
0.1
0.1
0.1
0.1
0.1
0.1
0.1
0.1
0.1
0.1
NA
0.1
0.1
0.1
0.1
0.1
NA
0.335
0.1
0.068
0.278
0.419
0.136
0.014
0.127
0.036
0.056
0.05
0.067
0.057
0.127
0.356
0.05
0.354
0.049
0.05
0.1
NA
0.239
0.324
0.457
0.106
0.131
0.064
0.1
0.1
0.1
0.1
0.1
0.1
NA
0.1
0.1
0.1
0.1
0.124
0.055
0.225
0.075
0.149
0.163
0.077
0.253
NA
0.048
0.31
NA
0.377
0.365
NA
0.196
0.366
0.155
0.05
0.1
0.292
0.294
0.053
0.425
0.309
0.1
0.371
0.303
0.295
NA
0.12
0.053
0.05
0.117
0.117
0.1
0.389
0.324
0.054
0.063
0.044
0.122
0.1
0.1
0.1
0.057
0.212
0.164
0.055
0.123
0.175
0.13
0.329
0.151
0.241
0.199
NA
0.594
0.06
0.127
0.067
0.06
NA
0.112
0.242
0.124
0.071
0.086
0.664
0.1
0.043
NA
NA
NA
NA
NA
NA
0.154
0
NA
0.246
0
0.154
NA
0.1
0.044
0.08
0.141
0.206
0.206
0.044
0.081
0.265
0.29
0
0.1
0.154
0.137
0.16
0.412
0.055
0.042
0.063
0.054
0.163
0.093
0.117
0.109
0.304
0
0.462
0
0.397
0.03
0.317
0.07
0.32
0.254
0.152
0.095
0.117
0.068
0.052
0.2
0.033
0.249
0.1
0.249
0.067
0.367
0.076
0.075
0.187
0.027
0.032
0.111
0.54
0.042
0.708
0.042
0.672
NA
NA
0.309
0.455
0.362
0.083
0.098
0.041
0.406
NA
0
0.118
0.461
0
0.384
0.086
0.083
0.175
0.078
0.777
0.099
0.05
0.173
0.078
0.115
0.062
0.074
0.263
0.077
0.1
0.13
0.219
0
0.1
0.1
0.1
0.1
0.1
0.1
0.1
0.1
0.1
NA
0.295
0.295
0.191
1
0.06
0
0.403
0.466
0.1
NA
0.563
0.138
0.05
0.132
0.103
0.123
0.163
0.146
0.131
0.141
0.137
0.161
0.057
0.077
NA
0.146
0.587
0.057
0.054
0.137
0.128
0.134
0.132
0.438
0.044
0.1
NA
0.1
0.071
0.08
0.18
0
0.198
0.133
0.021
0.038
0.657
0.101
0.1
0
0
0
0.278
0
0.136
0.491
0.239
0.047
0.1
0.065
0.207
0.22
NA
NA
0.049
0.149
0.544
0.154
0.13
NA
0.04
0.584
0
0
0
0.154
0.1
NA
0.936
0.461
0.147
0
NA
0.1
0.164
0.267
0.09
0.485
0.573
0
0
0.068
0.1
0.087
0.087
0.05
0.048
0.218
0.254
0.044
0.423
0.153
NA
0.11
0.11
0.219
0.045
0.167
0.1
NA
0.45
0.043
0.1
0.165
0.1
0.1
0.1
0.1
0.1
NA
NA
NA
NA
NA
NA
0.077
0.165
0.428
0.17
0.067
0.063
0.054
0.048
0.294
0.261
0.057
0.1
0.1
0.1
0.1
0.1
NA
NA
NA
NA
NA
NA
NA
NA
0.057
NA
0.1
0.1
0.345
0.075
0.1
0.1
0.114
0.086
0
0.153
0.058
0.075
0.071
0.147
NA
0.065
0.126
0.208
0.1
NA
0
0
0.449
0.225
0.194
0.134
NA
NA
NA
0.1
0.091
0.324
0.1
0.1
NA
0.176
0.253
0
0.05
0.067
0.042
0.084
0.025
0.042
0
0.079
0.259
0.027
NA
0
0.042
NA
0.025
NA
NA
0.209
0.1
0.231
0.1
0.1
0.1
0.311
0.198
0.198
NA
NA
0.1
NA
0.195
0.11
0.083
0.069
0.1
0.056
0.186
0.064
0.1
0.653
0.052
0.052
0.042
0.093
NA
0.546
NA
0
0.087
0
0
0
0.1
0.183
0.1
0.253
0.211
0.046
0.423
0.694
0.177
0.132
0.153
0.134
0.116
0.109
0.145
0.1
0.071
0.129
0.1
0.1
0.1
0.1
0.1
0.1
0.1
0.1
0.1
0.1
0.071
NA
0.063
0.135
0.812
0.193
0.35
0.155
0.219
0.067
0.1
0.049
0.1
0.12
0.108
0
0
0.429
NA
0.1
0.261
0.08
0.075
0.668
0.223
0.177
NA
0.1
0.042
NA
0.065
0.108
0.042
NA
NA
NA
NA
NA
0.362
0.054
0.051
0.12
0.108
0.1
0.038
NA
0.132
0.359
0.121
0.167
0.068
0.068
0.1
0.1
0.1
0.152
0.413
0.139
NA
0.224
0.224
0.075
NA
0.111
0.068
0.178
0.133
0.049
0.048
0.059
0.055
0.183
0.1
0.1
0.744
0.033
0.603
0.1
0.352
0.116
0.518
0.199
0.1
0.032
0.038
0.407
0.579
0
0
0.1
0.06
0.074
0.057
0.172
NA
NA
0.154
0.064
0.257
0.057
0
NA
NA
NA
0.068
0.075
0.272
0.071
0.107
0.1
NA
0.1
0.1
0.042
NA
0.1
0.093
0.165
0.087
0.216
0.08
0.547
0.311
0.24
0.253
0.107
0.239
0.645
0.549
0.185
0.1
0.142
0.185
0.146
0.057
0.108
0.158
0.518
0.116
0.1
0.055
0.1
0.114
0.396
0.075
0.154
0.08
0.11
0.129
0.05
0.13
0.064
NA
0
0.219
0.056
0.165
0.055
0.1
0.113
0.258
0.067
0.187
0.631
0.182
0.209
0.15
0.231
0.132
0.266
0.1
0.108
0.051
0.156
0.133
0.852
0.852
0.345
0.05
0.852
NA
0.07
0.476
0
0.06
0.154
0.276
0.365
0.1
0.154
0.154
0.509
NA
NA
0.221
0.05
NA
0.043
0.219
0.172
0.137
0.26
0.132
0.56
0.258
0.321
0.291
0.222
0.236
0.259
0.227
0.302
0.302
0.252
0.28
0.142
0.1
0.034
0.236
0.081
NA
0.129
0.199
0.12
0.244
0.169
0.115
0.271
0.274
0.1
0.328
0.178
0.295
0.295
0.32
0.042
0.097
0.1
0.1
0.1
0.1
0.1
0.1
0.1
0.1
0.1
0.1
0.1
0.1
0.202
0.1
0.48
0.173
0.057
NA
0.204
0.211
0.14
0.172
NA
NA
0.295
NA
NA
NA
0.704
0.365
0.097
0.1
0.369
0.084
0.169
0.1
0.1
0.1
0.1
0.162
0.082
0.444
0.181
0.158
0.194
0.061
0.1
NA
0.141
0.1
0.359
0.1
0.1
0.083
0.1
0.08
NA
0.1
0.081
0.137
0.22
NA
0.135
0.08
0.1
0.149
0.186
0.08
NA
0.145
NA
NA
NA
0.237
0.1
0.164
0
0.054
0.326
0.265
0.155
0.054
0.129
0.123
0.144
0.144
0.065
0.055
0.069
0.852
NA
NA
0.055
0.519
0.107
0.177
0.439
0.131
0
0.054
0.055
0.209
0
0.115
0.057
0.048
0.165
0.1
NA
0.1
0.043
0.057
NA
0.1
NA
0.044
0.035
0.141
0.056
0.123
0.16
0
0.061
0.212
0.372
0.033
0.026
0.284
0.043
0.037
0.067
0.227
0.199
0.14
0.178
0.053
0.108
0.124
0.164
0.066
0.035
0.043
0.043
0.056
0.1
0.649
0.067
0.286
0.044
0.044
0.076
0.263
0.037
0.033
0.088
0.081
0.216
0.109
0.186
0.081
0.155
0.1
0.18
0.075
0.339
0.135
0.163
0.08
0.184
0.381
0.212
0.171
0.13
0.063
0.693
0.226
0.178
0.08
0.165
0.111
NA
0.1
0.075
0.186
0.1
NA
0.075
0.08
0.068
0.111
0.087
0.13
0.14
0.112
0.111
0.073
0.1
0.178
0.117
0.122
0.184
0.152
0.158
0.1
0.1
0.075
0.078
0.075
0.125
0.177
0.14
0.055
0.153
0.154
0
0
NA
0
0.1
0.1
0.1
0.1
0.531
0.229
0
0.324
0
0.061
0.162
0.337
0.639
NA
0.067
0.075
0.118
0.136
NA
0.09
0.103
0.1
0.1
0.1
0.1
0.062
0.131
0.217
0.21
0.146
0.141
0.1
0.108
0.059
0.131
0.1
NA
NA
NA
0.1
0.138
0.127
0.481
NA
0.131
0.133
0.1
0.1
0.1
0.1
0.1
NA
0.1
NA
0.12
0.098
0.064
0.062
0.096
0.1
0.216
0.067
0.161
0.064
0.425
0.078
0.1
NA
0.1
0
0.064
0.432
0.1
0.101
0.067
0.024
0.168
0.1
0.1
0.1
0.1
0.154
0.241
0.207
0.064
0.1
NA
0.207
0.237
0.1
0.18
0.153
0.062
0.174
0.108
0.097
0.478
0.389
0.057
0
0
0.529
NA
0.269
0.246
0.489
0.1
0.441
0.092
0.195
0.429
0.074
0.1
0.082
0.224
0.484
0.086
0.388
NA
0.197
0.031
0.08
0.038
0.033
0.034
0.09
0.487
0.094
NA
0.344
NA
0.042
0.256
0.371
0.328
0.188
0.155
0.472
0.155
0.1
0.1
0.1
0.1
0.161
0.101
0.202
0.151
0.191
0.191
0.1
0.1
0.174
0.239
NA
0.131
0.1
0.1
0.1
0.1
0.1
0.45
0.165
0.119
0.165
0.132
0.144
0.132
0.139
0.323
0.381
0.323
0.373
0.212
0.106
0
0.183
0.249
0.317
0.413
0.631
0.631
0.327
0.339
0.1
0.535
0.4
0.35
0.631
0.1
0.166
NA
0.381
0.47
0.35
0.35
0.768
0.658
0.58
0.662
0.1
0.101
0.077
0.26
0.1
0.131
NA
NA
NA
0.609
0
0
0.1
0.1
0.339
0.1
0.057
0.1
0.1
0.1
0.1
0.1
0.1
0.354
0.241
0.194
0.269
0.239
0.061
0.232
0.252
0.162
0.112
0.176
0.108
0.122
0.1
0.231
0.042
0.042
0.042
0.358
0.184
0.123
0.498
0.1
0.239
0.048
0.1
0.1
0.1
0.36
0.36
0.1
0.224
0.179
0.092
0.1
0.1
0.1
NA
NA
NA
0.506
NA
0.1
0.088
0.484
0.059
0.061
0.1
NA
0.465
0.181
0.24
0.1
0.073
0.052
0.087
0.258
0.313
0.262
0.319
0.079
0.213
0.262
0.06
0.206
0.584
0.22
0.228
0.402
0.402
0.08
0.346
0.14
NA
0
0.557
0.104
0.075
0.077
NA
NA
NA
NA
NA
0.101
NA
0.1
0.1
0.1
0.1
0.196
0.252
0.056
0.071
NA
0.313
0.095
0.272
0.1
0.838
0.1
0.1
0.1
0.1
0.1
0.1
0.249
0.067
0.117
0.138
0.205
0.142
0.058
0.072
0.106
0.044
0.127
0.108
0.068
0.08
NA
0
0.1
0.1
NA
NA
NA
0.052
0.414
NA
0.089
NA
NA
NA
NA
NA
0.449
0.043
0.616
0.17
0.139
0.182
0.152
0.178
0.253
0.1
0.1
0.222
0.1
NA
NA
0.101
0.155
0.146
0.1
NA
0.1
0.1
0.1
0.1
0.1
0.1
0.1
0.1
0.1
NA
0.1
0.1
0.1
0.1
0.1
0.137
0.09
0.1
0.145
0.295
0.076
0.288
0.1
0.1
0.1
0.1
NA
0.1
0.1
0.1
0.1
0.1
0.1
0.1
0.1
0.1
0.1
NA
0.1
0.1
0.1
0.1
0.124
0.074
0.085
0.1
0.048
0.1
0.253
0.049
0.14
0.084
0
0.053
0.076
0.038
NA
0.207
0.064
0.1
0.1
0.1
0.1
0.1
0.042
0.1
0.1
0.1
0.1
0.1
0.1
0.1
0
0.1
0.1
0.1
0.1
0.101
NA
NA
0.408
0.043
0.075
0.1
0.128
0.1
0.1
0.1
NA
NA
NA
NA
NA
NA
0.055
NA
0.047
0.049
0.04
0.036
0.04
0.146
NA
0.068
NA
0.1
0.032
0.1
0.1
0.131
0.152
0.161
0.364
0.057
0.1
NA
0.1
0.108
0.107
0.084
0.11
0.524
0.1
NA
0.06
NA
NA
NA
0.06
0.055
0.1
0.33
0.04
0.123
0.1
0.1
0.1
0.396
0.1
0
NA
0.55
0.1
NA
0.173
0.081
0.196
0
0.127
0.223
NA
0
0.13
0.042
0.13
NA
0.234
0.049
0.246
0.257
NA
0.348
0.1
0.055
0.028
0.105
0.1
0.119
0.078
0.082
0.182
0.155
0.199
0.132
0.12
0.229
0.049
0.067
NA
0.1
0
NA
0.142
0
0.055
0
0.375
0.118
0.042
0.063
0.144
0.056
0.075
NA
0.1
0.045
0
0.119
0.071
0.1
0.151
0.274
0.1
0.135
0.07
0.05
0.054
0.056
0.088
0.1
0.209
0.116
0.19
0.275
0.401
0.042
0.12
0.269
0.142
0.118
0.209
0.06
0.162
0
0.176
0
0.12
0.05
0.201
0.077
0
0.064
0.188
0.358
0.153
0.152
0.042
0.1
NA
0.075
0.05
0.194
0.1
0.162
0.062
0.068
0.062
0.133
0.198
0.086
0.114
NA
0.055
0.222
0.237
0.197
0.16
0.158
0.12
0.133
0.1
0.073
0.469
0.146
NA
0.068
0.25
0.113
0.06
0.1
0.063
0.32
0.272
0.165
0.243
0.1
NA
0.1
0.1
0.1
0.1
NA
0.1
0.1
0.1
0.1
0.1
0.042
0.1
0.1
0.182
0.063
0.638
0.061
0.062
0.1
0.1
0.1
0.066
0.276
0.175
0.105
0.048
0.1
0.1
0.125
0.053
0.591
NA
0.062
0.153
0.057
0.714
NA
0.113
0.038
0
0.1
0.254
0.096
0.056
0.229
NA
0.1
0.141
0.03
NA
0.1
0.025
NA
0
0.117
0.1
0.036
0.03
0
0.034
0.035
0
0.311
0.042
0.076
0.049
0.101
NA
0.1
0.031
0.03
0.037
NA
0.1
0.1
0.172
0.07
0.094
0.1
NA
0.034
0.082
0.05
0.276
0.1
0.469
0.25
0.06
0
NA
0.13
0.044
0.098
0.037
0.134
0.05
0.037
0.033
NA
0.2
0.094
0.137
0.115
0.034
NA
0.134
0.1
0.157
0.038
0.056
0.033
0.1
0.037
0.049
NA
0.218
0.067
0.099
0.101
0.102
0.212
0.058
0.241
0.048
0.1
0.193
0.019
0.056
0.148
0.093
0
0.261
0.05
0.1
0.101
0.056
0.056
0.017
NA
0.1
0.1
0.052
0.04
0.234
0.525
0.049
0.308
0.133
0.044
0.182
0.095
0.044
0.097
0.103
0.075
0.127
0.138
0.096
0.073
0.044
0.092
0.154
0.097
0.096
0.115
0.1
0.427
0.229
0.092
NA
0.143
0
0.042
0.246
NA
0.23
0
0
NA
0
0
0
0
0
0
0.263
0
NA
0
0
0
0.041
0.123
0
0
NA
0.241
0.357
NA
0.182
0.1
0.1
0.148
0.2
0.063
NA
0.141
0.34
0.09
0.1
0.329
0.16
0.067
0.559
0.258
0.162
0.209
0.176
0.184
0.1
0.062
NA
0.157
0.211
0.069
0.107
0.067
0.068
0.045
0.112
0.131
0.249
0.392
0.229
0.1
0.236
0.129
0.27
0.051
0.07
0.1
0.275
0
0.067
0.08
0.213
0.06
0.317
0.06
0.167
0.083
0.23
0.057
0.1
0
0.237
0.063
0.082
0.27
0.346
0.407
NA
0.049
0.22
0.18
0.1
0.083
0.146
0.145
0.144
0.209
0.123
0.223
0.412
0.101
0.101
0.122
0.091
0.15
NA
NA
0.18
0.05
0.157
0.056
0.163
0.033
0.035
0.06
0.041
0.079
0.118
0.081
0.093
0
0.154
0.067
0.071
0.057
0.053
0.059
0.067
0.067
0.131
0.127
0.154
0.057
0.057
0
0.066
0.049
0.138
0.06
0.082
0.067
NA
0.05
0.03
0.067
0.057
0.092
0.043
0.12
0.076
0.044
0.07
0.097
0.083
0.117
0.113
0.051
0.139
0.1
0.067
0.049
0.101
0.261
0.066
0.1
0.266
0.244
0.447
0.254
0.107
0.112
0.25
0.044
0.125
0.043
0.084
0.048
0.141
0.077
0.145
0.173
0.11
0.192
0.118
0.116
0.094
0
0.1
0.311
NA
NA
0.063
0.037
0.1
0.051
0.12
0.06
0.037
0.083
0.065
0.261
0.08
0.128
0.038
0.06
0.048
0.09
0.094
0.153
0.057
0.114
0.256
0.102
0.131
0.115
0.06
0.067
0.071
0.048
0.08
0.068
0.083
0.1
0.275
0.243
NA
0.355
0.1
0.239
0.249
0.487
0.135
0.249
NA
NA
NA
0.386
0.224
0.24
0.377
0.239
0.317
0.458
0.213
0.1
0.263
0.193
0.184
0.168
0.483
0.089
0.095
NA
0.1
0.1
0.1
0.1
0.057
0.057
0.082
0.063
0.058
NA
0.607
0.048
0.127
0.315
0.222
0.22
0.263
0.255
0.226
0.116
0.511
NA
NA
0.513
0.048
0.063
0.272
0.1
0.457
0.1
NA
0.102
0.226
NA
0.727
0.1
0.06
0.057
0
0
NA
0
0
0
0
0
NA
NA
0
0.1
0.062
0.08
0.116
0.09
NA
0.1
0.1
0.1
0.1
0.1
0.1
0.1
0.252
NA
NA
NA
0.1
0.1
0.1
0.1
0.1
0.1
0.1
0.1
0.1
0.235
0.1
0.1
0.1
0.1
NA
0.1
0.1
0.1
NA
0.1
NA
0.1
0.055
0.127
0.059
0.1
0.1
0.106
0.087
NA
0.1
0.1
0.1
0.1
0.1
0.1
0.1
0
NA
0.1
0.1
0.1
0.1
0.1
0.1
0.1
0.1
0.165
0.732
0.114
0.1
0.1
0.1
0.1
0
0.09
0.227
0.108
0
0.263
0.1
0.1
0.356
0.1
0.1
0.1
0.1
0.1
0.1
0.1
0.021
0.167
NA
NA
0.151
0.1
0.141
0.149
0.1
0.147
0.054
0.108
0.158
0.1
0.075
0.128
0.203
0.186
0.165
0.253
0.1
0.042
0.071
NA
0.068
0.273
0.302
0.1
0.1
0.155
0.056
0.1
0.1
0.1
0.1
0.1
0.1
0.1
0.1
0.1
0.161
0.455
NA
0.069
0.055
0.048
0.155
0.073
0.141
0.073
0.168
0.073
0.16
0.139
NA
NA
NA
0.233
0.032
0.538
0.031
0.138
0.11
NA
NA
NA
NA
NA
NA
NA
0.112
0.061
0.106
0.087
0.06
0.15
0.068
0.07
0.087
0.1
0.1
NA
NA
0
0.064
0
0.339
0
0.339
0
0.064
0.1
0.1
0.1
0.745
0.1
0
0.771
0.654
0.14
0.29
0.29
0.1
0.065
0.063
0.079
0.06
0.264
0.064
0.259
0.227
0.069
0.284
0.264
0.139
0.167
0.175
0.366
0.317
NA
0.291
0.157
0.203
0.472
NA
0.118
0.202
0.108
0.253
0.144
0.064
0.117
NA
0.129
0.267
0.112
0.153
0.282
0.204
0.1
0.1
0.1
0.1
0.1
0.203
0.14
0.343
0.1
0.057
0.273
0
0
0
0.637
0.503
0.132
NA
NA
NA
NA
0
0.445
NA
0
0
0
0
0
0
NA
0
0
0
0.375
0
0
0
0.665
0
0
0
0
NA
NA
0
0
0
0
NA
0
0.375
0.082
0.178
0.112
0.16
0.134
0.255
0.209
0.191
0.156
0.224
0.1
0.125
0.125
0.15
0.177
0.142
0.213
0.204
0.204
0.112
0.196
0.209
0.129
0.1
0.174
NA
NA
0.1
0.302
0.202
0.101
NA
0.1
0.1
0.054
0.104
0.067
0.083
0.077
0.184
0.255
0.489
0.199
0.1
NA
0.076
0.094
0.071
0.1
NA
0
0.164
0.321
0.208
0.276
0.121
NA
0.067
0.142
0.1
0.1
NA
NA
NA
NA
NA
NA
NA
NA
NA
NA
NA
NA
NA
NA
NA
NA
NA
NA
NA
NA
NA
NA
NA
NA
NA
NA
NA
NA
NA
NA
NA
NA
NA
NA
NA
NA
NA
NA
NA
NA
0.226
0.125
0.1
NA
NA
0.118
0.102
0.108
0.155
0.057
0.169
0.18
0.1
0.05
0.15
0.1
0.122
0.142
0.17
0.158
0.128
0.185
0.457
0.113
NA
0.167
0.1
0.313
0.339
NA
0.056
0.05
0.127
0.42
0.111
0.12
0
0
0
0.648
0
0.1
0.1
0.1
0.161
0.144
0.064
0.166
0.077
0.238
0.267
0.126
0.535
0.299
0.111
0.133
0.156
0.489
0.089
0.05
NA
0.086
0.067
0.466
0.22
0.154
0.165
0.212
0
0.35
0.193
0.104
0.179
0.178
0.075
0.081
0.048
0
0.482
0.077
0.1
0.1
0.278
0.198
0.305
0.344
0.055
0.057
0.057
0.062
0.155
0.298
0.086
0.27
0.428
0.228
0.1
0.087
0.412
0.1
0.06
0.073
0.314
0.076
0.1
0.077
0.05
0.083
0.1
0.1
0.158
0.071
0.057
0.056
0.08
0.071
NA
NA
0.083
0.5
0.087
0.1
0.073
0.077
NA
0.1
0.081
0.078
0.075
0.062
0.612
0.1
0.1
0.1
0.1
0.1
0
0.1
0.1
0.1
0.23
0.276
0.145
0.268
0.125
0.12
0.448
0.113
0.215
0.177
0.074
0.068
0
0
0.787
0.1
0
0.05
0.154
0.1
0.1
0.441
0.074
0.095
0
0.136
0.06
0.389
0.1
0.1
0.404
0.138
0.809
0.209
0.35
0.198
NA
NA
0.583
0.108
0.107
0.144
0.47
0.057
0.105
0.021
0.057
0.136
0.082
0.16
0.071
0.114
0.17
0.153
0.166
0.124
0.138
0.506
0
0.146
0
0.093
0.068
0.1
0.148
0.1
0.151
0.059
0.062
0.165
0.168
0.181
0.076
0.186
0.064
0.134
0.1
0.135
0.335
0.231
0.514
0.054
0.097
0.137
0.1
0.183
0.233
0.176
0.151
0.112
NA
NA
0.056
0.045
0.189
0.1
0.537
0.1
0.144
0.082
0.126
0.1
0.44
0.154
0.1
0.1
NA
0.149
0.081
0.071
0.47
0.142
0.09
0.037
0.1
0.078
0
NA
0
0.175
0.409
0.075
0.068
0.068
0.163
0.072
0.074
0.346
0.139
0.1
0.088
0.1
0.067
0.1
0.1
0.198
0.21
0.068
0.068
0.127
0.107
0.071
0.133
0.454
0.1
0.135
0.092
NA
0
0
0
0.093
0.31
NA
0.304
0.119
0.236
0.204
0.284
0.068
0.152
0
0.185
0.07
0.201
0.424
0.226
0.091
NA
0.26
0.228
0.276
0.17
0.214
0.133
0.124
0.111
0.176
0.06
0.068
0.053
0.1
0.127
0.088
0.101
0.1
0.191
0.068
0.1
0.1
0.1
0.1
0.1
0.1
0.1
0.067
0.118
0.253
0.088
0.1
0.1
0.1
0.1
0.1
0.1
0.276
0.276
0.276
0.521
0.167
0.112
0.079
0.1
0.329
0.042
0.042
0.042
0.042
0.042
0
0.211
0.12
0.157
0.206
0
0.067
0.063
0.109
0.23
0.162
0.215
0.081
0.148
0.08
0.463
0.189
0.219
NA
0.1
0.074
NA
0.543
0.116
0.109
0.438
0.061
0.048
0.1
0.317
0.1
0.352
0.392
0.166
0.1
0.182
0.233
0.198
0.074
0.233
0.327
0.428
0.1
0.178
0.134
0.063
0.468
0.425
0.1
0.169
0.394
0.394
0.041
0.13
0.103
0.041
0.313
0.055
0.121
0.252
0.209
0.246
0.1
0.1
0.1
0.1
0.366
0.353
0.063
0.233
0.326
0.174
0.15
0.108
0.112
0.061
0.057
0.071
0.1
0.1
0.044
0
0.1
0.075
0.075
0.087
NA
0.05
0.057
0.331
0.077
0.1
0.17
0.055
0.057
0.062
0.19
0.014
0.075
0.055
0.057
0.062
0.19
0.043
0
0
0
0
0
0
0
0
0
0
0.169
NA
0.551
0.561
0.1
0.415
0.063
0
0.622
0.1
0.1
0.073
0.071
0.1
0.075
0.077
NA
0.13
NA
NA
NA
NA
NA
NA
NA
NA
0.1
0.1
0.168
0.048
0.305
0.096
0.093
0.1
0.053
0.068
NA
NA
NA
0.1
0.1
0.051
0.042
0.042
0.252
0.1
0
0
0
0
0.029
0.042
0.1
0.057
0.133
0.1
0.256
0.27
0.06
0.044
0.048
0.282
NA
0.06
NA
0.1
0.064
NA
0.05
0.068
0.064
0.047
0.162
0.234
0.443
NA
0.1
0.139
0.1
0.1
0.1
0.328
0.224
NA
0.443
0.328
0.443
0.469
NA
0.056
0.064
0.036
NA
0.032
0.413
0.1
NA
NA
0.04
0.099
0.074
0.024
0.044
0.179
0.158
NA
NA
0.168
0.542
0.03
NA
NA
NA
NA
NA
0.074
0.042
0.25
0.484
0.244
0.043
0.041
0.043
0.041
0.1
0.274
0.116
NA
0.188
0.029
0.04
0.064
NA
0.03
NA
NA
NA
NA
NA
NA
NA
0.077
0.088
0.374
NA
0.1
0.1
0.1
0.356
0.067
0.405
0.043
0.1
0.1
0.1
0.1
0.1
0.553
0.064
0.334
0.187
0.42
0.34
0.171
0.1
0.055
0.226
0.263
0.078
0.454
0.093
0.148
0.283
0.113
NA
0.442
0.51
0.403
NA
0.077
0.554
0.14
0.149
0.1
0.517
0.52
0.1
0.362
0.1
0.161
0.475
0.341
0.063
0.447
0.174
0.278
0.193
NA
0.18
0.1
0.267
0.4
0.507
0.068
0.144
0.412
NA
NA
0
0
0.234
0.1
0.123
0.048
0.339
0.068
0.1
0.339
0.339
0.1
0.1
0.1
0.1
0
0
0
0
0
0
0.1
0.529
0.1
0.1
0.101
0.25
0.525
0.525
0
0
0
0.715
0.086
0.518
0
0.677
0.069
0.034
0
0
0.075
0.075
0.306
0.108
0
0
0
0.29
NA
0.064
0
0.747
NA
0.056
NA
0.067
0.1
0.086
0.1
0.079
0.1
0.42
0
0.074
0.068
0.1
0.1
0.535
0.08
0.342
0.1
0.1
0.1
0.057
0.06
0.083
0.086
0
0
0.021
0.021
NA
0.1
0.092
0.083
0.08
0.094
0.143
NA
0.061
0.08
0.062
0.486
0.071
0.199
0.071
0.557
0.075
0.133
0.252
0.075
0.075
0.145
0.068
NA
NA
0.05
0.087
NA
0.05
0.246
0.1
NA
0.1
0.067
0.18
0.079
0.16
0.31
0.114
0.1
0.189
0.081
NA
0.157
0
0.66
NA
0.128
0.069
0.062
0.195
0
0.1
0.1
0.116
0.1
0.35
0.203
0.176
0.111
0.151
0.11
0.232
NA
NA
0.028
0.163
0.152
0.303
0.235
0.1
0.159
0
0.055
0.1
0.64
0.42
0.062
0.468
0.033
0.181
NA
0.396
0.211
0.374
0
0.1
0.1
0.1
0.1
0.068
0.231
0.15
0.123
0.162
0.137
NA
0.054
NA
0.079
0
0.165
0
0.324
0
0
0.324
NA
NA
NA
NA
NA
NA
NA
0.042
0.1
0.253
NA
NA
NA
0.042
0.291
0.067
0.362
0
0.771
NA
NA
NA
NA
0.449
0.009
0.038
0.274
0
0.057
0.245
0.1
0.057
0.062
0.06
0.1
0.075
0.063
0.076
0.055
0.108
0.108
0.049
0.069
0.063
0.22
0.068
0.1
NA
0.1
0.1
0.224
0.224
0.136
0.173
0.1
0.224
0.1
NA
0.1
0.173
0.1
0.1
0.224
0.224
0.086
NA
0.1
0.278
0.075
0.057
0.071
0.071
0.064
0.07
0.153
0.062
0.132
0.063
0.167
0.555
NA
0.066
0.478
0.1
0.05
NA
0.282
0.061
0.072
0.572
0.1
0.1
0.1
0
NA
0
0
0
0.1
NA
0.1
0.041
0.1
0.346
NA
NA
0.1
0.141
0.232
0.493
0
0.1
0.086
0.058
0.113
0.1
0
0.151
0.17
NA
0.234
NA
0.095
0.1
0.259
0.146
NA
0.058
0
0.058
NA
0.219
0.435
0.105
0.152
0.133
0.1
0.1
0
NA
NA
NA
0.058
0.149
0.1
0.185
0.1
0.068
0
0.237
0.538
0.176
0.105
0.127
0.274
0.1
0.1
0.274
0.1
0.075
0.367
0.063
0.071
0.1
0.068
NA
0.316
0.075
0.083
0.1
0.055
NA
0.1
0.083
0.077
0.1
0.1
NA
0.042
0.075
0.029
0.061
0.021
0.055
0.057
0.075
0.049
0.047
0.074
0.068
0.058
0.58
0
0.243
0.1
0.049
0.571
0.115
0
0.083
0.1
NA
NA
NA
NA
NA
NA
0.066
0.083
0.49
0
0
0.391
0.1
0.1
0.064
0.1
0.061
0.065
0.074
0.082
NA
NA
NA
NA
NA
NA
NA
NA
0.1
0.113
NA
0.148
0.063
0.118
0.154
0.238
0.205
0.077
NA
0.113
0.206
NA
0.158
0.1
0.1
NA
0.1
0.113
0.153
0.172
NA
0.17
0.071
0.071
NA
0.414
0.293
0.371
0.071
0
0.049
0.274
0
0.29
0.074
0.061
0.365
0.08
0.083
0.067
0.1
0.281
0.101
0.083
0.083
0.518
0.061
0.132
0.11
0.113
0.134
0.299
0.184
0.183
0.154
0.287
0.246
0.425
0.364
0.37
0.068
0.149
0.162
0.257
0.235
0.173
0.101
0.232
0.269
0.546
0.11
0.21
0.178
0.282
0.168
NA
0.056
0.05
0.1
0.297
NA
0.1
0.068
0.114
0.1
0.079
0.051
0.156
0.165
0.123
0.175
0.062
0.33
0.235
0.18
0.202
0.262
0.198
0.357
0.311
0.116
NA
NA
NA
0
0.1
0.077
0.384
0.079
0.1
0.384
0.1
NA
NA
0.068
0.247
NA
0.222
0.203
0.362
NA
NA
NA
NA
0.214
NA
NA
NA
NA
0.1
0.086
0.242
0.298
0.354
0.276
0.1
0.086
0.1
0.071
0.175
0.308
0.152
0.1
0.1
0.125
0.17
0.585
0.103
0.178
0.174
0.584
0.625
0.127
0.074
0.074
0.222
0.092
0.095
0.524
0.2
0.26
0.1
0.409
0.1
0.231
0.231
0.602
0.122
0.067
0.11
0.071
0.054
0.06
0.044
0.295
0.049
0.401
0.06
0.043
0.1
0.1
0.1
0.1
0.194
0.085
0.212
NA
0.176
0.057
0.105
0.1
0.1
0.114
0
0.042
0.304
0.092
0.061
0.071
NA
0.221
0.206
0.312
0.294
0.308
0.257
0.218
0.258
0.121
0.246
0.166
0.284
0.138
0.186
0.234
0.205
0.468
0.219
0.316
0.278
0.143
0.066
0.272
0.131
NA
0.087
0.189
0.134
0.089
0.118
0.126
0.134
0.126
0.202
0.674
0
0.399
0.074
0.155
0.282
0.071
0.088
0.371
0.1
0.305
0.273
0.223
0.101
0.316
0.272
0.329
0.291
0.399
0.356
0.063
0.235
0.399
0.399
0.399
0.324
0.399
0.399
0
NA
0.012
0.014
0.042
0.16
NA
0.27
0.08
0.08
0.259
0.053
0.075
0.032
0.236
0.25
0.025
0.1
0.1
0.179
0.132
0.088
0.204
0.23
0.079
0.079
0.1
0.107
0.23
0.1
0.106
0.134
0.132
0.136
0.1
0.058
0.144
0.066
0.065
0.15
0.087
0.22
0.136
0.156
0.227
0.071
0.27
0.199
0.171
0.182
0.184
0.1
0.188
0.175
0.167
0.177
0.166
0.166
0.309
NA
0.145
NA
0.076
0.1
0.202
0.071
0.502
0.108
0.165
0.084
0.177
0.104
0.162
0.155
0.192
0.092
0.228
0.141
0.119
0.185
0.134
0.242
0.066
0.071
NA
0.071
0.099
0.076
0.137
0.474
0.141
0.198
0.047
0.403
0.182
0.235
0.054
0.286
0.476
0.107
NA
0.016
0.255
0.2
0.299
0.042
0.173
0.293
0.076
0.152
NA
0.243
0.205
0.172
0.1
0.06
0.174
0.042
0.1
0.1
0.042
0.042
0.021
0.09
0.065
0.137
0.068
0.061
0.494
0.72
0.72
0
0
0
NA
0
0.1
0.1
0.05
0.064
0.06
0.067
0.07
0.05
0.052
0.052
0.29
0.24
0.287
0.314
0.074
0.093
0.108
0.145
0.412
0.1
0.1
0.108
0.101
0.1
0.1
0.1
0.1
0.1
0.1
0.1
0.1
0.1
0.1
0.1
0.1
0.1
0.1
0.1
0.1
0.1
0.1
0.1
0.1
0.1
0.065
0.053
0.137
0.1
0.074
0.1
0.068
0.1
0.418
0.055
0.07
0.074
0.161
0.407
0.418
NA
0.1
0.416
0.17
0.11
0.044
0.1
0.195
NA
0.047
0.454
0.123
0.45
0.286
0.209
0.433
0.149
0.236
0.102
0.155
0.1
0.1
0.155
0.547
0.247
0.34
0.388
0.388
0.086
NA
0.081
0.277
0.05
0.086
NA
0.081
0.356
0.583
0.342
0.801
0.039
NA
0.1
0.1
0.157
0.073
0.1
0.1
0.1
0.1
0.05
0.149
0.1
0.1
0.087
0.114
0.09
0.06
0.075
0.1
0.206
0.075
0.065
0.1
0.075
NA
0.075
0.16
0.075
0.086
0.08
0.092
0.21
0.1
0.1
0.233
0.18
0.1
0.14
0.1
0.077
0.103
0.121
0.164
0.129
0.057
0.102
0.289
0.33
0.33
0.253
0.144
0.192
0.1
0.584
0.053
0.075
0.075
0.1
0.067
0.1
0.1
0.1
0.1
0.1
0.1
0.192
0.21
0.062
0.127
0.225
0.181
0.139
0.231
0.175
0.205
0.142
0.1
0.171
0.481
0.142
0.1
0.133
0.1
0.209
0.15
0.161
0.135
0.101
0.26
0.207
0.248
0.135
0.478
0.19
0.164
0.121
0.1
0.294
0.132
0.157
0.197
0.06
0.207
0.292
0.45
0.175
0.122
0.134
0.209
0.077
0.064
0.357
0.248
0.145
0.207
0.173
0.322
0.11
0.101
0.291
0.1
0.307
0.1
0.484
0.63
0.1
NA
0.075
NA
0.605
0.1
0.188
0.237
0.1
0.13
0.1
0.125
0.162
0.221
0.115
0.329
0.298
0.252
0.077
0.129
0.208
0.363
0.213
0.105
0.292
0.263
0.122
0.53
0.1
0.1
0.1
NA
NA
0.128
0.211
0.205
0.1
0.376
0.575
0.269
0.113
0.096
0.259
0.343
0.222
0.284
0.334
0.239
0.252
0.493
0.279
NA
0.28
0.348
0.324
0
0.086
0.187
0.353
0.383
0.236
0.1
0.1
0.112
0.1
0.257
0.118
0.087
0.333
0.111
0.213
0.151
0.185
0.187
0.262
0.1
0.43
0.107
0.347
0.173
0.154
0.12
NA
0.06
0.078
0.061
0.1
0.1
0.1
0.1
0.1
0.089
0.04
0.159
0.077
0.212
0.1
0.05
0.308
0.245
0.333
0.049
0.326
0.267
0.367
0.075
0.158
0.604
0.127
0.06
0.147
0.075
0.071
0.177
0.302
0.21
0.403
0.069
0.386
0.518
0.047
0.275
0.241
0.195
0.185
0.182
0.636
0.1
0.1
0.1
0.1
0.1
0.1
0.1
0.1
0.182
0.088
0.15
0.218
0.259
0
0.349
0.1
0.1
0.1
NA
0
0
0
0.1
0.1
0.471
0.166
0
0.239
0.529
0.142
0.06
0.064
0.224
0.087
0.44
0.184
0.086
0.214
0.042
0.08
0.077
0.273
0.362
0.09
0.553
0.214
0.071
0.097
0.188
0.09
0.112
0.075
0.062
0.206
0.1
0.171
0.184
0.324
0.355
0.519
0.309
0.333
0.189
0.402
0.29
0.401
0.083
0.071
0.08
0.243
0
0.121
0.337
0.121
0.065
0.199
0.284
0.142
0.269
0.299
0.316
0.128
0.082
0.089
0.216
0.552
0.153
0.06
0.1
0.1
0.218
0.176
0.162
0.079
0.07
0.328
0.504
0.611
0.201
0.213
0.195
0.13
0.268
0.296
0.312
0.522
0.1
0.061
0.1
0.077
0.102
0.058
0.087
0.105
0.057
0.068
0.064
0.068
0.444
0.136
0.05
0.181
0.243
0.406
0.1
0.166
0.042
0.04
0.196
0.107
0.298
0.299
0.242
0.252
0.081
0.076
0.098
0.242
0
0.241
0.313
0.1
0.1
0.042
0.472
0
0.103
0.233
0.141
0.096
0.198
0.245
0.067
0.221
0.134
0.256
0.112
0.198
0.099
0.114
0.179
0.21
0.267
0.054
0.164
0.127
0.211
0.194
0.303
0.1
0.445
0.203
0.122
0.054
0.131
0.104
0.144
0.048
0.054
0.18
0.1
0.197
0
0
0
NA
0
0.135
0.135
0
0
0.613
0
0.147
0
0.057
0.067
0.136
0.221
0.06
0.032
0.04
0.1
0.1
0.1
0.1
0.1
0
0.1
0.1
0.1
0.1
0.055
0.1
NA
0.1
NA
0.12
0.1
NA
NA
NA
NA
NA
NA
NA
NA
NA
NA
NA
NA
NA
NA
NA
NA
NA
NA
NA
NA
NA
NA
NA
NA
NA
NA
0.1
0.1
0.1
0.063
0.1
0.158
0.062
0.248
0.188
0.367
0.103
0.126
0.33
0.057
0.049
0.057
0.062
0.055
0.055
0.051
0.049
0.056
0.075
0.075
NA
0.076
0.078
0.298
0.1
0.1
0.1
0.347
0.289
0.158
0.433
0.1
0.1
0.542
0.1
0.343
0.1
0.1
NA
0.163
0.156
0.342
0.572
0.281
NA
NA
NA
0.067
0.222
0.057
0.39
0.546
0.1
0.135
0.229
0.104
0.209
0.07
0.17
0.176
0.104
0.273
0.075
0.137
0.066
0.294
0.241
0.112
0.161
0.07
0.139
0.275
0.313
0.204
0.151
0.158
0.088
0.14
0.147
0.202
0.07
0.1
0.121
0.192
0.224
0.142
0.07
0.147
0.1
0.071
0.291
0.123
0.072
0.13
0.07
0.26
0.156
0.219
0.184
0.481
0.1
0.151
0.068
0.113
0.1
0.1
0.1
0.29
0.064
0.134
0.122
0.093
0.145
0.1
0.068
0.202
0.128
0.064
0.09
0.135
0.121
0.08
NA
NA
NA
0.499
0.1
0.048
0.108
0.068
0.057
0.045
0.05
0.068
0.435
0.547
0.1
NA
NA
NA
0.1
0.1
0.1
0.1
0.024
0.036
NA
NA
0.154
0.135
0.1
0
0.27
0.365
0.1
NA
0.214
0.139
0.1
0.1
0.2
0.1
0.158
0.073
0.176
0.1
0.08
0.1
0.072
0.036
0.117
0.066
0.219
0.228
0.1
NA
0.265
0.1
0.191
0.518
0.374
NA
0.116
0.07
0.1
0.1
0.216
0.176
0.063
0.28
0.19
0.107
NA
0.104
0.225
0.1
NA
0.096
0.1
0.222
NA
0.067
0.215
0.045
0.165
0.265
0.231
0.464
0.352
NA
0.133
0.131
NA
0.274
0.1
0.27
0.452
NA
0.067
NA
0.228
0.1
0.134
0.226
0.14
0.1
0.129
0.204
0.149
0.123
0.127
NA
0.223
0.08
0.122
0.22
0.108
0.56
0.1
0.278
NA
0.216
0.332
0.108
NA
NA
NA
NA
NA
0.247
0.18
0.063
0.161
0
0.1
0.198
0.1
0.1
0.184
0.093
0.187
0.209
0.061
0.1
0.179
0.094
0.1
0.1
0.1
0.071
0.202
0.1
0.285
0.049
0.361
0.439
0.179
0.059
0.093
0.043
0.341
0
0.044
0.252
0.117
0.109
0.439
0.562
0.063
0.279
0.525
0.459
0.155
0.559
0.069
0.565
0.053
0.341
0.245
0.074
0.078
0.21
NA
0.14
0.082
0.055
0.29
0.083
0
0.121
0.147
0.061
0.157
0.128
0.215
0.146
0.165
0.1
0.068
0.191
NA
NA
NA
0.075
0.077
0.142
0.124
0.136
0.136
0.131
0.119
0.112
0.079
0.057
0.06
0.08
0.065
0.313
0.074
0.1
0.052
0.107
NA
NA
0.067
0.071
0.062
0.077
0.088
0.069
0.064
0.075
0.087
0.35
NA
0.342
0
0.1
0.114
0.164
0.207
0.213
0.144
0.244
0.37
0.37
0.1
0.37
0.1
0.37
0.055
0.142
0.059
0.224
0.067
0.1
NA
0.1
0.1
0.1
0.1
0
0
0.968
NA
0
0.1
0.1
0.214
0.343
0.453
0.268
NA
NA
NA
NA
0.1
0.436
0.156
0.366
0.079
0.104
1
NA
NA
NA
0.1
0.265
0.102
0.239
0.1
0.042
0.1
0.1
0.1
0.1
0.1
0.1
0.1
NA
0.1
0.1
0.1
0.199
0.1
NA
NA
0.057
0.333
0.173
NA
0.1
0.426
0.218
NA
NA
NA
0.192
NA
0.431
0.348
0.545
0.263
0.182
NA
NA
0.147
0.148
0.068
0.1
0.152
0.223
0.157
0.171
0.166
0.106
0.101
0.149
NA
0.164
0.1
0.12
0.14
0.116
0.074
0.068
0.068
0.196
0.111
0.11
0.19
0.083
0.101
0.179
0.51
NA
0.149
0.116
0.263
0.1
0.1
0.1
0.206
0.1
0.353
0.1
0.154
NA
0.183
0.068
0.398
0.384
NA
0.1
NA
NA
NA
NA
NA
NA
NA
NA
NA
NA
NA
NA
NA
NA
NA
NA
NA
NA
NA
NA
NA
NA
NA
NA
NA
NA
NA
0.1
0.1
0.075
0.077
0.1
0.1
NA
0.1
0.042
0
0.167
0.154
0
NA
0.518
0.149
0.087
0.156
0.466
0.242
0.1
0.083
0.08
0.1
0.078
0.069
0.454
0.087
0.073
0.146
0.068
0.295
0.057
0.049
0.1
0.177
0.544
NA
NA
NA
NA
NA
NA
NA
NA
0.057
0.055
0.408
0
0.116
0.063
0.136
0.055
0.185
NA
NA
NA
NA
NA
0
0
NA
NA
NA
0.261
0.087
0.042
0.1
0.223
0.51
0.249
NA
0.216
0.228
0.186
0.176
0.14
0.13
0.071
0
0.455
0.1
0.068
0.087
0.062
0.06
0.223
0.08
0.182
0.173
0.292
0.141
0.173
0.276
0.195
0.068
0.235
0.087
0.1
0.08
0.087
NA
NA
NA
NA
NA
NA
NA
NA
NA
NA
0.275
0.212
0.448
0
0.067
0.05
0.037
0.271
0.109
0.135
0.055
0.274
0.222
0.173
0.041
0.124
0.612
0.1
0.043
0.039
0.067
0.055
0
0.048
0.049
0.06
0.048
0.043
0.058
0.038
0.061
0.064
0.384
0.217
0.147
0.116
0.056
0.163
0.055
0.315
0.074
0.068
0.151
0.09
0.147
0.102
0.228
0.299
0.276
0.145
0.401
0.185
0.073
0.12
0.1
0.068
0.164
0.06
0.077
0.192
0.104
0.148
0.1
0.144
0.129
0.077
0.198
0.097
0.077
NA
0.204
0.116
0.08
0.151
0.068
0.195
0.077
0.164
NA
0.096
0.08
0.118
0.077
0.192
0.142
0.068
0.208
NA
0.184
0.077
0.326
0.1
0.082
0.187
0.157
0.1
0.115
0.096
0.102
0.068
0.1
0.14
0.068
0.118
0.144
0.063
0.368
0.166
0.043
0.217
0.286
0.061
0.265
0.101
0.1
0.113
0.068
0.1
0
0.324
0.294
0.324
0.142
0.1
NA
0.1
0.167
0.1
0.1
0.399
0.057
0.1
0.057
0.07
NA
0.042
0.074
NA
NA
0.045
0.05
0.324
0.1
NA
NA
0.142
0.1
0.066
0.065
0.236
0.073
0.054
0.286
0.228
0.2
0
0.147
0
0.084
0.131
0.096
0.206
0.266
0.422
0.1
0.073
0.147
0.054
0.148
0.142
0.063
0.143
0.044
0.256
NA
NA
NA
NA
0.1
0.1
0.1
0.1
0.1
0.194
0.125
0.374
0.182
0.061
0.053
0.116
0.063
0.071
0.1
0.1
NA
NA
NA
NA
0.197
0.098
0.083
0.032
0.067
0.076
NA
0.224
0.05
0
0.464
0
0.1
0.1
0
0.04
0
0.064
0.441
0.068
0.08
0.089
0.1
0.1
0.143
0.139
0.083
0.157
NA
0.192
0.176
0.545
0.258
0.223
0.067
0.323
0.079
NA
0.198
0.154
0.1
0.131
0.1
0.174
0.19
0.174
0.18
0.16
0.182
0.217
0.471
0.1
0.159
0.131
0.144
NA
NA
NA
0.628
0.1
0.1
0.1
0.184
0.042
0.825
0.134
0.428
0.1
0.1
NA
NA
0.11
0.435
0.195
0.06
0.083
0.065
0.057
0.282
0.125
0.1
0.042
0.042
NA
NA
0.349
0.1
0.1
0.1
0.1
0.144
0.152
0.1
0.1
0.1
0.409
0.038
0.204
0.572
0.484
NA
NA
0.1
NA
0.1
0.1
0.1
0.1
0.1
0.936
0.049
0.184
0.113
0.224
0.049
NA
NA
0.065
0.084
0.111
0.114
0.048
0.074
0.1
0
0
NA
0.1
NA
0.1
NA
0.1
0.055
0.1
NA
NA
0
0.05
0
0.043
0.04
0.044
0.213
0.277
0.12
NA
0.035
0.1
0.063
NA
0.1
0.1
0.1
NA
0.1
0.1
0.1
NA
NA
NA
0.06
0.1
0.239
0.1
0.1
0.076
0.1
0.1
0.1
0.1
0.1
0.063
0.076
0.043
0.1
0.1
0.042
0.067
0.051
0.1
0
0
0.212
0.141
0.06
0.054
0.064
0.042
0.1
0.1
0.1
0.1
0.1
0.1
0.1
0.068
0.071
0.086
0.081
0.118
0.132
NA
0.1
0.1
0.06
0.121
0.119
NA
NA
0
0.598
0
0.1
0.1
NA
NA
0.396
0.163
0.126
0.229
0.1
0.067
NA
0.105
0.1
0.146
0.25
0.074
0.143
0
NA
0.147
0.181
0.1
0.159
0.132
0.12
0.233
NA
0.161
0.146
0.506
0.1
0.042
0.295
0
0
NA
NA
NA
NA
NA
0.042
0.1
0.1
0.096
0.086
0.707
0.096
0.101
0.101
0.197
0.125
0.199
0.194
0.058
0.1
0.054
0.053
NA
0.093
0.088
0.112
0.404
0.151
0.16
0.067
0.063
0.057
NA
0.25
0.047
0.061
0.055
0.094
NA
0.136
0.056
0
0.103
0.055
0.146
0.134
0.09
0.068
0
0.458
0.138
0.1
0.1
0.1
0.261
0.083
0.1
0.168
0.245
0.048
0.1
0.1
0.1
0.331
0.1
0
0.1
0.083
0.099
0.141
0.296
0.282
0.103
0.077
0.162
0.063
0.067
0.128
0.156
0.094
0.067
0.207
0.189
0.142
0.179
0.179
0.14
NA
0.205
0.553
0.076
0.063
NA
0.043
0.33
0.33
0.033
0.1
0.16
0.186
0.125
0.062
0.124
0.06
0.364
0.105
0.166
0.212
0.055
0.192
0.08
0.17
0.048
0.04
0.1
0.19
0.054
NA
0.09
0.25
0.1
0.242
0.259
0.024
0.086
0.066
0.136
0.313
0.243
0.1
0.1
0.1
0.067
0.067
0.049
NA
NA
NA
NA
NA
NA
0.1
0.048
0.083
0.075
0.073
0.221
0.202
0.134
0.228
0.125
0.247
0.25
0.304
0.081
0.13
NA
0.484
0.071
0.061
0.507
0.057
0.1
0.136
0.1
0.086
0.068
0.242
0.211
0.075
0.152
0.1
0.08
0.1
0.1
0.049
0.1
0.1
0
0.077
NA
0.073
NA
0
0.1
0.042
0.1
0.075
0.075
NA
NA
NA
NA
0.1
0.043
0.135
0.049
0.057
0.05
0.1
0
NA
0.1
NA
NA
0.194
0.08
0.033
0.049
0.047
NA
NA
NA
NA
NA
NA
NA
NA
NA
0.169
NA
NA
0.086
NA
NA
NA
NA
NA
NA
NA
NA
NA
NA
NA
NA
NA
NA
NA
NA
NA
NA
NA
NA
NA
NA
NA
NA
NA
NA
NA
NA
NA
NA
NA
NA
NA
NA
0.118
NA
NA
0
NA
0.032
0.075
0
NA
NA
NA
0.118
0.04
0.1
0.092
NA
NA
NA
NA
NA
NA
NA
NA
0.1
0.1
NA
0.044
0.1
NA
NA
NA
NA
NA
NA
NA
NA
NA
NA
NA
0.1
NA
NA
NA
NA
NA
NA
NA
NA
NA
NA
NA
NA
NA
NA
NA
NA
NA
NA
NA
NA
NA
NA
NA
NA
NA
NA
NA
NA
NA
NA
NA
NA
NA
NA
NA
NA
NA
NA
NA
NA
NA
NA
0.1
NA
NA
NA
NA
NA
NA
NA
0.1
NA
0.1
NA
NA
NA
NA
NA
NA
NA
NA
NA
NA
NA
NA
NA
NA
NA
NA
NA
NA
0.1
NA
0.021
0.04
NA
NA
NA
NA
NA
NA
NA
NA
NA
NA
NA
NA
NA
NA
NA
NA
0
0.042
NA
NA
NA
0.1
0.047
NA
NA
NA
NA
0.047
0.116
0.114
0.122
0.1
0.042
0.036
NA
0.042
NA
NA
NA
0.1
0.081
NA
0.135
NA
0.1
0.1
0.1
NA
NA
NA
NA
NA
0.171
NA
NA
NA
NA
0.048
0.047
NA
NA
NA
NA
NA
NA
NA
NA
NA
0.175
0.1
NA
NA
NA
NA
NA
NA
NA
NA
NA
NA
NA
NA
NA
NA
0.324
0
NA
0.057
0.07
NA
0.048
NA
NA
0.042
0.042
NA
0.344
NA
NA
NA
NA
0
NA
NA
NA
NA
NA
NA
NA
NA
NA
NA
NA
NA
NA
NA
NA
NA
NA
NA
NA
NA
NA
NA
NA
NA
NA
NA
NA
NA
NA
NA
NA
NA
NA
NA
NA
NA
0.058
NA
NA
0.012
NA
0
NA
0
0
NA
NA
NA
NA
NA
NA
NA
NA
NA
0.06
NA
NA
0.06
0.118
NA
NA
0.075
NA
NA
NA
NA
NA
NA
NA
NA
NA
0.042
0.092
NA
NA
0.1
0.1
NA
0.1
0.1
0.1
0.1
0.049
NA
0
0.1
NA
NA
NA
NA
0.021
NA
NA
NA
NA
NA
NA
NA
NA
NA
0.043
0.145
0.118
0.048
0.137
0.188
0.04
NA
NA
NA
0.042
NA
0.042
0.042
NA
0.1
NA
0.339
0
NA
NA
0.1
0.1
0
NA
NA
NA
NA
NA
NA
0.1
0.032
0.04
0.135
0.1
NA
NA
0.067
0.103
0
0.1
0.034
0.08
0.057
NA
0.076
0.118
NA
NA
NA
NA
0.1
NA
0.08
NA
NA
0.134
NA
NA
NA
NA
NA
NA
NA
NA
NA
NA
NA
0.021
NA
NA
NA
NA
NA
NA
NA
NA
NA
0.086
0.057
NA
0
NA
NA
NA
NA
0.1
0.1
NA
NA
NA
NA
NA
NA
NA
NA
NA
NA
NA
NA
0.1
0.067
NA
0
NA
NA
NA
NA
NA
NA
NA
NA
NA
NA
0.1
NA
0.04
NA
NA
NA
NA
0.03
NA
NA
0
NA
NA
NA
0.067
0
NA
0.049
NA
NA
NA
0.273
NA
0.057
NA
NA
NA
NA
NA
0
NA
NA
0.021
0.1
0.071
NA
NA
0.09
0.069
NA
NA
NA
0.08
0
NA
NA
NA
0.064
NA
0.121
NA
NA
NA
0.05
0.027
NA
0.043
NA
0.053
0.1
NA
NA
NA
NA
NA
0.1
0.1
0.1
0.042
NA
0.1
NA
0.057
0.054
NA
NA
0.054
0.1
NA
NA
0.065
NA
NA
NA
0.1
0.061
NA
NA
0
NA
NA
NA
0.163
NA
NA
0.06
NA
0.068
0.049
NA
NA
NA
NA
NA
NA
NA
NA
0.035
0.025
NA
NA
0.1
NA
0.048
0.048
0.086
NA
NA
0.08
NA
0.04
NA
0.077
NA
0
NA
NA
0.05
0.048
NA
NA
NA
NA
NA
0.1
NA
0.144
NA
0.075
NA
NA
NA
NA
NA
NA
0
NA
NA
NA
0.074
0.057
NA
NA
NA
NA
NA
0.088
0.166
0
NA
NA
NA
NA
NA
0.055
0.068
0.061
0.064
NA
NA
NA
NA
NA
NA
NA
0.129
NA
0.124
NA
NA
NA
0.08
NA
0.1
NA
NA
0.118
NA
0.043
0.067
0.1
NA
0.1
NA
0.04
NA
0.077
NA
NA
0.097
NA
0.077
0.1
0.1
NA
0.116
0.14
0.049
NA
NA
NA
NA
NA
NA
NA
NA
0.172
NA
0.1
0.1
0.08
0.164
NA
0.076
NA
NA
NA
0.042
0
0
0.073
0
NA
NA
NA
NA
NA
NA
NA
NA
NA
0.17
NA
0.075
0.071
0.095
0.044
0
0.06
0.064
0.1
NA
NA
NA
NA
NA
NA
NA
NA
NA
NA
NA
NA
0.073
NA
NA
NA
NA
NA
NA
0
0
NA
NA
NA
0.044
NA
NA
0.1
0.1
0.1
NA
NA
NA
0
0
0
NA
NA
NA
NA
0.1
NA
NA
NA
NA
NA
NA
NA
NA
0.1
0.1
NA
NA
NA
NA
NA
0.1
NA
NA
NA
NA
NA
NA
NA
NA
NA
0
NA
NA
NA
0.1
NA
NA
NA
NA
NA
NA
0.1
NA
NA
NA
NA
NA
NA
NA
0.1
0.1
0.1
0.142
0.074
NA
NA
NA
NA
NA
NA
NA
NA
NA
NA
NA
0.06
NA
NA
NA
0.1
NA
0.1
0.195
NA
NA
NA
NA
NA
NA
NA
NA
NA
NA
NA
0.042
NA
NA
NA
NA
0.13
NA
NA
NA
NA
NA
0
NA
NA
NA
NA
NA
NA
NA
NA
NA
NA
NA
NA
NA
NA
0
0
NA
NA
NA
NA
NA
NA
NA
0.1
NA
NA
NA
NA
NA
0.042
0.046
NA
NA
NA
NA
NA
NA
NA
NA
NA
NA
NA
NA
NA
NA
NA
NA
NA
0.1
NA
NA
0
0.1
0.034
0.1
0.049
NA
0.1
0.1
0.149
0.1
NA
NA
0.07
NA
0.06
NA
0.047
0.16
NA
NA
NA
NA
NA
0.042
0.042
NA
NA
NA
NA
NA
NA
NA
NA
NA
NA
0.1
0.1
NA
0.141
0.1
NA
0
NA
NA
NA
NA
NA
NA
NA
0.08
0.123
NA
0
NA
0.1
NA
0.1
NA
NA
NA
0.162
NA
0.084
0.062
NA
NA
NA
NA
NA
NA
NA
NA
0.049
0
NA
0
0.069
0.075
NA
NA
NA
NA
NA
NA
NA
NA
NA
NA
NA
0.074
NA
NA
NA
0.115
NA
NA
NA
NA
NA
NA
NA
NA
NA
NA
0
NA
NA
NA
NA
NA
NA
0.067
NA
NA
NA
0.07
0.061
NA
NA
NA
NA
NA
NA
NA
NA
NA
NA
NA
NA
NA
NA
NA
NA
NA
NA
NA
0.134
NA
NA
NA
0
0.063
0.083
0.034
NA
0.047
NA
NA
NA
0.1
NA
NA
NA
NA
0.145
NA
NA
NA
0.063
NA
NA
NA
NA
0.1
NA
NA
NA
NA
NA
0.061
NA
NA
NA
0.1
NA
NA
NA
0.079
NA
NA
NA
NA
NA
NA
NA
NA
0.295
NA
NA
NA
NA
NA
0
0.057
0.06
NA
NA
NA
NA
NA
NA
0.108
0.05
NA
NA
NA
NA
NA
0.021
NA
NA
NA
NA
NA
NA
NA
NA
0.03
NA
NA
NA
NA
NA
NA
NA
NA
NA
0.064
NA
NA
NA
NA
0.08
NA
NA
NA
NA
NA
NA
NA
0
NA
NA
NA
0.042
0.308
NA
NA
NA
NA
NA
NA
NA
NA
NA
NA
NA
NA
NA
0.114
0.1
NA
NA
NA
NA
NA
NA
0
0.074
NA
NA
NA
NA
NA
NA
NA
NA
NA
NA
NA
NA
NA
NA
NA
NA
NA
NA
0.042
NA
NA
NA
0.185
NA
0.1
NA
0.047
NA
NA
NA
NA
NA
NA
NA
NA
NA
NA
0
NA
0
0
NA
NA
NA
0.1
NA
0.1
0.042
0.1
0.1
NA
NA
NA
NA
NA
NA
NA
NA
NA
NA
NA
NA
NA
0
NA
0.042
NA
NA
NA
0.055
NA
0.061
NA
NA
NA
NA
NA
NA
NA
NA
0.1
0.1
NA
0.146
NA
NA
NA
0.17
0
NA
NA
NA
NA
NA
NA
NA
NA
NA
0.012
NA
NA
NA
NA
NA
NA
NA
NA
NA
0.057
NA
NA
NA
0.067
NA
NA
NA
NA
NA
NA
NA
NA
0.042
0.4
0.179
0.156
0.067
NA
NA
NA
0
NA
NA
NA
NA
NA
NA
NA
NA
NA
0
0
0
NA
NA
NA
NA
NA
NA
NA
0.158
NA
0.117
NA
NA
NA
NA
NA
0.1
0.151
NA
NA
NA
NA
0.086
0
NA
0.178
NA
NA
NA
NA
NA
NA
0.1
NA
NA
NA
NA
0.042
NA
NA
NA
NA
NA
0
0
NA
NA
NA
0.1
0.074
0.048
NA
NA
NA
0.08
0.1
0.155
NA
0.053
NA
NA
NA
NA
NA
NA
0.576
0.041
NA
0
NA
NA
NA
0.1
0.05
NA
0
0
0
NA
NA
NA
0.1
NA
NA
NA
NA
NA
NA
NA
NA
NA
NA
0.1
NA
NA
NA
NA
NA
NA
NA
NA
NA
NA
NA
NA
NA
0.06
NA
NA
NA
NA
NA
NA
NA
0.1
NA
NA
NA
NA
0.084
0.073
0.1
0.042
NA
NA
0.068
0.067
0.069
NA
NA
0.058
NA
0
NA
0
NA
NA
NA
NA
NA
NA
NA
NA
0.1
0.1
NA
0
NA
NA
NA
0
NA
NA
NA
NA
NA
NA
NA
NA
NA
NA
0.1
0.035
NA
0.061
NA
NA
NA
NA
NA
NA
NA
NA
NA
NA
NA
NA
NA
NA
NA
0
NA
NA
0.1
0.1
0.032
NA
NA
NA
NA
NA
NA
NA
NA
NA
0
NA
NA
NA
NA
NA
NA
NA
NA
NA
NA
0.033
NA
NA
NA
NA
NA
NA
NA
NA
NA
NA
NA
NA
NA
0.075
NA
NA
NA
NA
NA
NA
NA
NA
NA
0
0.246
NA
NA
0.092
NA
NA
NA
NA
NA
NA
NA
0.048
0.1
NA
NA
NA
NA
NA
0.1
0.062
NA
0.061
NA
NA
NA
NA
NA
NA
NA
0.1
0.075
0.074
NA
NA
0.1
0.1
NA
0.078
NA
0.042
0.038
NA
NA
NA
NA
NA
NA
0.09
NA
0
0.147
NA
0.138
NA
NA
NA
NA
NA
NA
0.1
0.1
0.12
0.1
NA
NA
NA
0.042
NA
NA
NA
NA
0.1
0.1
0
NA
0.069
NA
NA
NA
0
0.1
NA
NA
NA
0.073
NA
NA
NA
0.06
0.05
NA
NA
NA
NA
NA
0.08
0.036
NA
NA
NA
0.098
0.042
NA
0.1
0.048
0.122
0.068
0.1
NA
0.264
0.144
NA
NA
NA
0.065
0.223
0.065
NA
NA
NA
NA
0.133
0.06
NA
NA
NA
NA
NA
0.049
NA
NA
NA
0.077
0.113
0.1
0.1
NA
NA
NA
0
NA
NA
0.308
NA
0
0.086
NA
NA
NA
0.1
NA
0.05
NA
NA
NA
0
NA
NA
NA
0.1
NA
NA
NA
NA
NA
NA
NA
NA
NA
NA
NA
0.295
NA
NA
0.135
0.057
NA
NA
NA
0.1
NA
NA
0.1
0.1
NA
NA
NA
0.034
NA
NA
NA
NA
NA
NA
0.05
NA
0.1
NA
NA
NA
0.109
NA
NA
NA
0.06
NA
NA
NA
NA
NA
NA
NA
NA
0.1
0.042
NA
NA
NA
NA
0.12
NA
NA
NA
NA
NA
NA
NA
NA
NA
NA
0.1
NA
NA
NA
NA
NA
NA
NA
NA
NA
NA
NA
NA
NA
NA
NA
NA
NA
0.055
0.098
NA
NA
NA
NA
NA
NA
NA
NA
NA
NA
NA
NA
NA
NA
NA
NA
0.017
NA
0.215
0.092
NA
NA
NA
0.341
NA
NA
NA
NA
0.044
NA
NA
NA
NA
NA
NA
NA
NA
0.042
0
NA
NA
NA
0.034
0.035
NA
NA
NA
0.087
NA
NA
NA
NA
NA
0.027
NA
0.042
NA
NA
NA
NA
NA
NA
NA
NA
NA
NA
NA
NA
NA
NA
NA
NA
NA
NA
NA
0.1
0.03
0.058
NA
0
NA
NA
NA
NA
NA
NA
NA
NA
NA
NA
0.101
0.09
0.105
0.105
NA
NA
NA
NA
NA
NA
NA
NA
NA
NA
NA
NA
NA
0
NA
NA
NA
0.1
NA
NA
NA
NA
NA
NA
NA
0.1
NA
NA
0.1
0.308
0.05
NA
NA
NA
0.1
0.101
0.204
NA
0.052
0.09
0.111
NA
NA
NA
NA
NA
NA
NA
NA
NA
NA
NA
NA
NA
NA
NA
0.068
0.048
0.1
NA
0.1
NA
NA
NA
NA
NA
NA
NA
NA
NA
NA
NA
NA
NA
NA
NA
NA
NA
NA
NA
NA
0.087
NA
NA
NA
0.1
NA
0
NA
NA
0.043
NA
NA
0.071
NA
NA
0.115
0.1
NA
0.1
0.1
NA
0.033
NA
NA
NA
NA
NA
0.036
NA
NA
NA
NA
NA
NA
NA
NA
NA
NA
NA
NA
NA
NA
NA
NA
0.1
0
0
0.1
0.048
NA
NA
NA
NA
0.142
0.167
0.108
0.136
NA
0.041
NA
NA
0.1
NA
NA
NA
NA
NA
NA
NA
NA
NA
NA
0.086
NA
0.035
0.047
NA
NA
NA
NA
NA
0.057
0.057
0.065
NA
0
0.1
NA
NA
NA
NA
0.1
NA
NA
NA
NA
NA
0.154
NA
NA
NA
0
0
NA
NA
0.05
0.177
NA
0.05
0.055
NA
0.101
0.076
0.347
NA
0.149
0.1
0.1
NA
NA
0.035
0.083
0.06
0.179
NA
0.077
0.059
0.278
0.1
0.054
0.087
NA
NA
NA
0.231
0.033
0.105
NA
0.127
NA
NA
NA
NA
NA
0.075
0.1
NA
NA
0.087
NA
0.062
0.121
NA
0.017
NA
NA
NA
NA
NA
0.158
NA
NA
NA
NA
0.1
0
0
NA
NA
NA
NA
NA
NA
NA
0.034
NA
0.088
NA
NA
NA
NA
NA
0.1
NA
0.057
0.1
NA
0
NA
NA
0.09
0.086
NA
NA
0.165
0.068
NA
0
NA
NA
NA
0.077
NA
NA
0.043
NA
0.555
NA
0.055
NA
NA
NA
0.118
NA
0
NA
NA
0.042
NA
NA
0.043
NA
NA
0.043
0
0.085
0.084
NA
0.204
NA
NA
NA
0.1
0.1
NA
NA
NA
NA
NA
0.1
NA
NA
NA
NA
NA
NA
NA
0
NA
NA
NA
NA
NA
NA
0.042
NA
NA
NA
NA
NA
NA
NA
NA
NA
NA
0.1
0.1
0.1
NA
NA
NA
NA
NA
NA
NA
NA
NA
NA
NA
0.1
0.1
0.1
0.1
NA
0.16
0
NA
0.1
0
0.042
NA
NA
0
NA
NA
NA
0.143
NA
NA
0.021
0.19
NA
NA
NA
NA
NA
NA
NA
NA
NA
NA
0
NA
0.04
0.064
NA
NA
0.111
0
NA
NA
NA
0.08
NA
NA
0.074
NA
NA
NA
NA
NA
NA
0.143
0.1
0.194
NA
NA
NA
NA
0.1
0.17
NA
NA
NA
0
0
NA
0
NA
NA
0.087
NA
NA
NA
0.134
NA
0.076
0.138
0.102
NA
NA
0.107
0
0.1
0.117
0.05
0.079
NA
NA
NA
0.1
NA
0.035
NA
NA
NA
NA
0.08
NA
NA
NA
NA
NA
NA
0.145
NA
0
NA
NA
NA
NA
0.061
NA
NA
NA
0.143
NA
0.05
0.057
0.08
NA
NA
NA
NA
NA
0
0.081
0.048
NA
NA
0.1
NA
NA
NA
NA
NA
NA
NA
NA
0
NA
NA
0.086
NA
0.1
NA
NA
0.1
0.1
0
NA
NA
0.1
NA
0.154
NA
NA
NA
NA
0.1
NA
0
0.1
NA
NA
NA
0.106
0.084
NA
NA
NA
NA
NA
NA
0.1
NA
NA
NA
NA
NA
NA
NA
NA
0.1
NA
NA
NA
NA
NA
0.1
NA
NA
NA
NA
0.154
NA
NA
NA
NA
NA
0.1
0.1
0.1
NA
NA
NA
NA
0
NA
NA
NA
0.147
0.068
0.115
NA
0.077
NA
0.039
0.08
0.1
0.1
NA
NA
NA
0
NA
NA
NA
NA
NA
NA
NA
0.025
0.1
0.226
NA
0.042
NA
0.1
NA
0.064
NA
0.1
NA
0.1
0
0.057
NA
NA
0.362
0.05
NA
0.1
NA
NA
NA
NA
NA
0.049
NA
0
0.1
NA
0.055
NA
0.043
0
0
NA
NA
0.1
0.1
0
NA
NA
0.086
NA
0
NA
NA
0.1
NA
NA
NA
NA
NA
NA
NA
NA
NA
0.1
NA
0.062
0.06
NA
0
NA
NA
0.073
0.086
0
NA
NA
0.114
0.1
NA
NA
NA
NA
0.042
NA
NA
NA
NA
NA
NA
NA
NA
NA
0.1
NA
0
0
0
0
NA
NA
NA
0.1
NA
NA
NA
NA
NA
NA
0.178
NA
0.073
NA
NA
NA
NA
NA
0.1
NA
0.252
0.071
0.1
NA
0.235
NA
NA
0.1
NA
NA
NA
NA
NA
0.071
0.1
0.063
NA
0
NA
0.037
NA
NA
0.07
0
NA
NA
NA
0.075
0.1
0.08
0
NA
0.1
0.1
0.1
0
NA
0
0
NA
NA
0.077
NA
NA
NA
NA
NA
NA
NA
0.157
0
NA
NA
NA
0.1
NA
0
NA
NA
0.154
NA
0.1
NA
NA
NA
NA
NA
0.045
0.213
NA
NA
NA
NA
NA
NA
NA
NA
0.025
0.043
NA
0.043
0.042
NA
NA
0
NA
0.08
0.075
NA
NA
0.1
0.073
NA
NA
NA
NA
NA
NA
NA
NA
0.1
NA
NA
NA
NA
NA
NA
NA
NA
NA
NA
NA
0.05
0
NA
NA
NA
0
NA
0
NA
0.062
NA
0.017
NA
0.05
NA
NA
NA
0
0.1
NA
0
0
NA
0.029
0.05
NA
NA
NA
NA
0.183
0.075
0
NA
NA
NA
NA
0.1
NA
NA
NA
0.1
NA
0.061
0.055
NA
0.043
NA
0.1
NA
NA
NA
0.036
NA
NA
0.124
0.1
NA
0.042
0.1
0.1
NA
NA
NA
0
NA
0
0.118
NA
0.057
NA
0.1
0.066
0.055
NA
NA
0
0.09
0
0
0
0.1
NA
NA
0.095
0.057
NA
NA
NA
NA
0.1
NA
NA
NA
NA
NA
NA
NA
0.1
NA
0.22
0
NA
NA
NA
NA
NA
0.034
0.1
NA
NA
NA
NA
NA
0.04
NA
NA
NA
NA
NA
NA
NA
NA
0.1
NA
NA
NA
NA
NA
NA
NA
NA
NA
NA
NA
NA
NA
NA
NA
NA
NA
NA
NA
0.057
NA
NA
NA
NA
NA
NA
NA
NA
NA
NA
NA
NA
NA
0.083
NA
0
0
NA
NA
0.1
0.055
0.046
NA
NA
0
0
0
NA
0.08
0.1
0.1
NA
NA
0.164
NA
NA
0.126
NA
NA
0.078
0.1
NA
NA
0.325
NA
0.1
0.1
0
NA
NA
NA
NA
NA
NA
NA
NA
NA
NA
NA
NA
NA
NA
NA
NA
NA
NA
NA
0
0.093
0.1
NA
NA
0.08
NA
NA
0
NA
NA
NA
NA
NA
NA
NA
NA
NA
NA
NA
NA
0.149
0.06
NA
0.083
NA
0
0.1
NA
NA
NA
NA
NA
NA
NA
NA
NA
NA
NA
NA
NA
NA
NA
NA
0.013
NA
NA
NA
NA
NA
0.1
NA
0.1
0.138
NA
NA
NA
NA
NA
0.1
NA
NA
0.1
0
0.1
NA
NA
NA
0.1
0.067
0.1
0.063
NA
NA
NA
0.1
0
NA
0.1
NA
0.062
0.096
0.058
NA
NA
NA
NA
0.081
0
0.169
0.03
0.063
NA
NA
0.1
0.1
NA
0.042
0.276
NA
NA
NA
NA
0.1
0.1
0
0.021
0
0
NA
0.1
NA
0.104
0.042
0.032
NA
NA
NA
NA
NA
0.103
NA
NA
0.041
0.145
NA
NA
NA
NA
NA
NA
NA
NA
NA
NA
NA
NA
NA
NA
NA
NA
NA
NA
NA
NA
NA
NA
0
0
0
0.061
0.06
NA
0.05
NA
0.057
NA
0.075
0.075
NA
NA
NA
NA
NA
0.055
0
0
NA
NA
NA
NA
NA
0.042
NA
NA
NA
NA
0.043
NA
0.1
NA
NA
NA
NA
NA
0.065
0.08
NA
NA
NA
0.1
0.1
0.1
0.1
NA
0.1
NA
NA
NA
NA
0
0.116
0
NA
NA
NA
NA
NA
NA
NA
NA
NA
NA
NA
0
NA
NA
NA
NA
NA
0.047
0
0.06
0
0.1
0.071
0.042
NA
0.1
NA
0.058
0.115
NA
NA
NA
0.095
NA
NA
NA
NA
NA
NA
NA
0.08
0.088
NA
NA
NA
NA
NA
NA
0.1
NA
NA
NA
NA
NA
NA
NA
NA
NA
NA
0.1
NA
0.1
0.1
NA
0.018
NA
0.123
0.082
0
0
0
NA
0.049
0.1
NA
NA
NA
NA
NA
NA
NA
0.132
NA
NA
0.264
0.1
0.1
0.1
0.045
NA
NA
NA
NA
0.057
0.023
NA
0.021
NA
NA
NA
0
0.03
0.133
0.127
NA
0.06
NA
NA
NA
NA
0.021
NA
NA
NA
NA
NA
0.1
NA
NA
NA
0.011
0
NA
NA
0.29
0.048
NA
NA
NA
NA
NA
0.161
NA
0.042
NA
0.311
0
NA
NA
NA
NA
0.1
NA
NA
NA
NA
NA
0.042
NA
NA
NA
NA
NA
NA
NA
NA
NA
NA
NA
NA
NA
NA
NA
NA
NA
NA
NA
NA
NA
NA
NA
NA
NA
NA
NA
NA
NA
NA
NA
NA
NA
NA
NA
NA
0.028
NA
NA
NA
0.058
NA
NA
NA
NA
0
NA
0.054
NA
NA
0.064
NA
NA
0.341
0
NA
NA
NA
0.1
0.1
0.27
0.077
NA
0
0.057
0.1
0.106
0
NA
0.1
NA
NA
NA
NA
NA
NA
0.1
NA
0
NA
0.1
0.058
0.042
NA
0.05
NA
NA
NA
NA
NA
0.1
NA
0.07
NA
NA
0.061
NA
0.021
NA
NA
0.1
0.1
NA
0
NA
0.038
0.057
0.1
0.1
0.1
0.163
0.021
NA
0.025
NA
NA
NA
NA
0.103
0.1
NA
NA
0.069
0.1
NA
NA
0
0.118
0.156
0.06
0.177
NA
NA
NA
NA
NA
NA
NA
NA
0.041
NA
NA
0
NA
NA
NA
NA
NA
0.028
NA
0.1
NA
NA
NA
NA
NA
NA
NA
NA
NA
NA
NA
NA
0.1
0.149
NA
NA
0.06
NA
NA
0.1
0
0
NA
NA
NA
0
NA
0
0.05
NA
0.073
NA
NA
NA
NA
NA
NA
NA
NA
NA
NA
NA
NA
NA
NA
NA
NA
NA
NA
NA
NA
0
0
NA
0
0.117
NA
0.126
0.083
NA
NA
NA
0
0
NA
NA
NA
NA
NA
NA
0
0.086
0.1
NA
0.1
0.08
NA
NA
NA
NA
NA
0.045
0.052
0.059
0.064
0.134
0.1
NA
0.1
NA
0.052
0.055
0
NA
NA
NA
0
NA
0
0.1
NA
NA
NA
NA
NA
NA
NA
NA
NA
NA
NA
0.028
NA
0.067
NA
0.1
0.057
0
NA
0
0.328
0.028
NA
NA
NA
0.1
0
0.1
0.1
NA
NA
NA
NA
0
0
NA
NA
NA
NA
0.055
NA
0.05
NA
0.09
0.016
NA
NA
NA
NA
NA
0
NA
0.063
0.211
0.082
0.154
0.049
NA
0.1
0
0.107
0.087
NA
0.068
0.1
0.157
0.06
NA
NA
0
0.167
0.06
0.042
NA
NA
NA
NA
NA
NA
0.298
0.1
NA
NA
0
NA
0.1
0.195
NA
NA
0.349
NA
NA
0.1
0.135
0.1
0.1
NA
NA
NA
NA
NA
0.1
0
NA
0.1
NA
0
NA
0.295
NA
NA
NA
NA
NA
NA
0.154
NA
NA
0
NA
NA
NA
NA
NA
NA
NA
NA
NA
0.042
0.042
NA
0.042
NA
0.1
NA
0.1
0.075
0.1
NA
NA
NA
0
0.1
NA
NA
NA
NA
NA
NA
NA
NA
0.074
NA
NA
NA
NA
NA
NA
NA
NA
NA
NA
NA
NA
0.042
NA
NA
NA
NA
NA
NA
NA
NA
0.1
0.1
0.086
NA
0.034
NA
NA
NA
NA
NA
NA
NA
NA
NA
NA
NA
NA
0.025
0.025
0.017
0.096
0.1
0.04
0.048
NA
NA
NA
NA
NA
NA
NA
0.193
NA
0.136
0.095
NA
NA
NA
NA
NA
NA
NA
NA
0.076
NA
NA
NA
NA
NA
NA
NA
0.1
0.339
0
0.06
NA
NA
NA
NA
NA
NA
0.068
NA
NA
0.1
0.08
NA
NA
0.112
NA
0.1
0.1
0.169
0.042
NA
0.083
0.097
NA
0.1
0
NA
NA
NA
NA
NA
NA
NA
NA
NA
0.1
0.145
0.07
NA
0.048
0.1
NA
0.042
NA
NA
0
NA
NA
NA
NA
NA
NA
NA
NA
0.1
NA
NA
NA
NA
NA
NA
NA
NA
NA
NA
NA
NA
NA
NA
NA
0.08
0.069
NA
NA
0
NA
0
NA
NA
0.126
0.055
NA
NA
NA
NA
0.127
0.344
0.252
NA
NA
NA
NA
NA
NA
0.1
NA
0.06
0.1
0
NA
NA
NA
0.1
0.341
NA
0
NA
0.1
0.1
0.1
NA
NA
NA
NA
NA
NA
0
NA
NA
NA
NA
NA
NA
NA
0.061
0.041
NA
0.1
NA
0.1
0.042
NA
NA
NA
NA
NA
NA
NA
NA
0.061
NA
NA
NA
NA
NA
NA
NA
NA
NA
NA
NA
NA
NA
0.055
NA
NA
0
0.246
NA
0.057
NA
NA
NA
0
NA
NA
NA
NA
NA
NA
0.161
NA
NA
NA
NA
NA
NA
0.1
0.08
0.1
NA
NA
NA
NA
0.1
NA
NA
NA
NA
NA
NA
NA
NA
0
NA
NA
NA
NA
NA
NA
NA
NA
NA
NA
NA
NA
0.074
NA
NA
0
0.1
NA
NA
0.087
0.1
NA
NA
NA
NA
NA
NA
0
NA
NA
NA
NA
NA
NA
NA
NA
NA
NA
NA
NA
NA
0.057
0.04
NA
NA
0.071
NA
NA
0.1
0.122
NA
NA
NA
NA
NA
0.1
NA
NA
NA
NA
NA
NA
NA
NA
0.061
NA
NA
0.1
NA
NA
NA
NA
NA
NA
NA
0.042
NA
NA
NA
NA
0
NA
NA
NA
NA
NA
NA
NA
NA
NA
NA
NA
NA
NA
0
NA
NA
NA
NA
NA
NA
NA
0
NA
NA
NA
NA
NA
NA
NA
NA
NA
NA
NA
NA
NA
0.075
NA
NA
NA
0.1
NA
NA
0.1
0.179
NA
NA
NA
NA
NA
NA
0.1
0.161
NA
NA
NA
NA
0.1
NA
NA
0.1
0.466
NA
NA
NA
NA
0.061
NA
NA
NA
NA
NA
NA
NA
NA
NA
NA
NA
NA
NA
NA
NA
NA
NA
0.11
0.406
0.1
0
0.1
NA
0
NA
NA
NA
NA
NA
NA
NA
NA
0.067
0.14
NA
0.1
0.1
NA
NA
0
0.1
0.1
NA
NA
NA
NA
NA
NA
NA
NA
0.324
NA
0
NA
NA
NA
NA
NA
0.139
NA
0.1
0.1
NA
NA
NA
NA
0.05
0.05
0.043
0
NA
NA
NA
NA
0.049
NA
NA
NA
NA
NA
NA
0.1
NA
NA
NA
NA
NA
NA
NA
NA
NA
0.1
0
NA
NA
NA
NA
NA
NA
NA
NA
NA
NA
NA
0.032
0.29
0
0.067
NA
NA
NA
NA
NA
0
NA
NA
NA
0.057
NA
0.041
0.099
NA
0.1
NA
NA
NA
NA
NA
0.21
NA
NA
NA
0.1
0.048
NA
NA
NA
NA
NA
NA
NA
NA
NA
NA
NA
0.1
0.047
NA
NA
NA
NA
NA
NA
NA
NA
0
0.042
NA
NA
NA
NA
NA
NA
0.055
0.141
0.1
0.1
0.1
NA
NA
NA
NA
NA
NA
NA
NA
NA
0.139
NA
NA
NA
NA
NA
NA
NA
NA
NA
0
NA
NA
0
NA
NA
NA
NA
0.232
0.133
NA
0.104
0.068
NA
0.1
NA
NA
NA
NA
0.1
NA
NA
0.167
0.207
NA
NA
0.075
NA
NA
NA
NA
0.08
0.055
0.1
NA
NA
NA
NA
NA
NA
NA
NA
0.058
0
NA
0.425
0.042
0.23
NA
0.324
NA
NA
NA
NA
NA
NA
NA
0.062
NA
0.061
NA
NA
NA
NA
NA
NA
NA
NA
0.1
0.1
0.154
0
0
NA
NA
NA
NA
NA
NA
0.264
0
0.062
0.1
0.08
NA
NA
NA
0.033
0.087
NA
NA
NA
NA
NA
NA
NA
NA
NA
NA
NA
0
0
NA
0.1
NA
NA
0.1
NA
NA
NA
0
0
NA
NA
0
0
0.042
NA
NA
NA
NA
0
0
NA
NA
NA
NA
0.1
NA
NA
NA
NA
0
0
NA
NA
NA
NA
NA
0
NA
NA
NA
NA
NA
NA
NA
NA
NA
NA
NA
0.056
NA
NA
NA
0.024
0.1
0.1
NA
NA
NA
NA
NA
NA
NA
0.05
NA
NA
0.062
0.193
NA
NA
NA
0
NA
NA
0.068
NA
0.167
NA
NA
NA
NA
NA
NA
NA
NA
NA
NA
NA
0.057
NA
NA
NA
NA
NA
NA
NA
NA
NA
NA
NA
0.075
NA
NA
NA
NA
NA
0.042
0.025
NA
0.038
NA
NA
NA
NA
0.257
NA
NA
NA
NA
NA
NA
NA
NA
NA
NA
0.1
0.12
NA
NA
NA
NA
0.1
NA
NA
0.13
0.061
0.1
0.1
0.042
NA
NA
NA
NA
0.1
0.1
NA
NA
NA
NA
NA
NA
NA
NA
0
0.061
0.123
0.021
NA
NA
0.019
NA
NA
NA
0.051
0.043
0.064
NA
0.054
0.097
NA
NA
0.053
0.042
NA
NA
NA
NA
NA
0.1
NA
NA
NA
NA
NA
NA
NA
NA
NA
NA
NA
0.042
NA
NA
NA
NA
0.04
0.03
NA
NA
NA
NA
NA
NA
NA
NA
NA
0.1
NA
NA
0.074
NA
NA
0.1
0.204
NA
NA
NA
NA
NA
NA
NA
NA
NA
0.1
NA
NA
NA
NA
NA
NA
NA
NA
NA
0.108
NA
NA
0.042
0.042
NA
0.122
NA
NA
NA
NA
NA
NA
NA
NA
0.021
NA
NA
NA
NA
NA
NA
NA
NA
NA
NA
0.08
0.041
0.1
NA
NA
NA
0.1
NA
NA
0.057
NA
0.142
NA
NA
NA
NA
NA
NA
NA
NA
NA
NA
NA
NA
NA
NA
0
NA
NA
NA
NA
NA
NA
NA
NA
NA
NA
0.127
0.064
NA
NA
NA
NA
0.154
NA
NA
NA
0.1
NA
NA
0.107
NA
NA
NA
NA
0
NA
NA
NA
NA
NA
NA
NA
NA
NA
NA
NA
NA
NA
NA
NA
NA
NA
NA
NA
0.127
NA
NA
NA
NA
NA
NA
NA
NA
NA
NA
NA
NA
NA
NA
NA
NA
NA
NA
NA
NA
NA
0.109
0
NA
NA
NA
NA
0.062
NA
NA
NA
NA
NA
NA
NA
NA
NA
0.1
NA
NA
NA
NA
NA
NA
NA
NA
NA
NA
NA
NA
NA
NA
NA
NA
0.042
0.024
NA
0
NA
NA
NA
NA
NA
NA
NA
NA
NA
NA
NA
NA
NA
0.08
0.032
NA
0.149
NA
NA
NA
NA
0.1
NA
NA
0
NA
0.068
NA
NA
0
0.1
NA
NA
NA
NA
NA
NA
NA
NA
NA
NA
NA
NA
NA
NA
NA
NA
NA
NA
NA
NA
NA
NA
NA
0.1
NA
NA
NA
NA
NA
NA
NA
NA
NA
NA
NA
NA
NA
NA
NA
0
NA
0
0
NA
NA
NA
NA
NA
NA
NA
NA
0.1
0.08
NA
NA
NA
0.1
NA
NA
NA
NA
NA
NA
NA
NA
NA
NA
NA
0.042
NA
NA
NA
NA
NA
NA
0
0.1
0
0.1
0.071
NA
NA
NA
NA
NA
NA
NA
NA
NA
0.045
NA
NA
NA
NA
NA
NA
NA
NA
NA
NA
NA
NA
0.1
NA
NA
NA
NA
NA
0
0
0.1
0.076
NA
0.204
NA
NA
NA
NA
NA
NA
NA
NA
NA
NA
NA
NA
NA
0.1
NA
NA
NA
NA
NA
NA
NA
NA
0
0.042
NA
NA
NA
NA
NA
NA
NA
NA
0.1
0
NA
NA
NA
NA
NA
NA
NA
NA
NA
NA
NA
NA
NA
NA
NA
NA
NA
NA
NA
NA
NA
NA
NA
NA
NA
NA
NA
NA
NA
NA
NA
NA
NA
NA
NA
NA
NA
NA
NA
NA
0.1
NA
0.1
NA
NA
NA
NA
NA
NA
NA
NA
NA
NA
NA
NA
NA
NA
NA
NA
0.092
NA
NA
NA
NA
0.154
0
0
NA
NA
0.204
0.204
NA
0.042
NA
NA
NA
NA
0.068
0.169
NA
NA
NA
NA
NA
NA
0
0
NA
NA
NA
NA
NA
NA
0.1
NA
NA
NA
NA
0.057
0.05
NA
NA
NA
NA
NA
0
0
NA
NA
NA
NA
NA
NA
NA
NA
NA
NA
NA
NA
NA
NA
NA
NA
NA
NA
NA
NA
NA
NA
NA
NA
0.042
0.204
0
NA
0.048
NA
NA
NA
NA
NA
NA
NA
0.146
0.067
0.04
NA
NA
0.242
NA
0.154
NA
NA
NA
NA
NA
NA
NA
NA
NA
NA
0.127
0.07
NA
NA
NA
0.1
NA
NA
NA
NA
NA
NA
NA
NA
NA
NA
NA
NA
NA
NA
NA
NA
NA
NA
NA
NA
NA
0.1
NA
0.071
NA
NA
NA
NA
NA
NA
NA
NA
NA
NA
NA
NA
NA
NA
0.04
0.057
NA
NA
NA
NA
0.214
NA
NA
NA
NA
NA
0.1
0.1
0.1
NA
NA
NA
NA
NA
NA
NA
0.049
NA
NA
NA
NA
NA
NA
0.1
NA
NA
NA
NA
NA
NA
NA
0
NA
NA
NA
NA
NA
NA
NA
0.1
NA
NA
0.108
NA
NA
NA
NA
NA
0.066
0.06
NA
NA
NA
NA
NA
NA
NA
NA
0.075
NA
0
NA
NA
0.027
NA
0.183
NA
NA
NA
NA
NA
NA
0
NA
0.068
NA
NA
NA
NA
NA
NA
NA
NA
NA
0.175
NA
NA
NA
NA
NA
0.122
NA
NA
NA
NA
NA
NA
NA
NA
0.075
0.222
0.115
0.047
0.076
NA
NA
NA
NA
NA
NA
NA
NA
NA
NA
0.06
0.1
NA
NA
NA
NA
NA
NA
NA
NA
NA
NA
NA
0.1
0.324
NA
NA
NA
NA
NA
0.1
0
NA
0.1
NA
NA
NA
NA
0.1
NA
0.042
NA
NA
NA
NA
0.1
NA
NA
NA
0.04
NA
NA
NA
NA
0.042
0.057
NA
NA
NA
NA
NA
NA
NA
NA
NA
NA
0.051
NA
NA
NA
NA
NA
0
NA
0.1
0
0.073
0.057
NA
NA
0.154
NA
NA
0.042
NA
NA
NA
0.037
0.1
NA
NA
NA
NA
NA
NA
NA
NA
NA
NA
NA
NA
0.1
0.063
0.1
NA
0.1
0.1
NA
NA
NA
0.211
NA
NA
NA
0.1
NA
0.042
NA
NA
NA
NA
0.05
0.057
NA
NA
NA
NA
0.067
NA
NA
0.139
NA
NA
NA
NA
0.1
0.06
0.339
NA
NA
NA
0.08
NA
0.075
0.1
NA
NA
NA
NA
NA
NA
NA
NA
0.276
NA
NA
0.083
NA
NA
NA
NA
NA
NA
NA
NA
NA
NA
NA
NA
NA
NA
0.1
0.077
NA
NA
NA
NA
0.154
NA
NA
NA
0.055
0.1
0.04
NA
NA
0.086
NA
NA
NA
NA
NA
0.1
0.042
0.1
NA
NA
NA
NA
NA
NA
0.052
NA
NA
0.063
0.055
NA
NA
NA
NA
NA
NA
NA
0.06
NA
NA
0.048
NA
NA
0.182
0.05
NA
NA
NA
NA
NA
0.1
0.103
NA
0.346
NA
NA
NA
NA
0.053
NA
NA
NA
NA
NA
0
NA
NA
NA
NA
0
0
0
NA
0.075
NA
NA
NA
NA
NA
NA
NA
NA
NA
NA
0.239
0
NA
NA
NA
0.306
NA
NA
0.1
0.1
NA
0.1
0.1
NA
NA
NA
NA
NA
NA
NA
NA
0.042
NA
NA
NA
NA
0.1
0.1
0.1
NA
0
NA
NA
NA
NA
0.1
0.068
0.064
0.1
NA
NA
NA
NA
NA
NA
NA
NA
NA
0.1
NA
0.1
NA
NA
0.1
NA
NA
NA
NA
0.1
NA
NA
NA
NA
NA
NA
0
NA
NA
NA
NA
NA
NA
NA
0.044
0
NA
NA
NA
NA
NA
NA
NA
NA
NA
NA
NA
NA
NA
NA
NA
NA
NA
NA
NA
NA
NA
NA
NA
NA
NA
0.042
NA
0.075
NA
NA
NA
NA
0.087
NA
NA
NA
NA
NA
NA
NA
NA
0.1
NA
0
0
NA
NA
0.154
0.05
NA
NA
NA
NA
NA
NA
0.1
NA
NA
NA
0.096
0.073
NA
0.115
NA
NA
NA
NA
0.138
0.214
0
NA
NA
NA
NA
0.042
0.032
0.1
0
NA
NA
0.1
0.123
NA
NA
NA
NA
0
0.1
NA
0.185
NA
NA
NA
0.028
NA
NA
NA
NA
NA
NA
NA
NA
NA
NA
0.042
0.1
NA
NA
NA
0.1
0.1
NA
NA
NA
NA
NA
NA
NA
NA
NA
NA
NA
NA
NA
NA
NA
NA
NA
0.1
NA
NA
NA
NA
0.1
NA
NA
NA
0.058
NA
NA
NA
NA
0.024
NA
NA
NA
NA
NA
NA
NA
NA
0.05
NA
0.049
NA
NA
0
NA
0
0.1
NA
NA
NA
NA
NA
NA
NA
NA
NA
NA
NA
NA
NA
NA
NA
0.278
NA
NA
NA
0
NA
NA
NA
NA
NA
NA
0.1
NA
0.1
NA
NA
NA
0.042
NA
NA
NA
NA
NA
0
0
0
0.1
0.17
0.13
0.1
NA
NA
NA
NA
NA
NA
NA
NA
NA
NA
NA
NA
NA
NA
0
NA
0.159
NA
NA
NA
NA
NA
0.042
NA
NA
NA
0.1
NA
NA
0.1
NA
NA
0.097
0.097
NA
NA
NA
0
NA
NA
NA
NA
NA
NA
NA
0
NA
NA
NA
NA
NA
NA
NA
0.26
0.042
0
0.188
NA
NA
NA
0.089
NA
NA
NA
NA
NA
NA
0.082
NA
0.1
0
0.114
0.071
NA
NA
0.1
NA
0.1
NA
NA
NA
NA
NA
NA
NA
0.1
NA
NA
NA
NA
NA
NA
NA
NA
0
0.043
NA
NA
NA
NA
NA
NA
NA
NA
NA
0.1
0.1
0.109
0.184
NA
0.185
NA
NA
NA
0.064
0.05
NA
0.049
NA
NA
NA
NA
NA
NA
NA
NA
0.062
NA
NA
0.133
NA
0.077
NA
NA
NA
NA
0.081
0.057
NA
NA
0
NA
0.128
NA
NA
NA
NA
0.1
NA
NA
NA
NA
0
NA
0.026
0
NA
NA
NA
0.1
NA
NA
NA
0.1
0
NA
0
NA
0.039
0.04
NA
0.206
NA
0.1
0.077
0.105
0.065
0.049
NA
NA
NA
0.12
0.187
0.109
NA
0.1
0.154
0.043
NA
NA
NA
0.088
NA
0.069
NA
NA
NA
NA
NA
NA
NA
NA
0
NA
0.174
0.079
NA
NA
NA
NA
NA
NA
NA
NA
NA
0.042
NA
NA
0.055
NA
NA
NA
0.061
NA
0.068
0.129
NA
NA
NA
0.15
0.1
0.06
NA
NA
0.1
0.1
NA
NA
NA
0.1
0.05
0.077
0.05
NA
0.195
NA
NA
NA
NA
NA
NA
NA
NA
NA
NA
NA
NA
0.042
0
NA
NA
0.042
NA
0.042
0.1
NA
NA
0
0.154
NA
NA
NA
NA
0.1
NA
0.1
0.1
NA
NA
NA
0.1
NA
NA
NA
0
0.198
NA
NA
NA
NA
NA
NA
NA
NA
NA
0.048
NA
0
0.087
NA
NA
0.1
NA
0.064
0.04
0.04
0.075
0
NA
0
NA
0.04
NA
NA
NA
0
0
NA
0.075
NA
NA
NA
NA
0.11
NA
NA
NA
0.108
NA
NA
NA
NA
NA
NA
NA
0
0
NA
NA
NA
NA
0.154
NA
0.111
NA
NA
NA
0.04
NA
NA
NA
NA
NA
NA
NA
NA
NA
NA
NA
NA
NA
0.118
NA
NA
NA
NA
NA
NA
NA
NA
NA
NA
NA
NA
0.1
NA
NA
NA
NA
NA
0.1
NA
0
0.055
0
NA
NA
NA
0.101
NA
NA
NA
NA
0.077
NA
NA
0.1
NA
NA
NA
NA
NA
NA
NA
NA
NA
NA
NA
NA
NA
NA
NA
NA
NA
NA
NA
0.025
NA
0.067
NA
NA
0.344
NA
NA
NA
NA
NA
NA
NA
NA
NA
0.136
NA
NA
NA
NA
NA
NA
0.08
NA
NA
NA
NA
NA
NA
NA
NA
NA
NA
NA
0.084
0.04
NA
0.086
NA
0.034
NA
0.204
0.204
NA
0.1
NA
NA
NA
NA
NA
0
0.1
NA
NA
NA
NA
0.027
0.293
0.1
NA
NA
0.1
0
NA
0
NA
0.077
NA
0.105
0.146
0.097
NA
0.1
0.106
NA
0.1
NA
NA
0.15
0.066
0.061
0.15
NA
NA
NA
0.081
0.057
NA
NA
NA
NA
NA
0.068
NA
NA
NA
NA
NA
NA
NA
NA
NA
0.1
0.1
NA
0
NA
NA
NA
NA
0
NA
0
NA
NA
NA
0
NA
0.1
NA
0.08
0.068
NA
0
NA
NA
NA
NA
NA
0.075
NA
0.077
NA
0.214
NA
0.29
0.125
NA
NA
0
NA
NA
NA
NA
NA
0.042
NA
0
0.065
0
0.073
0.073
0.033
NA
0.1
0.1
0.1
NA
NA
NA
NA
0.032
NA
0
0.08
0.181
NA
NA
0.167
NA
NA
NA
NA
NA
NA
NA
NA
NA
NA
NA
NA
0.045
NA
NA
0.121
NA
NA
NA
NA
NA
NA
NA
NA
0
0.061
NA
NA
NA
NA
NA
NA
NA
NA
NA
NA
NA
0.108
0.075
0.071
NA
NA
NA
NA
0.042
NA
NA
NA
NA
NA
NA
0.059
NA
NA
0.1
NA
NA
0.1
NA
0
0.1
0.1
0.252
NA
NA
NA
NA
NA
NA
NA
NA
NA
NA
NA
NA
NA
NA
NA
NA
NA
NA
NA
NA
NA
NA
NA
NA
NA
NA
0.11
NA
NA
NA
NA
NA
NA
NA
NA
NA
NA
NA
NA
NA
0.182
NA
0.1
0.086
0.086
NA
NA
NA
NA
NA
NA
0.054
NA
0.1
NA
NA
NA
NA
NA
NA
NA
NA
NA
NA
NA
NA
NA
NA
0.059
NA
NA
NA
0.03
NA
NA
NA
NA
NA
NA
NA
NA
NA
NA
NA
NA
0.095
0.093
0.089
NA
NA
NA
0.04
NA
NA
NA
NA
NA
NA
NA
0.042
0.173
0.067
0
NA
NA
NA
NA
NA
NA
NA
NA
0.047
NA
NA
NA
NA
0.06
0
NA
NA
NA
NA
NA
0.042
NA
NA
NA
0.1
NA
NA
NA
NA
NA
NA
NA
NA
NA
NA
NA
NA
0
NA
NA
NA
NA
0.399
NA
0.121
0.098
NA
0
0.07
0.1
NA
NA
0
NA
0
NA
0.077
0.1
0.058
0.057
NA
NA
NA
0.047
0.067
NA
NA
NA
NA
NA
NA
NA
NA
NA
NA
NA
NA
NA
NA
NA
NA
NA
NA
0.03
0.341
NA
0.108
0.1
NA
NA
NA
NA
NA
NA
NA
NA
NA
0.239
NA
NA
NA
NA
NA
NA
NA
NA
NA
NA
NA
NA
NA
NA
NA
NA
NA
NA
NA
NA
NA
NA
0.068
NA
0.1
NA
NA
NA
NA
NA
NA
NA
NA
NA
NA
NA
NA
NA
NA
NA
0.1
NA
NA
NA
NA
NA
NA
NA
0.1
NA
0.1
NA
NA
NA
NA
NA
NA
NA
NA
NA
NA
NA
NA
NA
NA
NA
NA
NA
NA
NA
0.044
NA
NA
0.1
NA
NA
NA
NA
0
0
NA
0.096
0.06
NA
NA
NA
NA
NA
NA
NA
0.042
NA
NA
0.057
NA
0
0
0
NA
0.065
NA
0
NA
NA
NA
NA
NA
NA
NA
NA
NA
NA
NA
NA
0
0.061
NA
NA
NA
0.1
NA
NA
0.049
0
0.1
0.05
NA
NA
0.1
0.05
NA
NA
NA
NA
0.1
NA
NA
NA
NA
NA
0.1
0.08
0.05
NA
NA
NA
0.1
NA
NA
0
NA
NA
NA
NA
NA
NA
0.083
NA
NA
NA
NA
NA
NA
0.089
0.153
0.064
NA
NA
NA
NA
NA
NA
NA
NA
0
0
NA
NA
0.1
NA
NA
NA
NA
0
NA
0.05
0
0.1
NA
NA
NA
NA
NA
NA
NA
0
NA
0
NA
0
NA
NA
NA
NA
NA
NA
NA
NA
0.1
NA
NA
NA
0
NA
NA
NA
0
0.08
NA
NA
NA
0.068
NA
0.154
NA
NA
NA
NA
0.055
NA
NA
NA
NA
NA
NA
NA
NA
NA
NA
NA
0.057
NA
NA
0.05
NA
NA
0.115
0.1
0.124
0.1
NA
NA
NA
NA
NA
NA
NA
NA
0.1
NA
NA
NA
NA
0
NA
NA
NA
NA
NA
0.1
NA
0.09
0.082
NA
NA
0.1
NA
NA
NA
NA
NA
0.055
NA
0.061
NA
NA
NA
0.112
NA
0.08
NA
0.061
NA
NA
NA
NA
NA
NA
0.048
NA
0.1
0.152
NA
0.162
0.037
0.04
0
NA
0.1
NA
0
NA
NA
NA
0.246
NA
0.324
NA
NA
NA
NA
NA
0.075
NA
NA
NA
NA
0.048
0.1
0.113
0.044
NA
0
0
0
NA
NA
NA
NA
NA
NA
NA
NA
NA
0.084
0.08
NA
NA
NA
NA
NA
NA
NA
0.043
0.24
NA
NA
NA
0.043
0.05
NA
0.1
NA
NA
NA
NA
NA
0.106
0.08
0.09
0.064
NA
NA
NA
NA
NA
NA
NA
0.191
0.061
0.035
NA
0
NA
0.06
0.042
0.1
NA
0.1
NA
NA
NA
NA
NA
0.138
0
0.088
NA
0.067
NA
0.042
NA
NA
0
NA
NA
NA
0.1
NA
0.1
NA
0.032
0.1
0.171
0.06
0.1
0.1
0.1
NA
0
NA
NA
0.1
0.131
0.09
NA
NA
0.087
0.154
NA
NA
NA
NA
NA
0.049
0.347
NA
0.065
NA
NA
0.176
NA
NA
NA
0.1
0.075
0
NA
NA
0.173
0.154
0.1
NA
NA
NA
NA
NA
NA
NA
NA
NA
NA
NA
NA
0.109
NA
NA
NA
NA
0.143
NA
0.042
NA
NA
NA
NA
NA
NA
NA
NA
NA
NA
NA
NA
NA
NA
NA
NA
NA
0.04
NA
0.1
0.104
0.177
NA
0.084
0.086
0.094
0.071
0.169
NA
NA
0.403
0.1
NA
0.144
NA
NA
NA
0.042
NA
NA
NA
NA
NA
NA
NA
NA
0.042
NA
NA
0.1
NA
0.068
NA
NA
NA
NA
NA
NA
NA
NA
0.1
NA
NA
0.1
0.021
0.088
0.06
0.071
0.056
NA
0.042
0.071
0
NA
0.093
NA
NA
0.066
0.082
0
0.055
0.162
0
NA
NA
NA
NA
NA
NA
NA
NA
NA
NA
0
NA
NA
NA
NA
0.1
NA
0.047
0.137
0.167
NA
0.151
0.05
NA
NA
NA
NA
NA
NA
NA
0.1
0.1
NA
NA
0.08
0.08
0.187
0.1
0.1
0.1
NA
NA
NA
NA
NA
NA
NA
NA
NA
0.088
0.203
0.078
0
0.049
0.05
NA
NA
NA
NA
0.212
0.1
NA
0.1
0.1
0.1
NA
0
NA
NA
0
0
NA
0
0.222
0.069
0.1
NA
0.349
0.142
0.064
NA
0.062
NA
0.121
0.097
NA
0.1
NA
NA
NA
NA
0.1
0.154
0.278
NA
0.08
0.07
NA
NA
0.106
0.1
0.1
NA
0
0.042
NA
NA
NA
NA
NA
NA
0.1
0.1
NA
0.224
NA
0.058
NA
0
0
0.075
0.05
0.1
NA
NA
NA
NA
NA
0
0.057
0.1
NA
0.042
0.042
0.108
0.04
0.121
NA
NA
NA
0.1
NA
NA
NA
NA
NA
NA
NA
NA
NA
0.148
NA
NA
NA
NA
NA
0.075
0.057
NA
0.1
0.1
0.1
0.075
0.05
0.112
NA
0.1
NA
0.15
0.202
0.1
NA
0.076
NA
0.194
0.1
0.067
NA
NA
NA
NA
NA
NA
NA
0.086
NA
NA
0.075
0.062
0.1
0
NA
NA
NA
0.061
NA
NA
0.1
0.06
NA
NA
0.1
0.033
NA
NA
NA
0.226
0.1
0.08
0.246
NA
0.256
NA
NA
NA
NA
NA
NA
NA
NA
0.093
0.121
NA
NA
NA
0.057
0.033
NA
NA
NA
NA
0.113
0.1
NA
NA
0.061
0.048
NA
NA
NA
NA
0.042
NA
NA
NA
NA
NA
0.086
0.069
NA
NA
NA
NA
0.1
NA
NA
NA
NA
NA
NA
NA
NA
NA
NA
NA
NA
NA
0.1
NA
NA
0.028
NA
NA
NA
0.112
0.1
NA
NA
NA
NA
NA
NA
0.074
NA
NA
NA
NA
NA
NA
NA
NA
NA
NA
NA
0.1
NA
NA
0.069
NA
0.1
0.118
NA
NA
NA
NA
NA
0.014
0.173
0.06
0.091
NA
0.136
NA
0.19
0.039
0.1
0.037
NA
0.08
NA
NA
NA
0.1
NA
0.075
0.032
0.1
NA
NA
0.143
NA
NA
NA
NA
NA
0
NA
0.057
0.1
NA
NA
NA
0
0
NA
NA
NA
NA
NA
0.127
0.08
NA
NA
NA
0.188
NA
NA
NA
NA
0.1
0.1
NA
NA
NA
NA
NA
0
0
0
NA
NA
0.105
NA
NA
0.184
NA
NA
NA
0.088
NA
NA
NA
NA
NA
NA
NA
NA
NA
NA
NA
NA
0.042
NA
0.087
NA
NA
NA
NA
0.063
NA
NA
NA
0.18
0.1
NA
0.1
NA
NA
NA
NA
NA
NA
NA
NA
NA
NA
NA
NA
NA
NA
NA
0.1
0.047
NA
NA
0.063
NA
NA
NA
0.173
0.054
0.041
NA
0.1
NA
0.068
NA
NA
0.071
0.149
0.086
NA
NA
NA
NA
NA
NA
NA
0.032
NA
NA
NA
NA
NA
NA
NA
0.032
NA
NA
NA
NA
NA
0
NA
NA
NA
NA
NA
NA
NA
NA
NA
NA
NA
NA
0
NA
NA
NA
0.14
NA
NA
0.085
NA
0
NA
0.324
NA
NA
NA
NA
NA
NA
NA
NA
0.042
0
NA
NA
NA
NA
NA
NA
NA
NA
NA
NA
NA
NA
NA
NA
NA
NA
NA
NA
0.042
0.042
NA
NA
NA
NA
NA
NA
NA
0.1
NA
0.1
NA
NA
NA
NA
NA
0.05
NA
NA
NA
NA
NA
NA
NA
NA
NA
NA
NA
NA
NA
NA
NA
NA
NA
NA
NA
0.1
0.1
NA
0.048
NA
NA
NA
NA
0.037
0.057
0.042
NA
NA
0.068
NA
NA
NA
NA
0
NA
NA
0.108
0.071
NA
0
0.1
NA
NA
0.1
NA
NA
0.075
NA
NA
NA
0.083
0.021
NA
NA
NA
NA
NA
NA
0.04
NA
NA
NA
NA
NA
NA
NA
NA
NA
NA
0.1
NA
NA
NA
NA
0.055
NA
NA
NA
NA
NA
NA
NA
NA
NA
NA
NA
NA
NA
NA
NA
NA
0.1
NA
0.042
NA
NA
NA
NA
NA
NA
NA
NA
NA
NA
NA
NA
NA
NA
NA
NA
NA
NA
NA
NA
NA
NA
NA
0.086
0.215
NA
0.063
0.14
0.042
NA
NA
NA
NA
NA
NA
NA
NA
0
0.1
NA
0.042
0.086
0
0.1
NA
0.204
0.295
0.161
NA
NA
NA
NA
NA
NA
NA
NA
NA
NA
NA
NA
0
NA
NA
NA
NA
0.09
0.118
NA
NA
NA
NA
NA
0.1
NA
NA
0.1
NA
NA
NA
NA
NA
NA
NA
NA
NA
NA
NA
NA
NA
NA
NA
NA
NA
NA
NA
NA
NA
NA
NA
NA
NA
NA
0.042
NA
NA
0.1
NA
NA
NA
NA
NA
NA
NA
NA
NA
NA
NA
NA
NA
NA
NA
NA
NA
NA
NA
NA
NA
NA
NA
NA
NA
NA
0.1
NA
NA
NA
0.216
0.1
0.1
NA
0.042
NA
NA
NA
NA
NA
NA
0.04
NA
NA
NA
NA
NA
NA
NA
NA
NA
NA
NA
NA
NA
NA
NA
NA
NA
0
0.1
NA
0.1
NA
NA
0
NA
NA
NA
0.1
NA
NA
NA
NA
NA
NA
NA
NA
NA
NA
NA
0.1
NA
0.1
0.239
0.239
0
0.1
0.1
NA
NA
NA
NA
0.1
0.1
NA
NA
NA
NA
NA
0.042
0.123
NA
NA
NA
NA
NA
NA
NA
NA
NA
NA
NA
0.1
NA
NA
NA
NA
NA
NA
NA
NA
0
NA
0.1
NA
0
NA
NA
NA
NA
NA
NA
NA
NA
NA
NA
NA
NA
NA
NA
NA
NA
NA
NA
NA
NA
NA
NA
NA
NA
NA
0.1
NA
0
0.05
0.064
NA
0.1
NA
NA
NA
NA
NA
NA
NA
NA
NA
NA
NA
NA
NA
0.184
NA
NA
NA
NA
NA
0.1
NA
NA
NA
NA
NA
NA
NA
NA
NA
NA
NA
NA
NA
NA
NA
NA
NA
NA
NA
NA
NA
NA
NA
NA
NA
NA
NA
NA
NA
NA
NA
NA
NA
NA
NA
NA
0.1
NA
NA
NA
0.1
NA
NA
NA
NA
NA
NA
NA
NA
NA
NA
NA
0.048
NA
NA
NA
NA
NA
NA
NA
NA
NA
NA
NA
NA
NA
NA
NA
0.214
0.075
NA
0.082
NA
0.048
NA
0.127
NA
0
NA
NA
NA
NA
NA
NA
NA
NA
0.1
0.1
0.1
NA
NA
NA
NA
NA
NA
0.1
NA
NA
NA
NA
NA
NA
NA
NA
NA
NA
NA
NA
0.1
NA
NA
NA
NA
NA
NA
NA
NA
0.1
NA
NA
0.1
0.1
NA
NA
NA
NA
NA
NA
NA
NA
NA
NA
NA
NA
NA
NA
NA
NA
NA
NA
0.1
NA
NA
NA
NA
NA
NA
NA
NA
NA
NA
NA
NA
NA
NA
NA
NA
NA
NA
0
0.1
NA
NA
NA
NA
NA
NA
NA
NA
NA
NA
NA
NA
NA
NA
NA
0.1
NA
NA
NA
NA
NA
NA
NA
NA
NA
NA
NA
NA
NA
NA
NA
NA
0.1
0.1
0.1
0.042
NA
NA
NA
NA
NA
NA
NA
NA
NA
NA
NA
NA
0.1
NA
NA
NA
NA
NA
NA
NA
NA
NA
NA
NA
NA
NA
NA
NA
NA
NA
NA
NA
NA
NA
NA
NA
NA
NA
NA
NA
NA
NA
NA
NA
NA
NA
NA
0.06
NA
NA
NA
NA
NA
NA
NA
NA
0.1
0.1
NA
NA
NA
NA
NA
0.13
0.208
NA
NA
NA
0.064
0.1
NA
NA
NA
NA
0.1
NA
0.1
NA
NA
NA
0.092
NA
NA
NA
NA
NA
NA
NA
NA
NA
NA
NA
NA
NA
NA
NA
NA
0.1
0.1
NA
NA
NA
NA
NA
NA
0.053
NA
NA
NA
0.1
NA
NA
NA
NA
NA
NA
NA
NA
NA
NA
NA
0.1
NA
NA
NA
NA
NA
NA
NA
0.1
NA
NA
NA
NA
NA
0.086
NA
NA
NA
0
NA
NA
0
NA
NA
NA
NA
NA
NA
NA
NA
NA
NA
NA
NA
NA
NA
NA
0.042
NA
NA
0.1
0.1
0.04
0.025
0.1
NA
NA
0.1
NA
NA
0.1
0.042
NA
NA
NA
NA
NA
NA
NA
NA
NA
NA
NA
NA
NA
NA
NA
0.075
NA
0
0
NA
NA
NA
NA
NA
NA
NA
NA
NA
NA
NA
NA
NA
NA
NA
NA
0.1
NA
NA
NA
NA
NA
NA
NA
NA
NA
NA
NA
NA
NA
NA
NA
NA
0
NA
0.1
NA
NA
NA
NA
NA
NA
0.1
NA
NA
NA
NA
NA
NA
NA
NA
NA
NA
0.042
NA
NA
0.1
0.1
NA
NA
NA
NA
NA
NA
NA
NA
NA
NA
NA
NA
NA
NA
NA
0.033
0.086
NA
NA
0.055
NA
NA
NA
NA
NA
NA
NA
NA
NA
0.1
NA
NA
0.048
0.028
0.1
NA
0.045
0.192
NA
NA
NA
0.042
NA
NA
NA
NA
NA
NA
NA
NA
NA
NA
NA
NA
NA
NA
NA
NA
NA
0.121
NA
NA
NA
NA
NA
NA
NA
0.024
0.1
NA
NA
NA
0
0.041
NA
NA
NA
NA
NA
0.077
0.08
0.1
0.03
0.129
NA
0.03
NA
NA
0.073
NA
0.046
NA
0.114
NA
0.075
0.057
NA
NA
NA
NA
NA
NA
NA
NA
NA
NA
NA
NA
0.042
NA
NA
NA
NA
NA
NA
0.045
0.061
0.06
0.112
NA
NA
NA
NA
NA
NA
NA
NA
NA
NA
NA
NA
NA
NA
NA
NA
NA
NA
NA
0.061
NA
NA
NA
NA
NA
NA
NA
NA
NA
NA
NA
NA
NA
NA
NA
NA
0
NA
0
NA
NA
NA
0.1
NA
0.154
NA
NA
NA
NA
NA
NA
0
NA
NA
NA
NA
NA
0.05
0
NA
0
NA
NA
NA
0.068
0.034
0.05
NA
NA
0.089
NA
NA
NA
NA
NA
NA
NA
NA
NA
NA
NA
0.068
NA
NA
NA
NA
0.1
NA
NA
NA
NA
NA
NA
NA
0.1
0.203
0.042
0.068
NA
0.071
NA
NA
NA
NA
NA
NA
NA
NA
NA
NA
NA
NA
0.237
0.1
NA
NA
NA
NA
0.071
NA
NA
0.1
0.091
NA
NA
NA
0
NA
NA
NA
0.1
NA
NA
NA
0.083
0.115
NA
NA
0.08
0.154
NA
0.066
0.073
0.088
0
0.1
NA
NA
NA
NA
NA
NA
0.122
NA
NA
0.1
0.1
NA
NA
NA
NA
0.208
0.271
NA
0
NA
NA
NA
NA
NA
0.114
0.1
0.07
0.048
0.1
0.138
0.154
NA
NA
NA
NA
NA
NA
0.1
0.1
NA
NA
0.152
NA
NA
NA
0.086
NA
NA
NA
NA
0.1
NA
NA
NA
NA
NA
NA
NA
NA
0
NA
NA
NA
NA
NA
0.061
NA
NA
NA
NA
NA
NA
NA
NA
NA
NA
NA
NA
NA
0.1
NA
NA
0.1
NA
0.09
0.075
0.088
0.042
0.1
NA
NA
NA
NA
NA
NA
NA
0
NA
NA
0.034
NA
0.024
NA
NA
0
NA
NA
NA
NA
NA
NA
0.123
0.101
0.085
0
0.1
NA
NA
NA
NA
NA
0.143
0.088
NA
NA
0.05
0.1
0.099
NA
NA
NA
NA
NA
NA
NA
0.031
0.028
NA
NA
NA
0.122
0.125
NA
0.147
NA
NA
NA
0.08
0.238
NA
NA
NA
NA
0.075
0
NA
NA
NA
NA
NA
0.055
0.064
NA
NA
NA
NA
NA
NA
NA
0.05
NA
0.062
NA
NA
0.073
0.14
NA
NA
0.1
NA
0
0
0
NA
0.1
NA
0.1
0.1
NA
0.057
NA
0.1
NA
0.1
0
NA
0.16
NA
0.1
NA
NA
NA
NA
NA
0.1
NA
0.1
NA
NA
NA
NA
NA
NA
NA
NA
0.127
0.068
0.057
0.024
0.042
NA
NA
NA
NA
0.1
NA
NA
NA
NA
NA
NA
NA
NA
NA
NA
NA
NA
NA
NA
NA
NA
NA
NA
0.06
0.064
NA
NA
NA
0.17
0.065
NA
NA
0.042
0.1
NA
0.042
0.246
NA
NA
NA
NA
NA
NA
NA
0
0.055
NA
0.077
NA
NA
0
0.1
NA
0.162
0.061
0.152
NA
NA
0.06
0.061
0.058
NA
NA
NA
0
NA
0
NA
NA
NA
NA
NA
NA
NA
NA
0.1
NA
0
NA
0.071
NA
NA
NA
0
NA
NA
NA
NA
NA
0.1
NA
NA
0
NA
0
0
0.068
NA
NA
NA
NA
0
0.069
NA
NA
NA
0.032
NA
0.055
0.042
NA
NA
0.1
0
0.086
0.08
NA
NA
0
NA
NA
NA
NA
NA
NA
NA
NA
0.08
0.1
NA
0.068
0.1
NA
0.035
NA
NA
0.1
NA
NA
NA
0.1
NA
0
NA
NA
NA
0
NA
NA
NA
NA
NA
0.1
NA
0.1
NA
0
NA
0
NA
NA
NA
NA
0
0
0
NA
NA
NA
0.047
0.048
0.074
0.1
NA
0.131
NA
NA
NA
NA
0.101
0.1
0.1
NA
NA
NA
NA
NA
NA
0.1
NA
0.053
0.1
0.104
NA
NA
0.208
NA
NA
NA
NA
0.1
NA
NA
0
NA
0
0
0
0
NA
0.074
NA
NA
NA
0.05
0.084
NA
NA
NA
NA
0.1
NA
0
NA
NA
NA
NA
NA
NA
NA
NA
NA
NA
NA
NA
0.043
NA
NA
NA
0.1
0.071
NA
0.042
NA
NA
0.152
NA
NA
NA
NA
0.077
0.081
0.174
0.227
NA
NA
NA
NA
NA
NA
0.1
0.1
NA
NA
NA
NA
NA
0.075
NA
NA
NA
NA
NA
NA
NA
NA
NA
NA
0.1
0.075
NA
NA
NA
NA
0.1
0.078
NA
NA
0.107
NA
NA
0.042
0.042
NA
NA
NA
NA
NA
NA
NA
NA
0.1
0.117
NA
0.045
NA
NA
NA
NA
NA
0.1
NA
NA
NA
NA
NA
NA
NA
NA
0.1
NA
NA
0.1
NA
0.295
NA
NA
NA
NA
NA
NA
NA
NA
NA
NA
NA
NA
NA
NA
NA
NA
NA
0.195
0.056
NA
NA
NA
0.142
NA
NA
NA
NA
NA
NA
0.1
NA
0.068
0
NA
NA
0.02
NA
NA
NA
NA
NA
NA
NA
NA
NA
NA
NA
NA
0.214
0.06
NA
NA
0
NA
NA
NA
NA
NA
NA
NA
NA
NA
NA
NA
NA
NA
0.075
0
NA
NA
0.1
NA
NA
0
NA
NA
0.066
NA
NA
NA
NA
NA
NA
0
NA
0.064
0
NA
0.11
NA
0.083
NA
NA
NA
0.029
NA
NA
0.042
0
0.05
NA
NA
0.1
NA
NA
NA
0.05
NA
NA
NA
NA
0.111
0.1
NA
NA
NA
NA
NA
NA
NA
NA
NA
0
NA
0.1
0.1
NA
NA
NA
0.042
NA
NA
NA
NA
NA
0.1
0.057
0.082
0.1
NA
NA
NA
NA
NA
NA
NA
NA
0
0.145
0
0
0
NA
NA
NA
NA
0.1
NA
NA
NA
0
0.083
NA
0.1
NA
NA
NA
NA
NA
NA
NA
NA
0.029
0.047
0.047
NA
NA
NA
NA
NA
0
NA
0.087
NA
0.113
0.115
0.1
0.1
0
NA
0.061
0.102
0.1
NA
NA
NA
NA
NA
NA
0.063
NA
NA
NA
0.1
0.1
0.086
NA
0.117
NA
NA
0.074
0
NA
NA
NA
NA
NA
NA
NA
0.1
0.1
NA
NA
0.055
NA
0.09
NA
NA
NA
NA
NA
NA
NA
NA
0.1
0.1
NA
NA
NA
0.1
0.1
NA
NA
NA
NA
NA
NA
NA
NA
NA
0.1
0.063
NA
0
NA
0.074
0.147
0.144
NA
NA
NA
NA
NA
NA
NA
0.042
0.1
0.086
0.289
NA
0.196
NA
NA
NA
NA
NA
NA
0.042
0.1
0.042
NA
0.093
NA
NA
NA
NA
0.081
NA
NA
NA
NA
NA
NA
NA
NA
NA
NA
NA
0.1
NA
NA
NA
NA
NA
NA
0.033
0.067
NA
NA
NA
NA
NA
NA
NA
NA
NA
0.203
0.05
0.067
NA
NA
NA
NA
NA
NA
NA
NA
NA
0.1
NA
NA
NA
NA
NA
0.08
NA
NA
NA
NA
0
0
0.083
0.1
0.077
NA
NA
NA
NA
NA
NA
NA
NA
NA
NA
NA
NA
NA
NA
NA
0.1
NA
NA
NA
NA
NA
NA
NA
NA
0.057
NA
NA
NA
0.1
NA
NA
NA
0.115
0.086
NA
NA
0.049
NA
0.1
NA
NA
NA
NA
NA
NA
NA
NA
NA
0.086
0
NA
NA
NA
NA
NA
0.077
NA
NA
0.05
NA
NA
NA
NA
0.075
NA
NA
NA
NA
NA
0.113
0.1
NA
NA
NA
NA
0.064
0.1
NA
NA
NA
NA
NA
NA
NA
0
NA
NA
0.075
0.1
NA
NA
0
NA
0.043
NA
NA
NA
NA
0.056
NA
NA
NA
NA
NA
0.067
NA
0.043
0.021
NA
0.1
NA
NA
NA
0.347
NA
NA
NA
0.068
NA
NA
0.1
0.04
0.061
NA
0.086
NA
NA
NA
NA
0.1
NA
0.07
NA
NA
NA
NA
0.193
0.056
NA
0.042
NA
0.08
NA
NA
NA
0.1
NA
NA
NA
NA
NA
NA
NA
NA
NA
0
NA
0.154
NA
0.075
NA
NA
0.1
0.077
NA
NA
NA
NA
0.08
NA
NA
NA
NA
NA
NA
NA
0.289
NA
NA
NA
NA
0.052
NA
NA
NA
NA
NA
NA
NA
NA
NA
0.141
NA
NA
NA
0.17
NA
0.04
0.1
0.062
NA
0.1
0.04
NA
0.1
NA
0.1
NA
NA
0
0.29
0.1
0.1
NA
0.1
NA
NA
NA
NA
0.1
NA
0.068
NA
NA
NA
NA
0.278
NA
NA
NA
NA
NA
NA
0.1
0.1
NA
0.081
NA
NA
NA
0.033
NA
NA
NA
0.116
NA
0.1
NA
0
0
NA
0.1
NA
0
0.1
NA
NA
