1
1
0.701
0.518
0.571
0.464
0.534
0.635
0.503
1
0.743
0.703
0.555
1
1
0.871
0.686
0.784
0.744
0.745
1
0.576
0.644
0.638
0.673
0.532
0.622
0.613
0.657
0.702
0.757
0.359
0.594
0.711
NA
NA
NA
NA
1
0.626
0.974
0.721
0.883
1
0.289
0.599
0.719
0.761
1
1
1
NA
1
NA
0.488
NA
1
0.496
0.751
0.815
0.712
0.668
0.59
0.82
NA
0.756
0.43
NA
0.842
0.554
NA
NA
NA
NA
NA
NA
NA
NA
NA
1
NA
1
1
1
1
1
NA
0.106
0.279
0.681
NA
0.782
1
0.589
0.56
0.644
0.715
0.602
0.602
0.602
0.603
1
NA
1
0.477
NA
0.477
0.679
NA
0.636
1
0.779
NA
0.94
0.94
0.758
0.181
1
0.746
0.535
0.371
0.758
1
0.364
1
NA
0.902
0.288
NA
0.576
NA
1
0.917
1
0.101
0.757
0.111
0.124
0.125
0.107
0.14
0.121
0.113
0.125
1
1
1
0.419
0.319
0.665
0.664
0.651
1
1
1
1
1
1
1
1
1
NA
0.508
0.537
0.558
0.54
0.488
0.602
0.591
1
0.666
0.606
0.575
1
0.708
0.629
0.44
0.592
0.52
0.77
1
0.517
0.539
0.662
0.878
0.815
0.644
1
0.649
0.265
0.594
0.433
1
0.711
0.633
NA
NA
NA
NA
0.746
0.56
0.743
1
0.859
0.891
0.717
0.526
NA
1
1
1
0.496
0.19
0.494
0.516
0.521
0.453
0.487
1
0.531
1
0.495
0.602
0.566
0.556
0.298
0.544
0.866
0.532
0.725
0.584
0.728
0.656
0.789
0.682
NA
0.659
0.328
0.518
0.602
0.693
1
NA
NA
0.397
0.839
0.647
0.477
1
1
1
1
1
1
1
1
0.829
0.831
0.789
0.547
0.601
1
0.439
1
1
1
1
1
1
0.062
1
0.573
0.54
0.535
0.635
0.743
0.612
NA
NA
0.447
0.405
NA
0.875
0.947
1
0.477
1
0.745
0.55
0.481
NA
1
0.428
0.588
0.451
0.568
0.531
0.674
0.64
0.618
0.581
0.814
0.701
0.71
NA
NA
0.51
0.591
0.52
1
1
1
1
1
NA
NA
0.454
0.553
0.582
0.55
0.665
0.521
0.692
1
0.623
0.41
0.546
1
0.633
0.678
0.645
1
0.587
0.328
0.328
0.328
0.328
NA
0.753
0.482
0.61
0.761
1
1
0.59
0.546
1
0.836
0.788
1
1
1
1
1
1
0.66
NA
0.67
0.666
0.748
0.597
0.623
0.588
NA
0.697
0.585
0.557
0.634
1
1
1
0.67
1
0.599
1
0.921
NA
0.329
1
0.54
0.813
1
0.491
1
0.123
1
0.7
0.759
0.586
0.825
0.722
1
0.262
0.281
0.639
1
0.477
0.477
0.57
0.822
0.512
1
0.539
1
1
1
1
1
0.09
0.664
0.741
0.641
0.567
NA
0.423
1
0.563
1
1
1
0.641
0.624
0.59
1
1
NA
0.595
0.575
0.579
0.685
0.649
0.483
0.483
0.444
0.609
1
1
0.478
0.461
0.5
0.473
1
0.447
NA
0.47
1
1
0.637
0.709
0.717
0.696
1
NA
0.477
0.489
NA
0.805
NA
0.672
0.181
1
0.386
0.177
0.187
0.522
1
0.502
0.577
0.524
0.649
0.458
0.549
0.535
0.921
1
0.785
0.738
0.641
0.548
0.182
0.477
0.768
0.801
0.876
0.691
0.856
NA
0.876
1
1
1
1
1
1
0.262
NA
0.523
0.521
NA
1
0.616
NA
0.623
0.919
0.62
0.41
NA
1
1
1
NA
NA
0.612
0.941
0.566
NA
1
0.593
0.618
1
1
1
0.492
0.59
0.668
0.774
0.556
0.452
0.619
0.686
0.571
0.516
0.525
0.522
0.428
0.688
0.611
0.665
0.65
0.605
1
0.718
0.758
0.635
1
0.635
0.864
1
NA
0.812
0.726
0.592
0.808
0.538
0.677
0.792
0.858
0.769
0.844
0.835
0.516
0.411
0.538
1
0.617
0.612
0.644
0.512
0.564
1
0.526
0.738
0.641
0.69
0.566
0.555
0.612
0.511
0.544
0.398
NA
NA
NA
NA
0.455
0.541
0.642
0.69
0.691
1
1
0.526
0.574
0.417
0.645
0.489
0.431
0.175
0.242
0.504
0.835
0.275
0.47
0.173
0.088
1
1
1
1
1
1
1
1
1
0.845
0.672
0.709
1
0.754
0.527
NA
1
0.624
0.596
1
0.857
0.568
1
0.548
0.706
1
1
1
0.467
0.097
0.318
0.727
0.669
0.482
0.938
0.12
0.604
0.587
0.587
0.554
1
1
1
NA
0.627
0.755
0.743
0.736
0.709
0.544
0.655
0.778
0.544
0.508
0.713
0.631
0.57
0.531
0.602
0.6
0.557
0.743
0.562
1
0.755
0.536
0.486
1
0.383
0.83
0.564
1
0.403
0.53
0.581
0.591
0.511
1
1
0.447
0.439
1
0.59
0.601
0.112
0.644
1
0.51
0.363
0.588
1
1
1
0.571
0.604
0.753
0.546
1
1
1
NA
0.478
0.478
NA
0.613
0.644
1
0.771
0.46
0.501
0.496
0.427
0.429
0.314
0.72
0.676
NA
1
1
0.643
0.464
0.501
0.519
0.58
0.465
0.473
0.592
0.565
0.625
0.687
0.496
0.523
0.247
0.729
0.44
0.469
0.53
0.759
0.784
0.653
0.614
0.298
0.578
0.959
0.371
1
0.585
0.65
0.485
0.594
0.552
0.551
0.556
0.592
0.428
0.69
0.842
0.489
0.489
0.597
1
0.496
NA
0.888
0.55
0.71
0.083
1
0.602
0.69
1
1
0.514
0.576
0.449
0.5
0.522
1
0.468
0.641
1
0.648
0.451
1
0.849
0.712
1
NA
NA
NA
NA
1
0.535
1
1
0.7
0.92
0.842
0.588
1
1
1
1
1
1
1
1
1
1
1
0.397
NA
NA
1
0.482
0.835
0.435
NA
0.513
NA
0.623
0.612
1
0.71
1
0.635
0.477
1
0.494
0.506
NA
NA
NA
NA
NA
NA
1
0.419
0.427
NA
0.502
0.569
0.578
1
1
0.137
0.7
NA
NA
1
1
0.786
1
1
NA
0.731
1
0.573
NA
0.582
0.734
0.44
NA
0.672
0.624
0.488
0.422
0.534
0.087
0.618
0.556
0.135
NA
NA
NA
0.516
0.243
0.783
0.672
1
0.795
NA
0.539
0.475
0.158
0.397
NA
NA
0.542
0.497
0.574
0.765
0.799
0.667
1
0.699
0.642
NA
0.5
1
1
0.69
1
1
1
1
0.137
1
1
1
0.648
0.608
0.65
0.708
0.267
0.713
0.535
0.701
0.602
0.567
0.725
0.69
0.44
0.578
0.614
0.83
1
0.172
1
0.328
1
0.523
1
1
1
0.34
NA
1
1
1
1
1
1
0.807
0.585
0.437
0.566
0.694
0.674
0.873
1
1
1
0.539
1
0.763
0.609
NA
0.674
0.642
0.815
0.815
0.815
0.815
1
1
NA
1
1
0.743
1
0.584
0.734
0.876
0.733
0.615
0.743
1
1
0.583
0.168
1
1
1
1
1
1
1
1
1
1
1
1
1
0.45
0.511
0.416
0.59
0.529
0.497
0.459
0.548
0.412
0.679
0.433
0.567
0.465
0.201
0.39
NA
1
0.477
0.749
0.231
0.635
0.932
0.791
NA
0.69
0.569
1
NA
1
1
1
1
NA
1
1
NA
NA
0.635
1
1
NA
1
0.47
1
0.458
0.437
0.506
0.509
0.481
0.34
NA
1
NA
0.951
1
0.606
0.856
0.656
0.621
0.56
0.481
0.56
1
0.465
0.906
0.869
NA
0.083
0.521
0.6
0.673
0.634
0.634
0.514
0.414
1
1
0.548
NA
1
0.646
1
1
0.522
1
NA
0.744
0.618
0.545
0.421
0.555
0.648
1
NA
0.598
0.137
0.527
0.445
0.616
0.636
NA
0.523
NA
1
0.448
1
0.588
0.467
0.221
0.585
0.318
1
0.629
0.656
0.652
0.73
0.682
0.567
0.732
0.732
1
0.702
0.588
NA
NA
NA
NA
1
1
1
1
0.455
0.949
0.661
0.422
0.488
0.443
0.418
0.5
0.462
0.522
1
0.496
0.475
1
1
1
0.739
0.45
0.918
0.54
1
0.561
NA
0.412
0.515
0.542
0.754
NA
1
0.6
0.141
1
0.766
0.596
0.642
0.798
1
0.952
1
0.861
NA
1
0.477
0.477
0.477
0.477
0.477
NA
0.477
NA
0.441
0.355
1
0.596
0.569
0.601
0.636
1
NA
0.929
NA
0.476
0.548
1
0.39
0.578
0.447
0.489
0.47
0.571
1
0.587
1
1
1
1
1
0.48
0.456
0.512
0.675
0.617
0.453
0.473
0.374
0.617
0.407
0.504
0.504
0.408
NA
NA
NA
NA
0.139
0.143
0.139
NA
NA
0.814
0.798
0.628
0.487
NA
NA
0.762
0.762
0.328
0.79
1
1
1
0.427
1
1
1
1
1
NA
1
NA
1
1
0.798
0.628
0.648
0.501
1
NA
1
1
1
NA
1
0.667
0.541
NA
0.563
0.482
0.484
0.512
0.328
0.328
1
0.52
NA
0.661
0.606
NA
0.867
1
0.189
0.169
0.286
1
1
0.806
0.953
0.867
1
NA
0.639
0.597
NA
NA
1
0.723
0.698
0.133
NA
NA
0.597
NA
NA
1
1
0.604
1
1
0.69
0.66
0.328
0.246
0.668
0.458
1
0.567
0.641
NA
0.676
0.789
1
1
0.67
1
0.56
0.723
NA
0.399
NA
NA
1
0.746
0.893
0.401
0.731
1
0.589
0.683
0.486
0.621
0.115
0.108
0.1
0.145
0.685
0.105
1
0.447
0.569
0.533
0.521
0.495
1
0.537
0.453
0.637
0.097
0.123
0.079
NA
NA
1
1
NA
0.116
0.208
0.133
NA
1
1
1
0.234
0.22
NA
NA
0.544
0.914
0.812
0.57
0.588
0.623
NA
NA
NA
NA
NA
NA
NA
0.534
1
0.373
1
1
0.79
0.512
1
0.9
1
0.523
0.621
0.467
1
0.658
0.715
NA
NA
NA
NA
NA
NA
1
NA
1
1
1
0.709
1
0.214
1
1
1
1
1
0.556
0.622
NA
NA
NA
0.318
1
1
1
1
0.146
1
1
1
1
0.213
0.544
0.564
0.274
0.274
1
1
NA
NA
NA
NA
NA
0.815
1
0.141
NA
NA
NA
NA
NA
0.106
0.083
0.606
0.622
1
1
0.477
0.78
0.12
1
0.752
0.807
1
0.419
0.413
0.536
0.713
0.593
0.475
1
0.597
0.486
0.475
0.464
0.686
0.253
0.468
0.441
0.672
0.639
0.564
0.693
1
0.552
NA
0.668
0.549
0.615
0.394
1
0.685
0.668
0.73
0.454
0.659
0.718
0.678
NA
0.285
0.642
0.548
0.275
0.588
0.416
0.602
0.562
0.413
1
0.464
0.815
0.639
1
0.599
0.564
0.656
0.505
0.653
0.584
0.464
NA
1
1
0.684
0.706
0.564
0.493
0.557
0.552
0.684
1
1
0.383
0.481
NA
0.64
0.463
0.543
0.644
1
0.703
0.658
1
0.742
0.704
0.646
0.672
0.5
NA
0.556
0.623
0.608
0.65
0.567
0.609
NA
0.504
1
0.619
0.613
0.66
0.552
1
1
1
1
NA
1
1
1
1
0.477
NA
1
1
1
1
0.367
1
1
1
0.367
1
1
1
1
0.748
1
1
0.531
0.768
1
0.486
0.761
NA
NA
NA
NA
1
0.265
0.603
0.964
1
0.254
1
1
0.729
1
0.729
1
1
0.815
0.763
0.76
1
1
0.441
1
0.699
0.698
0.623
0.607
0.685
0.778
0.75
0.789
1
0.229
0.451
0.37
0.552
0.464
0.5
0.354
0.453
0.504
0.453
0.43
0.522
0.43
0.465
0.395
0.401
0.461
0.213
0.496
0.852
0.062
0.45
0.437
1
0.485
0.834
0.761
0.812
0.496
0.513
0.521
0.501
0.411
NA
1
0.664
1
0.532
0.441
1
1
1
0.805
0.423
1
0.497
1
0.562
0.459
0.923
0.598
0.688
0.836
0.547
NA
0.616
0.38
0.614
0.431
0.561
0.145
0.738
0.574
0.536
0.603
0.633
0.529
0.614
0.653
0.342
0.536
0.454
NA
1
0.573
0.621
0.11
0.546
0.522
0.469
0.455
0.22
0.555
0.803
1
0.496
0.647
0.522
0.498
0.655
0.524
0.66
0.235
NA
0.741
0.202
0.703
0.511
0.502
0.635
0.637
0.647
0.487
0.532
0.122
0.671
0.44
NA
0.165
0.564
0.715
0.575
0.455
0.564
0.512
0.535
0.72
0.627
0.594
0.57
0.627
1
NA
0.6
0.557
1
0.627
0.695
0.649
0.145
0.53
0.214
0.614
0.591
0.559
0.574
NA
0.662
0.741
0.741
0.611
0.621
0.752
0.631
0.55
0.594
0.195
0.58
0.66
0.753
0.786
0.514
0.504
0.743
0.133
0.784
0.537
0.623
0.735
0.642
NA
0.638
0.606
0.838
0.145
0.214
0.615
0.506
0.726
0.907
0.647
0.702
0.128
0.703
NA
NA
NA
NA
0.328
NA
0.328
0.137
0.328
0.602
0.602
1
0.602
NA
NA
1
0.762
0.493
1
1
1
1
1
0.413
0.342
0.315
0.69
1
0.875
0.976
0.675
0.477
0.875
0.702
0.505
1
NA
1
0.465
0.468
0.431
0.756
0.608
0.513
0.956
0.697
0.671
0.729
NA
1
1
NA
1
0.815
1
0.852
0.477
1
0.643
0.779
0.753
0.698
0.477
1
0.624
0.62
0.702
0.763
0.711
0.672
0.704
0.71
0.61
0.629
0.664
0.652
0.67
0.632
NA
0.68
0.56
1
1
1
1
0.603
0.59
NA
NA
0.554
0.735
0.523
0.573
0.521
1
1
0.602
1
NA
NA
0.532
0.181
0.449
0.602
0.471
0.55
0.111
0.454
0.577
NA
0.47
0.519
0.554
0.572
0.111
0.167
0.477
0.593
0.36
0.39
0.508
0.575
0.565
0.588
0.588
1
1
0.494
0.558
0.583
1
0.576
0.574
0.88
1
0.475
0.574
0.528
0.464
0.533
0.457
0.44
0.51
0.234
0.501
0.764
0.518
0.212
1
NA
0.903
0.212
0.442
0.656
1
1
1
1
1
1
1
1
1
1
0.69
NA
1
0.725
0.675
0.667
1
1
0.626
0.602
0.58
0.639
0.719
0.485
NA
1
NA
1
0.767
0.69
1
1
0.812
NA
1
0.693
1
0.622
0.731
0.575
1
0.624
1
0.814
0.716
0.396
0.206
0.606
0.328
0.328
0.146
0.219
0.328
1
0.662
1
NA
0.621
0.825
1
0.698
0.631
0.541
0.883
1
1
0.507
0.629
0.721
0.769
0.81
0.793
0.529
0.606
0.596
1
1
1
0.744
0.84
0.872
0.585
0.523
0.509
0.569
0.409
NA
1
0.482
0.612
1
0.78
0.802
1
1
1
0.643
NA
NA
1
0.502
0.393
0.401
1
0.442
1
0.181
0.517
0.415
0.176
1
NA
1
0.79
0.59
0.534
0.062
0.534
0.518
0.492
0.516
0.066
0.15
1
0.61
0.71
0.637
NA
0.559
NA
NA
0.6
0.692
NA
0.756
1
0.796
0.587
NA
0.401
0.458
0.435
0.557
1
0.619
0.43
0.55
0.608
0.641
0.062
0.606
0.682
1
NA
0.495
0.066
0.487
0.463
0.511
0.579
0.586
0.648
0.062
1
0.641
0.816
1
0.623
0.632
0.059
0.059
0.059
0.571
0.554
0.588
0.373
0.357
1
0.527
0.554
0.063
0.623
0.154
0.623
1
0.704
0.645
0.524
0.647
0.635
0.648
0.622
1
0.606
0.652
0.719
0.724
1
0.682
0.513
1
1
0.672
0.853
0.743
0.69
0.513
0.741
1
1
0.803
0.822
1
0.518
0.531
0.492
0.545
0.593
0.786
0.717
0.485
0.602
1
0.499
0.553
0.581
0.631
1
0.553
0.59
0.597
1
0.436
0.12
0.141
1
1
0.707
0.571
0.578
0.552
0.577
0.69
1
1
1
0.581
1
0.584
0.615
0.568
0.559
0.597
NA
0.569
0.56
0.596
0.676
NA
NA
0.625
0.456
0.46
0.815
1
0.814
0.41
1
1
1
1
1
1
1
1
1
NA
0.777
0.702
1
0.689
0.669
0.675
1
0.735
1
1
0.262
0.801
0.614
0.729
0.546
0.652
1
1
1
1
1
0.544
1
0.963
0.483
0.254
0.633
1
0.665
0.675
NA
0.815
0.484
0.534
1
0.115
1
0.81
0.773
1
1
1
1
1
1
1
0.439
0.413
0.104
NA
0.118
NA
0.113
0.116
0.114
0.107
0.45
0.507
0.416
0.46
1
0.462
0.515
0.733
0.566
0.642
0.611
0.704
0.705
1
0.825
0.709
0.666
0.64
0.589
0.661
0.629
0.711
0.651
0.728
0.6
1
0.827
1
0.693
0.64
0.791
1
0.576
0.75
0.638
0.736
0.749
0.749
1
0.672
0.822
0.724
0.695
0.724
1
0.705
1
1
0.618
1
0.725
0.644
0.75
1
0.525
0.687
0.621
0.805
0.865
0.78
1
0.79
0.778
0.657
0.786
0.64
1
0.834
0.628
0.526
NA
1
0.612
0.523
0.368
0.835
0.713
0.577
1
0.754
0.626
1
0.642
0.482
0.494
0.511
1
0.107
0.469
0.582
0.563
0.436
0.497
0.472
0.414
0.544
1
0.483
0.189
1
0.507
0.5
0.53
0.507
0.493
0.85
0.755
0.791
0.765
0.742
0.529
0.511
0.561
0.713
0.793
0.595
0.709
0.638
0.606
0.563
0.432
0.588
NA
NA
NA
0.907
1
0.477
NA
0.876
NA
0.718
0.385
0.718
0.526
0.842
0.69
0.69
0.058
NA
0.889
0.655
0.69
0.69
0.69
0.058
0.69
0.69
1
0.643
0.669
1
0.694
0.573
0.156
0.679
1
0.712
0.643
1
0.716
0.929
1
NA
0.146
1
1
1
1
0.512
0.501
0.636
0.63
0.505
0.325
0.494
1
0.689
0.437
0.485
0.726
NA
0.482
0.478
NA
0.614
0.485
0.729
0.694
0.261
0.511
1
0.485
0.653
0.65
0.652
0.537
0.45
0.519
0.474
0.545
0.574
0.559
1
1
0.501
NA
0.498
0.596
0.496
0.509
0.573
1
0.573
0.3
0.492
0.513
1
0.718
1
0.57
0.863
0.809
0.8
1
1
0.885
0.584
0.795
0.525
0.561
0.77
1
0.798
0.828
0.755
0.685
1
NA
0.582
1
NA
0.857
NA
NA
NA
NA
NA
0.903
0.934
0.903
0.876
1
0.48
0.504
1
0.55
0.106
0.724
0.54
0.452
0.544
0.137
0.486
1
0.127
1
0.465
0.465
0.787
0.811
NA
0.327
0.779
0.556
0.706
0.796
0.764
0.619
0.477
1
0.452
0.474
0.494
1
0.935
0.783
0.797
0.484
0.406
NA
0.328
1
1
NA
0.647
1
0.726
1
0.799
0.821
0.821
0.656
0.698
1
1
1
1
NA
0.417
NA
1
NA
NA
NA
NA
NA
NA
NA
NA
NA
NA
NA
NA
NA
1
0.126
0.3
0.79
1
0.625
NA
0.816
0.587
0.672
NA
NA
NA
NA
NA
NA
NA
NA
1
0.506
0.693
1
0.543
0.578
0.832
0.548
1
0.768
0.805
0.08
0.723
1
0.507
0.581
0.581
1
0.156
0.532
0.242
0.595
0.811
0.573
0.461
0.581
0.767
0.507
0.507
0.428
1
NA
1
1
0.088
1
0.088
0.088
NA
0.728
0.677
0.738
0.723
0.584
0.723
NA
0.855
0.675
1
1
0.7
0.737
0.549
0.529
0.68
0.596
1
0.509
1
0.752
0.768
0.667
1
NA
0.671
0.555
0.642
0.636
1
0.709
0.796
0.699
0.724
0.611
0.543
1
0.742
0.655
0.682
1
0.801
0.726
0.688
1
0.73
0.645
0.612
0.564
0.501
0.597
0.38
0.658
1
0.524
0.545
0.565
1
0.522
1
0.634
0.791
0.496
0.643
1
0.881
0.968
0.495
0.421
0.588
0.601
0.648
0.625
0.165
1
0.82
0.681
1
0.786
1
0.419
0.429
0.503
0.583
0.487
0.429
0.489
0.298
0.486
1
0.662
0.677
0.809
0.625
0.592
1
0.428
0.464
0.664
0.461
0.62
0.666
0.491
1
0.623
0.463
0.508
0.702
0.448
0.545
0.653
0.735
0.742
0.494
0.768
0.413
0.354
0.422
0.466
0.473
0.752
0.562
0.656
0.748
0.685
0.509
0.543
0.548
0.46
0.514
0.426
0.535
1
0.682
1
0.473
0.717
0.823
1
0.503
0.7
0.406
0.748
1
0.524
0.546
0.677
0.578
0.594
1
0.491
0.766
0.627
0.538
0.569
0.838
0.53
NA
0.631
1
0.792
0.723
1
0.797
0.844
0.622
0.584
0.625
0.643
0.903
1
0.825
0.558
0.54
0.557
0.742
1
0.877
0.5
0.568
0.493
0.776
0.71
1
0.503
0.737
0.706
0.912
0.51
1
0.467
0.539
0.365
NA
NA
0.408
0.558
1
0.775
0.158
0.516
0.11
0.828
0.575
0.81
0.259
0.623
0.759
0.528
0.577
0.7
NA
0.708
1
1
0.52
0.85
0.534
0.137
1
0.61
0.659
0.631
1
NA
0.643
0.34
1
1
0.477
1
1
1
1
1
1
1
1
0.452
0.508
0.569
0.687
0.568
1
0.653
1
0.58
0.55
0.759
0.766
0.777
0.439
0.434
0.832
0.673
0.551
0.698
0.784
0.522
0.493
0.781
0.765
0.517
0.74
0.701
0.398
0.477
0.606
0.181
0.262
1
0.764
0.262
0.262
0.262
0.34
0.186
0.262
1
NA
1
0.544
0.568
NA
NA
NA
NA
NA
NA
NA
NA
NA
1
NA
0.703
1
1
0.64
0.141
0.141
1
1
1
NA
0.612
0.659
1
1
0.833
0.524
1
0.453
0.835
0.567
0.583
0.514
0.581
0.649
0.602
NA
0.672
0.748
1
0.595
1
NA
NA
1
0.733
0.713
0.602
NA
NA
NA
NA
NA
NA
NA
0.53
0.47
0.602
0.328
0.703
1
NA
NA
NA
1
1
0.574
0.493
0.675
0.577
0.577
0.579
0.332
0.332
0.726
0.78
0.744
0.593
0.602
NA
0.48
0.297
NA
0.341
0.341
0.629
0.779
0.701
1
NA
0.602
NA
NA
NA
1
0.454
0.51
0.321
0.321
NA
1
1
NA
1
1
1
NA
1
1
1
0.262
1
0.485
0.485
0.432
1
0.548
0.465
0.476
0.05
NA
NA
NA
NA
NA
NA
1
0.614
0.776
0.651
0.711
1
1
0.569
0.311
0.064
0.198
0.148
1
1
1
1
0.669
0.612
NA
NA
NA
NA
NA
0.589
1
0.54
0.754
0.715
0.542
0.549
0.58
0.46
0.518
0.502
0.524
0.515
0.583
0.486
0.558
0.733
0.665
0.626
0.646
0.776
0.73
0.64
1
0.697
0.704
0.485
0.536
0.677
0.509
1
0.579
0.545
1
0.778
0.893
0.934
1
0.679
0.606
0.79
1
1
1
1
1
0.477
1
1
NA
0.784
1
0.6
1
0.566
1
0.6
0.611
0.602
0.739
0.627
1
0.7
0.698
0.738
0.629
0.708
0.606
1
0.659
0.714
1
1
0.726
0.586
0.602
1
0.688
1
1
1
0.105
NA
NA
0.716
0.279
1
1
1
0.767
0.959
0.959
0.873
0.683
0.685
0.566
1
0.189
0.508
NA
0.201
0.543
NA
NA
NA
1
0.328
0.669
1
0.381
0.599
0.77
0.822
1
0.711
0.736
0.658
0.6
0.663
0.592
0.639
0.529
0.525
0.568
1
0.477
0.606
0.559
0.494
0.729
0.471
1
0.767
1
0.603
1
NA
0.622
0.706
0.786
0.838
1
1
0.323
NA
1
NA
1
0.627
1
1
1
1
0.565
0.47
0.57
0.468
0.546
NA
0.801
1
1
1
0.815
0.232
NA
1
0.907
0.668
0.706
0.683
0.612
1
1
0.885
0.769
0.681
NA
NA
0.564
0.598
0.615
1
0.65
NA
1
1
0.205
1
0.511
0.372
0.474
0.516
0.343
0.571
1
1
1
1
1
1
0.55
0.795
0.556
1
0.55
0.623
0.125
1
0.133
0.705
0.612
0.558
1
0.442
NA
0.746
0.841
0.872
1
NA
0.815
1
0.815
0.58
0.635
0.696
0.399
0.651
1
0.585
0.632
0.853
1
0.709
NA
NA
NA
NA
0.69
1
0.815
NA
1
1
1
1
1
1
NA
1
0.52
0.356
1
1
0.696
0.531
0.679
0.637
0.483
0.522
0.352
0.397
0.262
1
0.795
1
NA
NA
NA
0.491
0.302
1
0.453
0.453
0.393
0.642
0.857
1
NA
0.786
1
1
0.661
0.634
0.461
NA
0.674
0.533
0.584
0.626
0.675
0.262
1
0.593
1
0.328
0.158
0.666
0.553
0.682
0.723
0.483
0.636
0.624
1
0.627
1
1
1
1
1
0.129
0.659
1
0.709
0.646
0.647
0.592
0.41
1
NA
0.632
0.119
0.815
0.544
0.459
0.485
0.581
0.504
1
1
1
0.866
1
1
0.571
0.61
1
0.679
0.726
0.767
0.815
0.48
0.363
0.815
0.622
1
0.939
1
0.11
0.11
NA
NA
0.536
0.701
0.548
1
0.74
1
0.535
NA
0.606
0.634
0.723
0.648
0.704
0.73
NA
NA
1
1
NA
NA
NA
NA
NA
NA
0.649
0.711
0.634
1
0.503
1
1
1
0.77
0.723
0.786
0.723
0.605
0.602
0.137
0.137
1
0.137
0.137
0.137
NA
0.748
1
0.885
0.775
0.704
0.63
0.693
0.805
0.896
1
0.729
0.637
0.758
0.833
0.837
0.621
0.578
0.2
1
1
1
1
0.749
0.53
0.649
0.456
0.457
1
NA
1
1
0.536
1
0.797
0.832
1
0.728
0.612
0.526
0.557
1
0.59
0.627
0.674
0.671
0.724
1
1
1
1
0.129
0.482
0.539
1
1
1
1
1
1
1
1
1
1
1
NA
1
1
1
1
0.764
0.446
0.498
0.539
0.665
0.52
0.486
1
0.547
0.724
0.697
1
0.446
1
0.396
1
1
1
1
NA
1
0.947
0.885
0.512
0.541
0.529
0.483
0.555
NA
NA
0.729
1
0.12
1
0.556
0.631
0.466
NA
NA
NA
NA
NA
1
0.625
0.709
0.476
0.781
0.501
0.503
0.485
0.549
0.515
1
0.56
0.464
0.703
0.663
0.972
1
0.494
0.682
NA
0.708
1
0.528
1
0.629
0.502
0.463
0.502
1
1
1
0.257
0.589
1
1
0.498
0.709
0.748
0.763
0.706
0.815
1
1
0.842
0.907
0.726
0.545
1
1
0.367
0.55
0.511
0.448
0.676
0.571
NA
1
0.517
0.658
0.662
0.741
0.235
0.615
0.503
1
0.725
0.453
0.478
0.555
0.532
0.505
0.711
0.211
0.451
NA
0.495
0.663
0.786
0.765
0.562
0.651
0.51
0.555
0.588
0.811
0.815
0.818
0.621
0.075
0.085
0.11
0.457
1
NA
NA
NA
NA
NA
NA
1
1
0.505
0.708
0.676
1
0.119
0.273
0.103
0.119
0.155
0.68
1
1
1
1
1
1
0.605
0.86
1
1
0.823
0.882
NA
0.477
0.579
0.938
NA
1
1
NA
1
1
1
0.569
1
0.531
0.626
0.71
0.544
0.56
1
NA
0.513
1
0.815
0.636
NA
NA
NA
NA
1
1
0.796
0.811
0.88
0.872
1
0.69
1
0.238
0.796
1
0.278
1
0.275
NA
1
1
1
0.477
1
0.527
NA
NA
0.328
1
1
1
0.815
1
0.493
1
0.654
1
NA
0.568
NA
0.629
0.583
0.683
0.771
0.558
NA
1
1
1
0.599
0.632
1
0.445
0.664
0.48
0.49
0.146
1
0.309
0.363
1
1
1
1
1
1
1
1
1
NA
1
0.62
0.524
0.668
0.674
0.704
1
NA
NA
NA
1
1
0.805
0.714
0.795
0.357
0.864
NA
0.758
0.73
0.693
0.563
0.542
0.619
1
NA
0.817
0.667
0.8
0.796
0.809
0.748
0.844
0.855
1
NA
0.781
0.636
0.921
1
0.517
NA
1
1
1
1
1
1
1
0.367
NA
1
1
0.403
0.399
0.346
NA
0.438
1
0.22
1
1
1
1
1
1
1
0.137
1
0.727
0.463
0.557
1
0.835
0.366
1
0.466
0.445
0.536
0.697
0.539
0.717
0.689
0.68
1
0.69
NA
0.55
0.55
0.417
0.526
0.69
0.69
0.437
0.494
0.69
0.423
0.472
NA
0.51
0.473
NA
0.69
NA
0.498
0.482
0.482
0.482
1
1
1
1
1
NA
1
1
0.568
NA
NA
1
1
1
NA
NA
NA
NA
0.54
1
0.6
0.603
0.672
NA
0.661
0.373
0.163
1
1
1
1
0.718
1
0.885
0.573
0.766
0.719
0.951
0.645
1
0.598
0.839
1
0.661
0.63
0.629
0.596
0.633
0.662
0.856
1
0.495
0.691
NA
0.723
1
0.856
0.856
0.822
0.6
1
0.614
0.647
0.479
0.532
1
0.677
0.606
0.634
0.706
NA
1
1
0.609
0.563
0.729
0.92
0.92
0.92
0.604
0.653
1
0.843
0.497
0.463
0.494
NA
0.584
NA
1
0.903
0.834
0.612
0.772
0.755
0.697
0.697
NA
0.481
0.657
1
1
NA
NA
1
1
1
1
0.688
0.133
0.133
0.121
0.34
1
0.828
1
1
1
1
1
0.602
1
1
0.421
0.675
1
NA
0.574
1
1
0.404
0.373
1
0.507
0.548
0.648
NA
1
0.497
0.548
1
0.952
0.861
0.929
NA
0.639
0.606
0.756
NA
0.618
0.598
0.203
0.391
1
0.115
0.102
0.11
NA
1
0.129
0.481
0.432
0.48
0.815
0.905
1
0.467
0.466
0.56
1
0.726
0.713
0.815
0.162
0.438
1
0.236
0.189
NA
0.387
0.424
0.4
0.438
0.666
1
0.315
1
0.582
0.555
0.661
0.442
NA
0.553
0.459
0.524
0.6
0.443
0.387
0.506
0.431
0.506
0.585
0.553
0.592
1
0.572
0.527
0.593
0.161
0.506
1
0.633
0.585
0.602
0.556
0.632
0.67
1
1
0.234
0.506
0.587
1
0.612
1
0.633
0.621
0.473
0.457
0.821
1
0.428
0.428
0.341
0.157
0.501
0.69
0.461
1
0.377
0.382
0.371
0.707
1
0.538
0.434
0.492
1
0.531
0.262
1
0.634
0.621
0.321
1
0.518
0.473
1
1
NA
NA
NA
NA
0.129
0.185
0.376
1
0.711
0.711
0.684
0.534
0.756
1
1
0.128
0.339
0.328
0.562
0.529
0.563
0.519
0.441
0.569
0.575
0.633
0.539
0.542
0.15
0.477
1
NA
0.373
0.46
0.666
1
NA
0.706
0.527
0.485
0.692
NA
NA
NA
NA
0.296
NA
0.198
NA
NA
NA
NA
0.388
0.602
1
1
0.389
1
0.69
0.69
1
0.574
0.658
0.703
0.472
0.569
0.129
NA
1
1
0.576
NA
1
1
0.505
0.569
0.693
1
0.489
0.721
0.708
0.538
0.552
0.543
0.399
0.433
NA
NA
NA
NA
NA
NA
NA
0.715
NA
0.521
0.632
1
1
0.704
0.952
0.636
0.603
0.839
0.497
0.417
NA
0.085
NA
1
0.066
0.432
0.65
0.65
0.815
NA
NA
NA
NA
NA
NA
NA
NA
1
NA
NA
NA
NA
1
1
1
1
1
NA
1
1
1
1
1
1
1
1
1
1
1
0.078
0.06
1
1
1
1
0.619
0.444
1
0.477
0.543
0.543
0.438
0.423
0.546
0.65
0.532
0.495
0.56
0.596
0.527
1
1
0.845
0.076
0.09
1
0.419
0.44
0.497
0.521
1
0.492
0.41
1
0.406
NA
0.47
0.48
0.477
0.589
0.485
1
1
1
1
0.632
0.584
0.661
NA
0.614
0.564
1
0.533
0.58
0.613
0.693
0.495
0.542
0.213
1
0.335
0.284
1
0.134
1
0.105
0.128
0.491
0.407
0.69
0.111
0.113
1
0.219
0.398
0.565
0.098
0.69
0.465
0.389
0.51
0.606
NA
0.688
0.688
0.506
1
0.392
0.523
0.611
0.562
0.579
0.526
1
1
0.34
1
1
1
1
0.411
0.602
NA
0.429
1
0.923
0.592
1
0.521
0.75
1
0.534
0.601
1
0.57
1
1
1
1
1
1
1
1
1
0.44
0.917
0.826
0.443
0.435
0.412
1
0.45
1
0.542
0.401
0.64
0.79
1
NA
NA
NA
NA
NA
NA
1
NA
NA
0.68
NA
1
1
NA
NA
NA
0.131
1
1
0.669
0.68
NA
1
NA
NA
NA
0.709
0.653
0.129
0.645
0.633
0.462
1
0.755
0.789
1
1
1
0.769
1
NA
1
1
1
0.673
1
0.508
NA
1
0.757
0.71
0.59
0.687
0.604
0.101
0.129
0.169
0.14
0.089
NA
0.262
1
NA
1
0.413
0.612
1
0.069
1
NA
0.439
0.512
0.561
0.616
0.68
1
0.683
0.721
0.673
0.388
0.515
0.548
1
0.565
1
0.481
0.481
0.481
0.214
NA
0.631
0.63
0.675
1
1
1
0.388
0.57
0.796
0.443
0.724
0.437
0.459
0.883
NA
NA
0.643
0.588
0.635
0.586
0.643
1
0.749
0.546
0.768
0.535
0.51
0.618
0.731
0.54
1
0.518
0.79
0.753
0.745
0.476
0.476
0.635
0.618
0.507
1
1
0.611
0.573
0.863
NA
0.333
0.638
0.555
1
0.718
0.722
0.467
0.674
0.689
1
0.61
0.465
0.745
0.478
NA
1
0.714
0.572
0.744
0.699
NA
0.242
0.093
0.284
1
NA
1
0.318
0.065
0.548
0.183
1
0.498
0.66
0.668
0.631
0.328
0.428
0.659
0.381
0.63
0.496
0.484
0.823
0.262
0.612
NA
1
0.633
0.678
0.766
0.744
0.575
1
NA
0.661
1
0.687
0.708
0.664
0.567
0.764
0.775
0.837
0.662
0.633
0.556
0.775
0.802
0.646
0.726
0.753
0.681
1
0.515
0.399
0.411
0.413
0.541
1
1
1
0.619
0.712
NA
0.495
0.113
0.723
0.623
0.734
1
NA
NA
1
0.237
0.403
1
1
1
1
1
1
0.606
0.228
1
1
0.65
1
1
0.733
0.121
1
0.577
0.733
0.41
0.411
0.793
0.426
0.641
0.856
0.235
NA
0.628
1
0.479
0.622
0.512
1
0.821
0.891
0.748
0.601
0.531
0.44
0.262
0.262
0.262
0.299
0.719
NA
NA
0.812
1
0.897
0.889
0.784
1
0.959
0.658
0.579
1
0.885
1
1
1
0.262
0.262
NA
1
0.477
0.59
1
1
0.766
0.555
1
NA
0.393
1
NA
NA
0.446
0.681
1
0.708
0.727
0.691
0.772
1
0.631
0.772
NA
0.734
0.685
0.486
0.616
NA
NA
0.657
1
1
1
1
1
1
0.509
0.949
0.129
0.603
0.781
0.546
0.504
0.405
0.613
0.576
0.401
0.672
0.593
0.559
0.496
0.713
0.626
1
0.477
0.477
1
1
0.481
0.705
1
0.482
0.623
0.496
0.438
1
0.477
0.569
0.691
0.513
0.521
0.491
1
0.419
1
0.441
0.56
0.534
0.545
0.4
1
0.637
1
0.374
NA
0.539
0.477
1
NA
0.433
0.598
1
1
0.626
0.639
0.62
0.721
NA
0.443
1
0.744
0.519
0.494
1
0.685
0.633
1
0.619
0.567
0.507
0.552
0.554
NA
0.493
0.262
0.602
1
0.468
0.493
0.563
0.446
0.525
0.567
0.573
0.563
0.42
0.493
0.566
1
0.604
0.635
0.608
1
0.643
0.68
1
NA
0.662
1
1
0.481
0.675
0.605
0.575
1
0.43
1
1
1
1
1
1
1
0.194
0.32
0.409
0.343
0.394
0.477
0.481
0.394
0.277
NA
0.356
0.589
1
0.384
1
0.625
1
0.548
0.547
1
0.815
0.815
0.815
0.815
0.498
NA
NA
0.602
0.604
0.667
0.734
0.628
1
0.475
0.64
NA
NA
1
NA
0.61
0.724
0.732
1
0.69
0.553
0.487
0.411
0.568
0.514
0.433
0.411
1
1
0.097
0.091
0.457
0.692
NA
NA
0.631
0.707
0.53
0.704
0.462
0.716
0.462
1
NA
NA
NA
NA
NA
0.651
0.832
0.583
0.618
1
0.71
0.75
0.63
0.652
0.733
0.77
0.637
0.731
0.631
0.624
0.645
0.232
1
1
1
NA
1
0.532
1
0.345
NA
NA
NA
NA
NA
NA
NA
NA
0.755
0.548
0.726
0.697
NA
0.523
1
0.521
0.622
1
0.511
0.441
0.262
0.214
1
0.262
0.262
0.262
0.262
0.262
0.506
0.662
1
0.295
0.415
1
1
0.606
0.907
0.668
NA
0.367
0.335
0.358
0.384
0.878
0.546
0.819
0.548
0.842
0.439
0.446
0.378
0.515
1
0.296
0.133
0.087
0.608
0.59
0.609
0.479
0.49
NA
1
0.879
1
0.502
0.498
0.788
0.601
NA
0.697
1
0.574
NA
0.776
1
0.782
0.58
0.913
1
0.464
0.887
0.428
0.693
0.494
NA
0.513
0.684
0.513
0.533
0.598
0.55
1
0.648
0.366
0.406
0.142
1
0.234
0.406
0.578
0.661
0.568
0.268
0.841
1
0.489
1
0.489
0.67
1
1
1
0.322
0.302
0.563
1
0.478
0.436
0.941
1
1
0.202
1
0.902
1
0.55
0.69
0.146
1
1
0.146
0.146
1
1
1
0.195
0.207
NA
NA
NA
1
0.862
1
0.674
0.677
0.645
0.63
1
1
1
1
0.55
0.622
0.658
1
0.598
0.841
1
0.565
0.739
0.806
0.343
1
0.161
NA
NA
NA
NA
NA
0.516
1
1
0.214
1
0.121
1
1
1
0.516
0.585
0.565
1
0.127
0.524
0.617
0.579
0.587
0.576
0.838
0.8
0.781
0.599
0.591
0.735
NA
1
0.576
0.541
0.594
0.601
0.683
0.513
1
0.717
0.868
0.541
0.568
0.665
0.512
1
0.473
0.548
0.544
0.545
1
0.781
0.541
0.826
NA
0.577
0.576
0.771
0.617
0.601
0.854
0.805
0.495
0.636
0.445
0.562
0.691
0.508
0.519
0.491
0.49
0.555
0.7
1
0.66
1
0.824
0.66
1
0.584
1
0.778
0.116
0.502
0.596
0.744
0.657
1
0.742
0.793
0.613
0.428
0.723
1
0.818
1
0.603
0.695
0.485
0.575
0.652
NA
NA
NA
NA
NA
NA
NA
0.566
NA
0.72
0.753
1
0.601
0.532
0.578
0.68
0.611
0.69
NA
0.785
1
0.654
0.717
1
0.483
0.538
1
0.569
0.869
0.498
0.47
0.703
0.823
1
0.542
0.62
1
0.074
1
1
0.684
0.499
0.599
0.73
0.695
0.074
0.379
0.498
1
1
0.723
1
1
0.815
1
1
0.754
0.283
NA
0.36
0.446
1
0.743
1
0.608
0.814
0.561
0.434
0.817
0.767
0.311
0.133
0.466
0.449
0.595
1
0.685
0.728
0.217
0.451
0.813
0.6
0.574
0.49
0.503
NA
0.461
0.681
0.519
0.778
1
0.095
0.133
0.644
1
0.163
0.679
0.782
0.473
NA
1
0.571
1
0.547
0.343
0.324
0.454
0.486
0.613
0.954
0.807
1
0.625
0.485
0.584
0.496
0.502
0.525
0.62
1
0.539
0.84
0.811
0.661
0.705
0.751
0.766
0.764
NA
1
0.693
0.582
0.792
0.392
0.391
0.664
0.544
0.764
0.771
0.618
1
0.639
1
0.69
1
0.614
1
0.333
1
0.753
1
0.58
0.963
NA
0.641
0.679
0.555
0.542
0.88
0.526
0.556
1
0.718
0.616
1
1
0.586
0.453
1
0.852
1
0.185
0.564
0.481
0.206
0.169
0.266
0.141
0.146
0.979
0.551
0.765
1
0.411
0.488
1
0.58
1
0.957
0.057
1
0.058
0.424
0.815
0.33
0.434
0.463
0.439
0.438
1
NA
0.467
0.516
NA
1
0.369
0.864
1
0.99
0.547
0.511
NA
0.703
0.489
0.53
0.617
0.564
0.458
0.544
0.585
0.884
0.536
0.427
0.529
0.218
0.471
0.572
1
NA
0.543
0.774
0.813
0.69
1
0.443
1
1
0.552
0.627
1
1
0.145
1
0.621
0.663
0.604
0.588
0.752
1
0.553
0.619
0.605
0.689
0.518
0.645
0.94
1
1
1
1
0.565
NA
0.686
0.67
0.598
0.544
0.559
0.752
0.665
1
0.882
0.784
0.602
0.137
0.575
0.583
0.687
0.625
0.52
1
0.787
0.708
1
1
0.571
0.511
0.493
0.095
0.602
0.602
1
0.628
1
1
NA
NA
0.82
1
0.555
0.605
0.872
0.7
0.69
0.51
0.628
0.591
0.526
0.655
1
1
0.262
0.895
0.663
1
NA
1
1
0.963
0.963
1
1
0.963
NA
0.694
0.675
0.681
0.477
0.593
1
NA
0.617
0.57
0.918
0.901
NA
1
NA
NA
NA
NA
NA
NA
NA
0.34
0.938
0.482
NA
NA
0.489
0.451
0.458
0.609
1
1
0.234
0.249
0.294
1
NA
0.227
0.186
0.262
0.262
NA
NA
NA
0.393
1
0.659
0.648
0.597
0.621
1
0.769
NA
1
1
0.498
0.358
0.556
0.516
1
0.788
1
NA
NA
0.672
1
0.318
1
1
1
1
1
1
1
1
1
0.261
0.652
0.687
0.649
1
0.591
0.678
NA
1
0.704
NA
NA
0.342
0.661
1
0.815
1
NA
NA
NA
NA
NA
NA
NA
NA
NA
NA
NA
0.129
1
NA
NA
0.24
0.465
0.449
NA
0.805
0.631
0.559
1
1
0.548
1
0.389
0.767
0.627
1
0.951
0.48
0.62
0.426
0.502
0.449
0.63
1
0.541
0.555
0.646
NA
1
0.206
0.364
0.743
1
0.183
0.498
0.561
NA
0.641
0.7
1
0.586
0.496
0.542
1
1
1
0.69
NA
NA
0.318
1
1
1
0.69
1
0.181
1
1
1
1
0.712
0.676
0.581
0.606
NA
1
0.897
0.682
0.8
NA
1
0.574
NA
0.774
0.815
1
1
NA
0.795
0.59
0.585
0.666
0.515
0.596
NA
NA
1
1
0.207
0.622
0.574
0.838
1
0.214
0.563
0.503
NA
0.775
0.567
0.469
0.802
0.888
1
NA
1
0.818
0.581
1
1
1
1
1
1
1
0.379
0.158
1
1
0.477
0.524
0.636
0.066
1
0.565
0.322
0.214
0.492
0.625
0.455
NA
0.543
0.236
1
0.786
NA
0.473
NA
0.737
1
0.785
0.822
0.545
1
NA
0.576
0.509
0.656
0.557
0.26
0.508
0.488
1
0.643
1
0.544
0.66
0.53
0.218
0.526
0.734
0.274
0.603
0.552
0.596
0.606
0.823
0.733
0.698
1
0.545
1
0.742
NA
0.723
0.777
1
0.771
0.606
1
0.844
0.795
0.807
0.563
0.477
0.514
0.596
0.591
0.542
0.181
0.531
0.551
0.586
NA
1
1
0.559
0.665
0.591
0.512
0.61
0.611
0.689
0.618
0.806
0.556
0.581
0.532
0.565
0.371
0.63
NA
0.549
0.568
0.645
0.508
0.582
0.575
0.531
0.643
0.732
NA
0.775
0.549
0.578
0.742
0.738
0.262
0.559
0.747
0.68
0.712
0.69
0.599
0.562
0.739
0.709
1
0.757
0.521
0.777
0.793
0.737
0.63
0.868
1
0.848
0.547
0.602
0.757
0.645
0.643
NA
0.427
0.452
0.546
1
0.569
0.654
0.677
0.585
0.565
0.693
0.561
0.668
0.416
0.555
0.562
0.521
0.568
0.519
0.398
0.7
0.389
0.715
1
NA
0.561
0.614
0.562
0.878
0.522
0.552
0.563
0.528
0.547
0.485
0.721
NA
0.792
0.778
0.709
0.702
0.715
0.759
0.547
0.807
NA
0.53
0.795
0.785
0.766
1
0.499
0.788
0.775
0.459
NA
1
0.491
NA
0.528
0.698
0.579
0.541
0.546
0.522
0.49
1
0.431
0.487
NA
0.491
1
0.686
0.633
0.821
0.595
0.668
0.721
0.681
0.367
0.713
0.538
NA
1
0.158
0.489
0.475
0.482
0.524
0.524
0.539
0.249
0.47
NA
0.756
0.555
0.477
1
0.864
1
0.589
0.596
0.617
0.65
0.581
0.632
0.631
NA
NA
NA
NA
NA
NA
NA
NA
NA
NA
NA
1
0.47
0.274
NA
1
1
1
1
1
1
1
1
1
1
1
1
1
1
1
1
1
1
0.214
NA
0.69
1
NA
1
NA
NA
NA
1
1
0.867
1
0.648
1
0.667
0.667
0.245
1
1
1
1
0.374
0.16
NA
0.284
0.652
0.703
1
0.579
0.71
1
0.519
1
1
1
1
NA
NA
0.815
0.572
0.158
1
0.815
0.815
1
1
NA
0.634
0.534
0.114
1
0.571
0.564
0.828
0.866
1
0.551
1
1
1
1
0.601
1
1
0.827
1
1
1
1
1
1
0.292
1
1
1
1
1
1
0.158
1
1
1
1
1
1
1
1
1
1
1
1
1
NA
1
1
NA
1
0.108
0.553
0.14
1
1
NA
1
0.158
0.579
0.59
1
0.243
0.44
0.399
0.411
1
0.518
0.511
1
0.574
0.507
0.709
0.711
1
0.675
0.629
0.789
0.567
0.573
0.65
0.745
0.624
0.663
0.732
0.727
0.656
1
1
0.644
NA
1
0.841
0.609
0.84
0.836
1
0.807
NA
1
1
NA
0.815
NA
NA
NA
1
0.367
0.821
0.505
1
0.662
0.648
NA
0.485
NA
0.491
0.337
0.564
1
0.629
0.601
0.49
0.569
0.416
0.558
0.528
0.47
1
NA
0.709
0.451
0.372
1
1
1
1
0.815
1
1
0.815
0.602
0.69
1
1
1
1
0.815
1
1
0.815
0.69
1
0.133
1
0.657
0.659
1
0.648
0.474
0.623
0.612
1
0.547
0.394
NA
NA
0.767
NA
1
1
1
0.307
0.784
0.34
0.34
1
0.615
0.426
0.499
1
0.58
0.541
1
0.637
NA
0.795
1
0.117
0.497
1
NA
0.657
0.657
0.764
0.657
0.611
1
0.743
0.703
1
1
1
1
1
1
0.122
0.117
0.106
0.083
0.092
0.18
NA
1
0.271
0.328
0.63
0.425
0.498
0.513
1
0.137
0.271
0.309
0.328
1
0.175
0.551
NA
NA
NA
NA
NA
NA
NA
NA
NA
NA
NA
NA
NA
0.471
0.331
0.134
0.315
0.515
1
0.205
1
1
1
1
0.621
1
1
1
1
0.232
1
NA
1
1
1
1
0.574
1
NA
0.815
0.815
1
0.575
NA
0.37
1
1
0.304
0.445
NA
0.12
0.031
0.645
0.185
0.381
1
0.623
1
0.417
1
0.762
1
0.667
0.367
1
0.621
0.736
NA
1
NA
0.691
0.604
1
0.617
0.533
0.715
0.829
0.699
0.769
1
1
0.561
0.415
0.561
0.61
0.599
0.696
1
0.665
0.262
0.639
0.614
0.639
0.729
0.577
0.709
0.386
0.74
NA
0.576
0.65
0.638
0.668
1
0.569
0.678
1
NA
0.262
1
1
1
1
1
1
1
1
1
1
1
1
0.686
0.877
0.705
0.499
NA
1
0.52
0.499
0.623
0.596
0.587
1
0.565
0.59
0.448
1
0.464
0.563
0.385
1
0.578
1
0.547
0.573
0.774
1
1
1
1
1
1
1
0.778
1
0.404
NA
0.564
0.554
0.544
0.684
0.684
0.587
0.718
0.682
NA
NA
1
0.691
0.14
NA
0.602
0.518
0.689
1
0.613
0.756
0.577
1
0.199
0.529
0.707
0.532
0.754
0.705
0.828
0.805
1
1
0.817
0.856
0.399
1
0.815
1
0.711
0.584
NA
NA
NA
NA
NA
NA
NA
NA
NA
NA
NA
1
0.128
0.146
0.067
1
0.128
0.148
0.633
0.865
0.518
0.565
0.592
0.583
0.421
1
0.847
0.628
0.589
0.525
0.498
0.711
0.563
0.575
NA
0.599
0.34
0.551
1
0.34
0.664
0.616
0.61
1
0.598
0.598
0.53
0.603
NA
NA
NA
NA
NA
NA
NA
NA
NA
NA
1
1
1
1
1
1
1
1
1
1
NA
1
1
1
1
1
NA
0.839
1
0.337
0.793
1
0.403
0.224
0.38
0.395
0.515
0.487
0.582
0.564
0.638
1
0.5
0.937
0.488
0.608
1
NA
0.253
1
1
0.381
0.609
0.57
1
1
1
1
1
1
NA
1
1
1
1
0.443
0.475
0.724
0.749
0.571
0.665
0.677
0.653
NA
0.446
0.648
NA
0.823
0.74
NA
0.769
1
0.573
0.451
0.606
0.736
0.839
0.463
1
0.771
1
0.875
0.858
0.808
NA
0.543
0.462
0.451
0.536
0.403
0.815
1
0.797
0.497
0.523
0.449
0.52
1
1
1
0.485
0.568
0.728
0.494
0.636
0.645
0.645
1
0.812
0.927
0.759
NA
1
0.502
0.622
0.55
0.396
NA
0.472
0.751
0.597
0.497
0.523
1
1
0.476
NA
NA
NA
NA
NA
NA
0.125
0.083
NA
0.316
0.125
0.157
NA
0.69
0.284
0.441
0.469
0.603
0.539
0.418
0.435
0.85
0.829
0.128
1
0.56
0.555
0.621
1
0.3
0.407
0.596
0.531
0.6
0.549
0.555
0.482
1
0.181
0.9
0.139
0.782
0.22
0.657
0.236
1
0.826
0.339
0.494
0.584
0.529
0.468
0.867
0.452
1
1
1
0.61
1
0.606
0.673
0.741
0.357
0.384
0.626
1
0.481
1
0.59
1
NA
NA
0.739
1
0.662
0.477
0.366
0.304
0.873
0.477
0.06
0.573
1
0.129
0.83
0.491
0.512
0.502
0.478
1
0.422
0.441
0.734
0.677
0.583
0.576
0.603
0.633
0.514
1
0.547
0.694
0.146
1
1
1
1
1
0.621
1
0.621
0.815
NA
1
1
0.507
1
0.587
0.205
1
1
1
NA
1
0.389
0.536
0.469
0.427
0.505
0.556
0.46
0.518
0.569
0.446
0.428
0.5
0.624
NA
0.46
0.977
0.544
0.525
0.453
0.532
0.568
0.436
0.819
0.47
1
NA
1
0.492
0.57
0.502
0.181
0.434
0.246
0.32
0.345
1
0.607
1
0.262
0.262
0.262
0.335
0.262
0.614
1
0.399
0.442
1
0.564
0.75
0.821
NA
NA
0.404
0.452
1
0.437
0.48
NA
0.347
1
0.141
0.141
0.141
0.149
1
0.477
1
1
0.619
0.214
NA
1
0.409
0.734
0.588
1
1
0.127
0.133
0.622
1
0.686
0.693
0.488
0.462
0.827
0.782
0.489
1
0.503
NA
0.568
0.541
0.774
0.444
0.48
1
NA
1
0.444
0.69
0.65
1
1
0.815
0.69
1
0.283
1
0.477
0.477
NA
NA
0.665
0.719
1
0.682
0.597
0.508
0.504
0.554
0.811
1
0.598
1
1
1
1
1
NA
NA
NA
NA
NA
NA
NA
NA
0.507
NA
0.808
0.815
1
0.695
1
0.876
0.635
0.594
0.116
0.609
0.503
0.65
0.626
0.668
NA
0.524
0.73
0.783
1
NA
0.111
0.111
1
0.869
0.689
0.751
NA
NA
NA
1
0.488
1
0.876
1
NA
0.771
1
0.262
0.553
0.609
0.328
0.229
0.262
0.328
0.137
0.234
0.662
0.237
NA
0.137
0.328
NA
0.247
NA
NA
0.889
1
0.897
1
1
1
1
0.899
0.899
NA
NA
1
NA
1
0.554
0.62
0.522
0.69
0.392
0.503
0.453
0.69
1
0.395
0.408
0.256
0.462
NA
0.982
NA
0.141
0.434
0.158
0.158
0.158
0.534
0.654
1
0.611
0.598
0.143
0.638
1
0.55
0.631
0.579
0.584
0.596
0.451
0.575
1
0.616
0.631
1
1
1
1
1
1
1
1
1
1
0.556
NA
0.492
0.586
1
0.69
1
0.629
0.639
0.601
1
0.48
1
0.564
0.458
0.098
0.098
0.592
NA
1
0.743
0.737
0.635
1
1
0.704
NA
1
0.328
0.477
0.559
0.51
0.28
NA
NA
NA
NA
NA
1
0.497
0.458
0.614
0.649
1
0.306
0.477
0.659
1
0.745
0.708
0.654
0.654
1
1
1
0.618
1
0.609
NA
1
1
0.769
NA
0.596
0.581
0.815
0.2
0.473
0.533
0.549
0.526
0.549
1
1
1
0.31
1
0.815
1
0.511
1
0.487
1
0.245
0.267
0.724
1
0.181
0.181
1
0.49
0.602
0.487
0.578
0.477
NA
0.558
0.494
0.663
0.487
0.112
NA
NA
NA
0.565
0.762
1
0.582
0.571
1
NA
1
1
0.318
0.477
0.815
0.676
0.794
0.726
0.699
0.632
1
0.688
0.641
0.663
0.566
0.642
1
0.869
0.499
1
0.567
0.717
0.581
0.498
0.467
0.444
1
0.51
1
0.51
1
0.481
0.771
0.498
0.669
0.466
0.544
0.58
0.441
0.595
0.584
NA
0.137
0.656
0.506
0.613
0.51
1
0.569
0.733
0.532
0.711
1
0.609
0.629
0.58
0.567
0.58
0.772
1
0.553
0.212
0.579
0.689
1
1
0.759
0.619
0.771
NA
0.551
1
0.129
0.616
0.211
0.94
1
1
0.211
0.211
1
NA
NA
0.756
0.513
NA
0.452
0.79
0.711
0.485
0.783
0.565
1
0.712
0.866
0.808
0.736
0.683
0.799
0.823
0.774
0.791
0.789
0.598
0.587
0.592
0.394
0.704
0.598
NA
0.622
0.866
0.598
0.558
0.672
0.545
0.553
0.677
1
0.755
0.652
0.341
0.388
0.702
0.407
0.608
1
1
1
1
1
1
1
1
1
1
1
1
0.59
1
1
0.559
0.567
NA
0.844
0.693
0.638
0.732
NA
NA
1
NA
NA
NA
1
0.989
0.513
1
0.796
0.704
0.722
1
1
1
1
0.556
0.547
1
0.708
0.693
0.628
0.539
0.815
NA
0.693
0.815
0.748
0.889
1
0.726
1
0.707
0.477
1
0.63
0.598
0.579
NA
0.675
0.747
1
0.617
0.669
0.705
NA
0.196
NA
NA
NA
0.708
0.603
0.625
0.086
0.513
1
0.729
0.648
0.515
0.558
0.549
0.597
0.635
0.601
0.534
0.63
1
NA
NA
0.489
1
0.563
0.612
1
0.57
0.173
0.542
0.571
0.667
0.262
0.605
NA
0.313
1
0.921
NA
NA
NA
0.328
1
0.58
0.862
0.064
1
NA
NA
NA
NA
0.784
0.126
0.443
0.614
0.082
0.552
0.74
0.842
0.497
0.51
0.555
1
0.71
0.538
0.657
0.553
0.65
0.643
0.509
0.643
0.509
0.735
0.659
1
NA
1
0.876
1
1
0.727
0.822
0.498
1
1
0.477
1
0.822
0.498
1
1
1
0.786
NA
0.786
0.857
0.423
0.508
0.562
0.585
0.515
0.54
0.651
0.51
0.645
0.538
0.648
1
NA
0.53
1
1
0.586
NA
0.877
0.514
0.593
1
1
1
1
0.119
0.383
0.214
0.113
0.166
1
NA
1
0.403
1
1
NA
NA
1
0.564
0.778
1
0.107
1
0.533
0.56
0.535
1
0.262
0.639
0.591
NA
0.651
NA
0.579
1
0.681
0.53
0.477
0.56
0.181
0.547
0.477
0.701
1
0.565
0.369
0.602
1
1
0.262
NA
NA
NA
0.545
0.722
1
0.716
1
0.594
0.075
0.625
1
0.531
0.581
0.527
1
1
1
1
1
0.66
1
0.538
0.625
0.795
0.661
NA
1
0.548
0.612
1
0.543
NA
1
0.739
0.597
1
1
NA
0.285
0.641
0.372
0.494
0.228
0.468
0.503
0.68
0.474
0.427
0.529
0.575
0.5
1
0.146
0.501
1
0.524
1
0.522
0.361
0.643
1
NA
NA
NA
NA
NA
NA
0.497
0.653
1
0.08
0.08
1
0.602
1
0.551
1
0.494
0.545
0.651
0.673
NA
NA
NA
NA
NA
NA
NA
NA
1
0.522
NA
0.62
0.398
0.544
0.129
0.557
0.556
0.573
NA
0.489
0.747
NA
0.519
1
1
0.477
1
0.489
0.541
0.595
NA
0.577
0.446
0.556
NA
1
0.761
0.865
0.587
0.262
0.474
0.858
0.133
0.586
0.476
0.511
0.939
0.743
0.72
0.609
0.69
0.748
0.598
0.544
0.653
1
0.604
0.537
0.513
0.55
0.576
0.743
0.582
0.556
0.575
0.722
0.664
0.864
0.842
0.79
0.52
0.473
0.631
0.599
0.699
0.643
0.465
0.714
0.671
1
0.56
0.614
0.64
0.67
0.67
NA
0.495
0.519
1
0.658
NA
1
0.617
0.521
1
0.5
0.481
0.691
0.582
0.643
0.716
0.559
0.872
0.602
0.594
0.577
0.689
0.573
0.74
0.709
0.686
NA
NA
NA
0.262
1
0.702
1
0.624
0.757
1
0.864
NA
NA
0.544
1
0.477
1
0.835
1
NA
NA
NA
NA
0.929
NA
NA
NA
NA
1
0.687
0.752
0.893
1
0.95
0.754
0.709
1
0.655
0.566
0.603
0.691
1
1
0.537
0.602
1
0.506
0.57
0.589
0.986
1
0.55
0.59
0.623
1
0.687
0.551
1
0.759
0.904
1
1
0.772
0.942
0.942
1
0.61
0.628
0.487
0.584
0.503
0.616
0.436
0.74
0.485
1
0.616
0.45
1
1
1
1
0.74
0.503
1
NA
0.679
0.499
0.562
1
1
0.526
0.262
0.367
1
0.531
0.535
0.642
NA
0.9
0.736
0.837
0.807
0.806
0.825
0.78
0.772
0.548
0.717
0.576
0.802
0.579
0.616
0.703
0.774
1
0.814
0.815
0.76
0.559
0.528
0.698
0.676
NA
0.684
0.662
0.674
0.522
0.666
0.628
0.674
0.628
0.701
1
0.34
1
0.554
0.651
0.749
0.632
0.733
1
1
0.819
0.649
0.76
0.525
0.824
0.697
0.788
0.84
0.879
0.856
0.526
0.701
0.842
0.815
1
0.815
1
1
0.214
NA
0.176
0.194
0.355
0.656
NA
0.691
0.717
0.7
0.938
0.509
0.769
0.28
0.905
0.836
0.369
1
1
0.694
0.645
0.565
0.61
0.669
0.557
0.551
1
0.617
0.713
1
0.529
0.532
0.633
0.662
1
0.506
0.62
0.538
0.526
0.632
0.594
0.763
0.662
0.601
0.652
0.573
0.787
0.773
0.593
0.748
0.754
1
0.634
0.551
0.72
0.74
0.753
0.782
0.852
NA
0.651
NA
0.617
1
0.766
0.583
1
0.592
0.61
0.579
0.633
0.584
0.622
0.606
0.698
0.552
0.669
0.596
0.607
0.667
0.603
0.66
0.554
0.596
NA
0.583
0.378
0.612
0.546
1
0.57
0.696
0.55
1
0.606
0.706
0.48
0.763
1
0.446
NA
0.212
0.697
0.62
1
0.367
0.737
1
0.629
0.501
0.477
0.637
0.686
0.607
1
0.497
0.416
0.274
0.69
0.69
0.274
0.274
0.206
0.71
0.54
0.629
0.6
0.521
0.603
1
1
0.145
0.183
0.145
NA
0.141
1
1
0.464
0.497
0.614
0.547
0.58
0.482
0.467
0.452
0.804
0.78
0.801
0.838
0.574
0.523
0.553
0.564
1
1
1
0.615
0.523
1
1
1
1
1
1
1
1
0.606
1
1
1
1
1
1
1
1
1
1
1
1
0.608
0.497
0.717
0.606
0.407
1
0.594
1
1
0.543
0.567
0.671
0.768
1
1
NA
1
1
0.636
0.426
0.465
1
0.389
NA
0.37
1
0.536
1
0.747
0.719
1
0.617
0.704
0.514
0.618
1
1
0.649
1
0.762
0.796
0.842
0.888
0.732
NA
0.679
0.809
0.499
0.754
NA
0.693
0.929
1
1
1
0.378
NA
0.786
1
0.758
0.599
1
1
0.799
1
0.476
0.622
0.76
1
0.698
0.53
0.533
0.551
0.712
1
0.586
0.693
0.52
1
0.672
NA
0.693
0.633
0.662
0.651
0.629
0.653
0.651
1
1
0.652
0.635
1
0.529
1
0.638
0.59
0.554
0.616
0.668
0.572
0.586
1
1
1
0.65
0.476
0.639
1
1
0.428
0.729
0.729
1
0.609
1
1
1
1
1
1
0.59
0.51
0.515
0.555
0.622
0.69
0.546
0.684
0.578
0.753
0.614
1
0.677
1
0.576
1
0.671
1
0.738
0.741
0.742
0.751
0.59
0.815
0.699
0.747
0.698
1
0.712
0.548
0.553
1
0.711
0.569
0.492
0.708
0.536
0.772
0.763
1
0.748
0.639
0.605
0.663
0.614
0.549
0.835
0.713
0.697
0.687
0.687
1
0.707
0.658
0.804
1
0.781
1
0.734
0.747
0.815
NA
0.644
NA
1
0.815
0.646
0.861
1
0.751
1
0.688
0.655
0.667
0.645
0.932
0.8
0.626
0.674
0.645
0.737
1
0.716
0.615
0.821
0.853
0.435
1
1
1
1
NA
NA
0.573
0.659
0.661
1
0.764
1
0.848
0.675
0.633
0.849
1
0.801
0.897
0.745
0.749
1
1
0.782
NA
0.67
0.847
1
0.262
0.318
0.539
1
0.75
0.629
1
1
0.253
1
0.762
0.591
0.271
0.608
0.414
0.726
0.624
0.648
0.743
0.751
1
1
0.571
1
0.626
0.58
0.53
NA
0.618
0.616
0.367
1
1
1
1
0.618
0.311
0.531
0.635
0.693
1
1
0.611
0.861
0.765
0.542
0.487
0.859
0.767
1
0.639
0.586
1
0.505
0.624
0.519
0.685
0.551
0.493
1
0.32
0.721
0.305
0.782
1
0.428
0.618
0.652
0.563
0.505
0.495
1
1
1
0.69
1
0.602
1
0.602
1
0.694
0.435
0.634
0.751
1
0.105
1
1
1
1
NA
0.073
0.083
0.181
0.535
1
1
0.698
0.181
0.314
1
0.599
0.496
0.56
0.643
0.715
1
0.717
0.554
0.667
0.328
0.601
0.609
0.753
0.783
0.672
1
0.667
0.577
0.487
0.585
0.544
0.575
0.608
0.534
0.568
1
0.61
0.693
0.774
0.806
1
0.717
0.75
0.657
0.821
0.638
0.781
0.575
0.608
0.676
0.725
0.262
0.704
0.875
0.488
0.531
0.603
0.639
0.486
0.605
0.607
0.607
0.524
0.484
0.499
0.604
1
0.572
0.506
1
1
0.761
0.525
0.553
0.615
0.535
0.733
0.799
1
0.626
0.643
0.624
0.603
0.675
0.718
0.708
0.892
1
0.449
1
0.611
0.584
0.575
0.69
0.656
0.531
0.573
0.587
0.627
1
0.695
0.596
0.545
0.654
0.708
1
0.639
0.328
0.379
0.633
0.591
0.767
0.734
0.648
0.661
0.603
0.566
0.607
0.724
0.137
0.704
0.548
1
1
0.355
1
0.111
0.572
0.641
0.552
0.595
0.599
0.72
0.553
0.633
0.659
0.749
0.648
0.475
0.616
0.618
0.664
0.702
0.784
0.526
0.615
0.572
0.662
0.744
0.759
1
1
0.731
0.59
0.536
0.579
0.55
0.616
0.491
0.559
0.655
0.516
0.702
0.228
0.207
0.208
NA
0.193
0.285
0.295
0.133
0.204
1
0.206
0.747
0.12
0.538
0.608
0.283
0.834
0.593
0.24
0.335
0.69
1
1
1
1
0.181
1
1
1
1
0.557
1
0.477
1
NA
0.621
1
NA
NA
NA
NA
NA
NA
NA
NA
NA
NA
NA
NA
NA
NA
NA
NA
NA
NA
NA
NA
NA
NA
NA
NA
NA
NA
1
1
1
0.396
0.358
0.628
0.394
0.717
0.64
0.705
0.603
0.665
1
0.554
0.492
0.559
0.604
0.53
0.538
0.486
0.522
0.517
0.726
0.789
NA
0.624
0.679
1
0.815
0.815
0.815
1
0.941
0.577
1
1
0.815
1
1
0.792
1
1
0.477
0.587
0.598
0.759
1
0.728
NA
NA
NA
0.55
1
0.57
0.803
1
1
0.577
0.701
0.586
0.765
0.548
0.63
0.697
0.6
0.751
0.574
0.668
0.522
0.735
0.679
0.651
0.627
0.554
0.598
0.762
0.806
0.67
0.697
0.684
0.571
0.561
0.553
0.657
0.568
1
0.609
0.671
0.686
0.649
0.55
0.653
1
0.557
0.794
0.648
0.559
0.587
0.549
0.757
0.692
0.73
0.613
1
1
0.708
0.536
0.617
1
1
1
0.538
0.509
0.581
0.577
0.495
0.584
1
0.586
0.742
0.729
0.541
0.731
0.66
0.594
0.675
NA
NA
NA
1
1
0.438
0.556
0.65
0.372
0.305
0.443
0.487
0.875
1
0.69
NA
NA
NA
0.711
0.566
0.729
1
0.234
0.251
NA
NA
0.599
0.64
1
0.262
0.871
0.795
0.753
NA
0.75
0.567
0.44
1
0.6
1
0.665
0.59
0.612
1
0.641
1
0.599
0.104
0.634
0.544
0.722
0.733
1
NA
0.59
1
0.686
1
0.841
NA
0.596
0.579
0.527
1
0.679
0.679
0.273
0.738
0.634
0.616
NA
0.606
0.795
1
NA
0.597
0.643
0.804
NA
0.575
0.788
0.43
0.689
0.59
0.784
1
0.85
NA
0.537
0.65
NA
0.881
1
0.917
1
NA
0.597
NA
0.776
1
0.606
0.678
0.704
1
0.629
0.621
0.474
0.606
0.643
NA
0.726
0.6
0.603
0.676
0.62
1
1
0.761
NA
0.715
0.769
0.629
NA
NA
NA
NA
NA
0.807
0.702
0.611
0.58
0.133
1
0.804
1
1
0.617
0.696
0.821
0.629
0.504
1
0.683
0.644
1
1
1
0.585
0.604
1
0.762
0.486
0.869
0.937
0.603
0.5
0.487
0.315
0.702
0.078
0.4
0.605
0.569
0.66
0.937
0.979
0.567
0.692
0.615
0.928
0.682
1
0.56
1
0.454
0.906
0.835
0.665
0.714
0.812
NA
0.721
0.709
0.484
0.67
0.711
0.181
0.571
0.58
0.487
0.687
0.471
0.699
0.655
0.66
1
0.594
0.68
0.477
NA
NA
0.734
0.606
0.47
0.552
0.622
0.609
0.48
0.545
0.545
0.666
0.5
0.497
0.598
0.545
1
0.572
1
0.497
0.525
NA
NA
0.491
0.645
0.565
0.557
0.755
0.552
0.591
0.642
0.719
1
NA
1
0.099
1
0.643
0.677
0.592
0.688
0.578
0.73
0.871
0.79
0.709
0.79
0.709
0.722
0.523
0.749
0.512
1
0.609
1
NA
1
0.815
1
1
0.089
0.094
1
NA
0.141
1
1
0.754
0.791
1
0.524
NA
NA
NA
NA
1
1
0.489
0.748
0.631
0.49
1
NA
NA
NA
1
0.39
0.603
0.808
1
0.262
1
1
1
1
1
0.69
1
NA
1
1
1
0.463
1
NA
NA
0.575
0.924
0.68
NA
1
1
0.802
NA
NA
NA
0.67
NA
0.851
0.892
1
0.66
0.493
NA
NA
0.676
0.621
0.631
1
0.557
0.597
0.623
0.587
0.65
0.561
0.581
0.807
NA
0.628
1
0.638
0.618
0.532
0.653
0.613
0.625
0.677
0.647
0.597
0.6
0.477
0.565
0.653
1
NA
0.807
0.684
0.7
1
1
1
0.525
1
0.896
1
0.51
NA
0.571
0.537
0.852
1
NA
1
NA
NA
NA
NA
NA
NA
NA
NA
NA
NA
NA
NA
NA
NA
NA
NA
NA
NA
NA
NA
NA
NA
NA
NA
NA
NA
NA
1
1
0.789
0.7
1
1
NA
0.448
0.163
0.094
0.51
0.106
0.1
NA
1
0.627
0.661
0.579
1
0.795
1
0.75
0.72
1
0.641
0.584
1
0.726
0.64
0.558
0.597
1
0.593
0.52
1
0.527
1
NA
NA
NA
NA
NA
NA
NA
NA
0.568
0.505
1
0.262
0.625
0.617
0.505
0.553
0.507
NA
NA
NA
NA
NA
0.146
0.146
NA
NA
NA
0.855
0.513
0.286
1
0.759
1
0.71
NA
0.619
0.695
0.787
0.666
0.61
0.615
0.408
0.094
1
1
0.443
0.726
0.528
0.583
0.837
0.702
0.845
0.661
1
0.368
0.661
0.843
0.504
0.443
0.739
0.568
0.63
0.53
0.495
NA
NA
NA
NA
NA
NA
NA
NA
NA
NA
0.703
0.777
1
0.214
0.668
0.625
0.474
0.816
0.652
0.761
0.515
0.871
0.811
0.626
0.388
0.484
1
0.606
0.515
0.396
0.664
0.522
0.243
0.594
0.506
0.591
0.554
0.423
0.506
0.402
0.537
0.551
1
0.953
0.766
0.635
0.522
0.621
0.543
1
0.703
0.53
0.62
0.655
0.629
0.574
0.673
0.843
0.796
0.692
1
0.636
0.619
0.711
1
0.601
0.639
0.565
0.668
0.672
0.64
0.645
1
0.554
0.678
0.689
0.817
0.584
0.667
NA
0.659
0.666
0.671
0.742
0.602
0.727
0.671
0.76
NA
0.545
0.504
0.599
0.67
0.889
0.741
0.619
0.667
NA
0.684
0.67
1
1
0.689
0.851
0.753
1
0.596
0.11
0.551
0.546
1
0.44
0.563
0.448
0.6
0.575
1
0.572
0.454
0.739
0.874
0.57
0.913
0.601
1
0.633
0.557
1
0.262
1
0.893
1
0.701
1
0.477
1
0.728
1
1
1
0.597
1
0.591
0.582
NA
0.41
0.453
NA
NA
0.441
0.555
1
1
NA
NA
0.627
1
0.39
0.526
0.629
0.59
0.483
0.776
0.727
0.652
0.214
0.592
0.157
0.375
0.626
0.582
0.727
0.785
1
1
0.588
0.623
0.487
0.666
0.636
0.523
0.623
0.418
1
NA
NA
NA
NA
1
1
1
1
1
1
0.495
1
0.567
0.359
0.279
0.342
0.351
0.427
1
1
NA
NA
NA
NA
0.654
0.328
0.338
0.287
0.612
0.585
NA
0.669
0.372
0.057
0.685
0.065
1
1
0.045
0.5
0.137
0.519
0.956
0.628
0.591
0.448
1
1
0.612
0.589
0.492
0.549
NA
0.588
0.718
1
0.719
0.687
0.426
0.836
0.441
NA
0.697
0.203
1
0.628
1
0.627
0.611
0.721
0.654
0.682
0.739
0.677
1
1
0.691
0.49
0.423
NA
NA
NA
1
1
1
1
0.683
0.256
1
0.584
1
1
1
NA
NA
0.404
1
0.427
0.487
0.683
0.532
0.533
0.744
0.713
1
0.286
0.286
NA
NA
1
1
1
1
1
0.654
0.457
1
0.538
1
1
0.431
0.581
0.964
0.86
NA
NA
1
NA
0.842
1
1
1
1
1
0.471
0.64
0.634
1
0.508
NA
NA
0.446
0.516
0.596
0.545
0.544
0.635
1
0.262
0.262
NA
1
NA
1
NA
1
0.46
1
NA
NA
0.083
0.539
0.133
0.487
0.417
0.469
0.806
1
0.444
NA
0.42
1
0.543
NA
1
1
1
NA
1
1
1
NA
NA
NA
0.614
1
0.239
1
1
0.469
1
1
1
1
1
0.601
0.597
0.455
1
1
0.367
0.541
0.485
1
0.111
0.129
1
0.778
0.634
0.567
0.425
0.3
1
1
1
1
0.69
1
1
0.395
0.609
0.695
0.606
0.622
0.689
NA
1
1
0.526
0.511
0.526
NA
NA
0.262
1
0.262
0.606
0.606
NA
0.282
1
0.721
0.587
0.651
1
0.623
NA
0.531
1
0.526
0.663
0.542
0.577
0.115
NA
0.58
0.427
1
0.592
0.636
0.612
0.674
NA
0.702
0.601
1
1
0.367
1
0.444
0.34
NA
NA
NA
NA
NA
0.256
0.821
0.568
0.354
0.344
1
0.396
0.587
0.592
0.843
0.578
0.681
0.641
0.552
1
0.49
0.47
NA
0.537
0.476
0.568
1
0.667
0.743
0.592
0.609
0.515
NA
1
0.282
0.513
0.344
0.6
NA
0.491
0.505
0.069
0.523
0.524
0.627
0.499
0.197
0.584
0.213
1
0.698
1
1
1
0.773
0.658
1
0.52
0.613
0.609
1
1
1
1
1
0.146
0.815
0.699
0.524
0.589
0.645
0.675
0.515
0.462
0.544
0.516
0.539
0.527
0.535
0.543
0.539
0.564
0.693
0.593
0.49
0.571
0.592
NA
0.644
1
0.566
0.546
NA
0.424
1
1
0.388
1
0.606
0.533
0.437
0.557
0.503
0.594
0.921
0.492
0.589
0.536
0.575
0.621
0.749
0.589
0.516
0.494
1
0.399
0.479
NA
0.804
0.752
1
0.847
0.901
0.274
0.792
0.582
0.585
1
0.767
1
1
0.815
0.533
0.533
0.457
NA
NA
NA
NA
NA
NA
1
0.545
0.661
0.616
0.599
0.719
0.79
0.719
0.73
0.702
0.681
0.686
0.756
0.645
0.674
NA
1
0.629
0.541
1
0.52
1
0.426
1
0.527
0.454
0.692
0.572
0.602
0.656
0.815
0.403
0.768
0.768
0.494
1
0.758
0.181
0.658
NA
0.57
NA
0.11
1
0.298
1
0.371
0.744
NA
NA
NA
NA
0.574
0.488
0.454
0.49
0.456
0.518
1
0.34
NA
1
NA
NA
0.272
0.701
0.434
0.444
0.496
NA
NA
NA
NA
NA
NA
NA
NA
NA
0.731
0.477
0.477
0.732
NA
NA
NA
NA
NA
NA
NA
NA
NA
NA
NA
NA
NA
NA
NA
NA
NA
NA
NA
NA
NA
NA
NA
NA
NA
NA
NA
NA
NA
NA
NA
NA
NA
NA
0.654
NA
NA
0.115
NA
0.321
0.66
0.09
NA
NA
NA
0.547
0.48
0.69
0.258
NA
NA
NA
NA
NA
NA
NA
NA
0.69
1
NA
0.435
1
NA
NA
NA
NA
NA
NA
NA
NA
NA
NA
NA
1
NA
NA
NA
NA
NA
NA
NA
NA
NA
NA
NA
NA
NA
NA
NA
NA
NA
NA
NA
NA
NA
NA
NA
NA
NA
NA
NA
NA
NA
NA
NA
NA
NA
NA
NA
NA
NA
NA
NA
NA
NA
NA
1
NA
NA
NA
NA
NA
NA
NA
1
NA
0.602
1
0.219
0.477
NA
NA
NA
NA
NA
NA
NA
NA
NA
NA
NA
NA
NA
NA
NA
0.508
NA
0.273
0.273
NA
NA
NA
NA
NA
0.477
NA
NA
NA
NA
NA
NA
NA
NA
NA
NA
0.078
0.328
NA
NA
NA
1
0.511
NA
NA
NA
NA
0.418
0.165
0.653
0.639
1
0.231
0.239
NA
0.59
NA
NA
NA
1
0.631
NA
0.667
NA
1
0.815
1
NA
NA
NA
NA
NA
0.43
NA
NA
NA
NA
0.513
0.492
NA
NA
NA
NA
NA
NA
NA
NA
NA
0.67
1
NA
NA
NA
NA
NA
NA
NA
NA
NA
NA
NA
NA
NA
NA
0.532
0.262
NA
0.593
0.589
NA
0.462
NA
NA
0.328
0.328
NA
1
NA
NA
NA
NA
0.117
NA
NA
NA
NA
NA
NA
NA
NA
NA
NA
NA
NA
NA
NA
NA
NA
NA
NA
NA
NA
NA
NA
NA
NA
NA
NA
NA
NA
NA
NA
NA
NA
NA
NA
NA
NA
0.5
NA
NA
0.193
NA
0.358
NA
0.262
0.079
NA
NA
NA
NA
NA
NA
NA
NA
NA
0.61
NA
NA
0.474
0.303
NA
NA
0.645
NA
NA
NA
NA
NA
NA
NA
NA
NA
0.286
0.688
NA
NA
0.69
0.815
NA
1
1
1
1
0.479
NA
0.158
1
NA
NA
NA
NA
0.281
NA
NA
NA
NA
NA
NA
NA
NA
NA
0.471
0.484
0.567
0.491
0.595
0.352
0.486
NA
NA
NA
0.328
NA
0.328
0.328
NA
1
NA
0.327
0.286
NA
NA
1
1
0.262
NA
NA
NA
NA
NA
NA
1
0.335
0.472
0.574
1
NA
NA
0.589
0.609
0.128
1
0.28
0.762
0.545
NA
0.622
0.451
NA
NA
NA
NA
0.69
NA
0.667
NA
NA
0.633
0.477
0.477
NA
NA
NA
NA
NA
NA
NA
NA
NA
0.287
NA
NA
NA
NA
NA
NA
NA
NA
NA
0.611
0.621
NA
0.181
NA
NA
NA
NA
1
0.69
NA
NA
NA
NA
NA
NA
NA
NA
NA
NA
NA
NA
1
0.572
NA
0.181
NA
NA
NA
NA
NA
NA
NA
NA
NA
NA
0.606
NA
0.482
NA
NA
NA
NA
0.388
NA
NA
0.17
NA
NA
NA
0.634
0.147
NA
0.433
NA
NA
NA
0.692
NA
0.545
NA
NA
NA
NA
NA
0.097
NA
NA
0.255
1
0.643
NA
NA
0.74
0.614
NA
NA
NA
0.633
0.158
NA
NA
NA
0.647
NA
0.621
NA
NA
NA
0.518
0.339
NA
0.418
NA
0.378
0.815
NA
NA
0.477
NA
NA
1
1
1
0.328
NA
1
NA
0.607
0.514
NA
NA
0.473
1
NA
NA
0.549
NA
NA
NA
1
0.577
NA
NA
0.133
NA
NA
NA
0.773
NA
NA
0.502
NA
0.596
0.445
NA
NA
NA
NA
NA
NA
NA
NA
0.14
0.127
NA
NA
1
NA
0.58
0.543
0.696
NA
NA
0.727
NA
0.497
NA
0.656
NA
0.137
NA
NA
0.611
0.499
NA
NA
NA
NA
NA
1
NA
0.249
NA
0.68
NA
NA
NA
NA
NA
NA
0.129
NA
NA
NA
0.647
0.522
NA
NA
0.477
NA
NA
0.478
0.328
0.158
NA
NA
NA
NA
NA
0.552
0.647
0.53
0.634
NA
NA
NA
NA
NA
NA
NA
0.378
NA
0.347
NA
NA
NA
0.6
NA
0.864
NA
NA
0.65
NA
0.417
0.557
1
NA
1
NA
0.506
NA
0.602
NA
NA
0.549
NA
0.614
1
1
NA
0.315
0.437
0.359
NA
NA
NA
NA
NA
NA
NA
NA
0.702
NA
0.69
0.69
0.644
0.705
NA
0.567
NA
NA
NA
0.273
0.188
0.146
0.267
0.091
NA
NA
NA
NA
NA
NA
NA
NA
NA
0.546
NA
0.631
0.503
0.564
0.156
0.103
0.616
0.625
1
NA
NA
NA
NA
NA
NA
NA
NA
NA
NA
NA
NA
0.63
NA
NA
NA
NA
NA
NA
0.151
0.151
NA
NA
NA
0.439
NA
NA
1
1
1
NA
NA
NA
0.115
0.141
0.078
NA
NA
NA
NA
1
NA
NA
NA
NA
NA
NA
NA
NA
1
0.771
NA
NA
NA
NA
NA
1
NA
NA
NA
NA
NA
NA
NA
NA
NA
0.095
NA
NA
NA
0.362
NA
NA
NA
NA
NA
NA
0.815
NA
NA
NA
NA
NA
NA
NA
1
0.771
0.815
0.534
0.493
NA
NA
NA
NA
NA
NA
NA
NA
NA
NA
NA
0.471
NA
NA
NA
1
NA
0.815
0.851
NA
NA
NA
NA
NA
NA
NA
NA
NA
NA
NA
0.328
NA
NA
NA
NA
0.525
NA
NA
NA
NA
NA
0.141
NA
NA
NA
NA
NA
NA
NA
NA
NA
NA
NA
NA
NA
NA
0.34
0.262
NA
NA
NA
NA
NA
NA
NA
1
NA
NA
NA
NA
NA
0.266
0.436
NA
NA
NA
NA
NA
NA
NA
NA
NA
NA
NA
NA
NA
NA
NA
NA
NA
1
NA
NA
0.04
0.69
0.364
1
0.459
NA
1
1
0.641
1
NA
NA
0.594
NA
0.642
NA
0.48
0.486
NA
NA
NA
NA
NA
0.318
0.318
NA
NA
NA
NA
NA
NA
NA
NA
NA
NA
1
1
NA
0.708
0.815
NA
0.141
NA
NA
NA
NA
NA
NA
NA
0.559
0.411
NA
0.108
NA
1
NA
1
NA
NA
NA
0.252
NA
0.636
0.4
NA
NA
NA
NA
NA
NA
NA
NA
0.449
0.127
NA
0.127
0.568
0.718
NA
NA
NA
NA
NA
NA
NA
NA
NA
NA
NA
0.692
NA
NA
NA
0.382
NA
NA
NA
NA
NA
NA
NA
NA
NA
NA
0.065
NA
NA
NA
NA
NA
NA
0.542
NA
0.477
NA
0.397
0.436
NA
NA
NA
NA
NA
NA
NA
NA
NA
NA
NA
NA
NA
NA
NA
NA
NA
NA
NA
0.43
NA
NA
NA
0.137
0.613
0.767
0.256
NA
0.423
NA
NA
NA
0.876
NA
NA
NA
NA
0.557
NA
NA
NA
0.556
NA
NA
NA
NA
1
NA
NA
NA
NA
NA
0.518
NA
NA
NA
1
NA
NA
NA
0.595
NA
NA
NA
NA
NA
NA
NA
NA
0.826
NA
NA
NA
NA
NA
0.113
0.578
0.545
NA
NA
NA
NA
NA
NA
0.504
0.626
NA
NA
NA
NA
NA
0.14
NA
NA
0.402
NA
NA
NA
NA
NA
0.236
NA
NA
NA
NA
NA
NA
NA
NA
NA
0.584
NA
NA
NA
NA
0.669
NA
NA
NA
NA
NA
NA
NA
0.052
NA
NA
NA
0.145
0.491
NA
NA
NA
NA
NA
NA
NA
NA
NA
NA
NA
NA
NA
0.462
0.602
NA
NA
NA
NA
NA
NA
0.146
0.592
NA
NA
NA
NA
NA
NA
NA
NA
0.383
NA
NA
NA
NA
NA
NA
NA
NA
NA
0.328
NA
NA
NA
0.774
NA
1
NA
0.521
NA
NA
NA
NA
NA
NA
NA
NA
NA
NA
0.076
NA
0.102
0.102
NA
NA
NA
1
NA
0.662
0.312
0.774
0.738
NA
NA
NA
NA
NA
NA
NA
NA
NA
NA
NA
NA
NA
0.074
NA
0.313
NA
NA
NA
0.279
NA
0.633
NA
NA
NA
NA
NA
NA
NA
NA
1
1
NA
0.304
NA
NA
NA
0.444
0.114
NA
NA
NA
NA
NA
NA
NA
NA
NA
0.167
NA
NA
NA
NA
NA
NA
NA
NA
NA
0.588
NA
NA
NA
0.657
NA
NA
NA
NA
NA
NA
NA
NA
0.242
1
0.717
0.752
0.591
NA
NA
NA
0.158
NA
NA
NA
NA
NA
NA
NA
NA
NA
0.128
0.11
0.087
NA
NA
NA
NA
NA
NA
NA
0.576
NA
0.57
NA
NA
NA
NA
NA
1
0.843
NA
NA
NA
NA
0.482
0.135
NA
0.852
NA
NA
NA
NA
NA
NA
1
NA
NA
NA
NA
0.309
NA
NA
NA
NA
NA
0.059
0.083
NA
NA
NA
1
0.652
0.531
NA
NA
NA
0.688
1
0.613
NA
0.488
NA
NA
NA
NA
NA
NA
0.606
0.458
NA
0.097
NA
NA
NA
0.538
0.292
NA
0.084
0.163
0.176
NA
NA
NA
1
NA
NA
NA
NA
NA
NA
NA
NA
NA
NA
1
NA
NA
NA
NA
NA
NA
NA
NA
NA
NA
NA
NA
NA
0.618
NA
NA
NA
NA
NA
NA
NA
0.815
NA
NA
NA
NA
0.496
0.561
0.235
0.34
NA
NA
0.571
0.585
0.592
NA
NA
0.514
NA
0.262
NA
0.262
0.255
NA
0.477
NA
NA
NA
NA
NA
1
1
NA
0.153
NA
NA
NA
0.133
NA
NA
NA
NA
NA
NA
NA
NA
NA
NA
0.522
0.368
NA
0.621
NA
NA
NA
NA
NA
NA
NA
NA
NA
NA
NA
NA
NA
NA
NA
0.109
NA
NA
0.69
0.752
0.298
NA
NA
NA
NA
NA
NA
NA
NA
NA
0.262
NA
NA
NA
NA
NA
NA
NA
NA
NA
NA
0.329
NA
NA
NA
NA
NA
NA
NA
NA
NA
NA
NA
NA
NA
0.523
NA
NA
NA
NA
NA
NA
NA
NA
NA
0.106
0.221
NA
NA
0.722
NA
NA
NA
NA
NA
NA
NA
0.535
1
NA
NA
NA
NA
NA
1
0.562
NA
0.484
NA
NA
NA
NA
NA
NA
NA
1
0.621
0.614
NA
NA
1
1
NA
0.658
NA
0.407
0.236
NA
NA
NA
NA
NA
NA
0.49
NA
0.128
0.663
NA
0.616
NA
NA
NA
NA
NA
NA
1
1
0.652
0.817
NA
NA
NA
0.481
NA
NA
NA
NA
1
1
0.079
NA
0.485
NA
NA
NA
0.163
1
NA
NA
NA
0.585
NA
NA
NA
0.516
0.602
NA
NA
NA
NA
NA
0.209
0.181
NA
NA
NA
0.175
0.328
NA
1
0.438
0.463
0.517
1
NA
0.717
0.513
NA
NA
NA
0.598
0.789
0.591
NA
NA
NA
NA
0.491
0.616
NA
NA
NA
NA
NA
0.525
NA
NA
NA
0.686
0.523
0.842
1
NA
NA
NA
0.14
NA
NA
0.603
NA
0.067
0.724
NA
NA
NA
1
NA
0.562
NA
NA
NA
0.234
NA
NA
NA
1
NA
NA
NA
NA
NA
NA
NA
NA
NA
NA
0.643
0.762
NA
NA
0.612
0.591
NA
NA
NA
1
NA
NA
0.508
1
NA
NA
NA
0.432
NA
NA
NA
NA
NA
NA
0.598
NA
0.69
NA
NA
NA
0.586
NA
NA
NA
0.474
NA
NA
NA
NA
NA
NA
NA
NA
1
0.367
NA
NA
NA
NA
0.502
NA
NA
NA
NA
NA
NA
NA
NA
NA
NA
1
NA
NA
NA
NA
NA
0.477
0.477
NA
NA
NA
NA
0.477
NA
NA
NA
NA
NA
0.516
0.318
NA
NA
NA
NA
NA
NA
NA
NA
NA
NA
NA
NA
NA
NA
NA
NA
0.357
NA
0.799
0.192
NA
NA
NA
0.532
NA
NA
NA
NA
0.35
NA
NA
NA
NA
NA
NA
NA
NA
0.367
0.163
NA
NA
NA
0.211
0.272
NA
NA
NA
0.4
NA
NA
NA
NA
NA
0.386
0.643
0.59
NA
NA
NA
NA
NA
NA
NA
NA
NA
NA
NA
NA
NA
NA
NA
NA
NA
NA
NA
1
0.308
0.534
NA
0.158
NA
NA
NA
NA
NA
NA
NA
NA
NA
NA
0.625
0.675
0.6
0.59
NA
NA
NA
NA
NA
NA
NA
NA
NA
NA
NA
NA
NA
0.262
NA
NA
NA
1
NA
NA
NA
NA
NA
NA
NA
1
NA
NA
0.69
1
0.563
NA
NA
NA
0.69
0.586
0.659
NA
0.459
0.174
0.538
NA
NA
NA
NA
NA
NA
NA
NA
NA
NA
NA
NA
NA
NA
NA
0.605
0.523
1
0.477
1
NA
NA
NA
NA
NA
NA
NA
0.477
0.477
NA
NA
NA
NA
NA
NA
NA
NA
NA
NA
NA
0.354
NA
NA
NA
0.815
NA
0.146
NA
NA
0.411
NA
NA
0.594
NA
NA
0.632
1
NA
1
1
NA
0.133
NA
NA
NA
NA
NA
0.418
NA
NA
NA
NA
NA
NA
NA
NA
0.477
NA
NA
NA
NA
NA
NA
NA
1
0.141
0.191
1
0.494
NA
NA
NA
NA
0.556
0.496
0.438
0.441
NA
0.411
NA
NA
1
NA
NA
NA
NA
NA
NA
NA
NA
NA
NA
0.624
NA
0.444
0.395
NA
NA
NA
NA
NA
0.382
0.567
0.427
NA
0.143
0.499
0.477
NA
NA
NA
1
NA
NA
NA
NA
NA
0.158
NA
NA
NA
0.208
0.129
NA
NA
0.527
0.633
NA
0.592
0.535
NA
0.478
0.624
1
NA
0.747
1
1
NA
NA
0.373
0.624
0.549
0.689
NA
0.682
0.536
0.438
1
0.537
0.708
NA
NA
NA
0.755
0.368
0.519
NA
0.404
NA
NA
NA
NA
NA
0.641
1
NA
NA
0.512
NA
0.516
0.56
NA
0.143
NA
NA
NA
NA
NA
0.689
NA
NA
NA
NA
1
0.181
0.141
NA
NA
NA
NA
NA
NA
NA
0.24
NA
0.774
NA
NA
NA
NA
NA
1
NA
0.506
1
NA
0.262
NA
NA
0.72
0.698
NA
NA
0.825
0.612
NA
0.181
NA
NA
NA
0.419
NA
NA
0.468
NA
1
NA
0.514
NA
NA
NA
0.541
NA
0.127
NA
NA
0.328
NA
NA
0.405
NA
NA
0.484
0.096
0.679
0.204
NA
0.328
NA
NA
NA
0.796
1
NA
NA
NA
NA
NA
1
NA
NA
NA
NA
NA
NA
NA
0.14
NA
NA
NA
NA
NA
NA
0.367
NA
NA
NA
NA
NA
NA
NA
NA
NA
NA
1
1
1
NA
NA
NA
NA
NA
NA
NA
NA
NA
NA
NA
0.69
1
1
0.69
NA
0.241
0.114
NA
0.815
0.126
0.332
NA
NA
0.085
NA
NA
NA
0.362
NA
NA
0.271
0.554
NA
NA
NA
NA
NA
NA
NA
NA
NA
NA
0.088
NA
0.479
0.544
NA
NA
0.455
0.146
NA
NA
NA
0.6
NA
NA
0.618
NA
NA
NA
NA
NA
NA
0.481
0.815
0.722
NA
NA
NA
NA
1
0.508
NA
NA
NA
0.176
0.195
NA
0.167
NA
NA
0.701
NA
NA
NA
0.605
NA
0.433
0.523
0.484
NA
NA
0.397
0.107
0.815
0.416
0.459
0.344
NA
NA
NA
1
NA
0.292
NA
NA
NA
NA
0.478
NA
NA
NA
NA
NA
NA
0.541
NA
0.146
NA
NA
NA
NA
0.558
NA
NA
NA
0.277
NA
0.568
0.493
0.75
NA
NA
NA
NA
NA
0.34
0.643
0.387
NA
NA
1
0.183
NA
NA
NA
NA
NA
NA
NA
0.262
NA
NA
0.624
NA
1
NA
NA
1
1
0.214
NA
NA
1
NA
0.14
NA
NA
NA
NA
1
NA
0.129
1
NA
NA
NA
0.489
0.663
NA
NA
NA
NA
NA
NA
0.69
NA
NA
NA
NA
NA
NA
NA
NA
0.69
NA
NA
NA
NA
NA
1
NA
NA
NA
NA
0.141
NA
NA
NA
NA
NA
1
1
1
NA
NA
NA
NA
0.146
NA
NA
NA
0.467
0.605
0.499
NA
0.736
NA
0.291
0.474
1
1
NA
NA
NA
0.129
NA
NA
NA
NA
NA
NA
NA
NA
NA
NA
NA
NA
NA
NA
0.503
NA
0.427
1
NA
NA
1
NA
1
NA
NA
NA
NA
0.569
NA
NA
NA
NA
NA
NA
0.672
NA
1
0.319
NA
0.559
0.815
NA
NA
NA
NA
1
NA
NA
0.69
0.243
NA
NA
NA
NA
NA
1
NA
0.266
NA
NA
NA
NA
NA
NA
NA
NA
NA
NA
NA
NA
NA
NA
NA
NA
NA
NA
0.59
NA
NA
NA
NA
NA
NA
NA
NA
NA
0.652
NA
NA
NA
NA
NA
NA
0.534
NA
NA
NA
NA
NA
NA
NA
0.665
NA
NA
0.633
0.679
NA
NA
NA
0.294
NA
NA
NA
NA
0.495
0.815
0.79
0.328
0.057
NA
NA
1
NA
NA
NA
1
NA
NA
NA
0.328
NA
0.69
0.609
0.49
NA
NA
NA
NA
0.146
NA
NA
NA
0.16
0.743
NA
0.675
NA
NA
NA
0.634
NA
0.554
NA
NA
NA
NA
NA
NA
1
NA
0.602
NA
NA
0.743
NA
0.502
NA
0.791
0.131
NA
NA
NA
NA
NA
NA
NA
NA
NA
NA
NA
NA
NA
NA
NA
NA
0.448
NA
0.354
NA
NA
NA
NA
NA
NA
NA
NA
NA
NA
NA
0.557
NA
NA
0.815
NA
NA
NA
NA
NA
NA
NA
NA
0.508
NA
NA
NA
NA
NA
NA
NA
NA
NA
NA
NA
NA
NA
0.599
0.553
NA
NA
NA
NA
NA
0.764
NA
NA
NA
NA
0.536
NA
NA
0.115
NA
NA
NA
NA
NA
NA
NA
NA
NA
NA
NA
NA
0.547
0.512
NA
NA
NA
NA
NA
0.605
NA
0.181
0.181
NA
NA
NA
NA
1
NA
NA
NA
NA
NA
NA
0.491
NA
NA
0.459
NA
NA
NA
NA
NA
NA
NA
NA
NA
NA
NA
NA
NA
NA
NA
NA
NA
NA
NA
NA
0.447
0.269
NA
0.69
0.807
NA
NA
NA
NA
NA
NA
NA
NA
NA
NA
0.558
0.3
NA
NA
0.645
NA
NA
NA
NA
NA
NA
NA
NA
NA
NA
NA
NA
NA
NA
NA
NA
NA
NA
NA
NA
1
NA
NA
NA
NA
NA
NA
NA
NA
NA
NA
NA
NA
NA
0.34
0.254
NA
NA
0.232
NA
NA
0.607
NA
NA
1
0.485
0.236
NA
NA
NA
NA
NA
NA
NA
NA
NA
NA
NA
NA
NA
NA
NA
0.462
NA
NA
NA
NA
NA
NA
NA
NA
NA
NA
0.489
NA
0.667
NA
NA
NA
NA
0.673
NA
NA
NA
NA
NA
NA
NA
0.125
0.125
0.092
1
NA
NA
NA
NA
NA
1
NA
0.55
0.406
NA
0.726
NA
0.786
NA
NA
0.318
NA
NA
NA
NA
0.21
NA
NA
NA
NA
0.328
NA
0.328
NA
NA
NA
0.815
NA
NA
NA
NA
NA
NA
NA
NA
NA
NA
NA
NA
NA
NA
NA
NA
NA
NA
NA
NA
NA
NA
NA
NA
NA
NA
NA
NA
NA
NA
NA
NA
NA
NA
NA
NA
NA
NA
NA
NA
NA
0.808
0.355
1
1
NA
NA
NA
NA
NA
NA
NA
NA
0.23
NA
0.688
NA
0.26
0.69
NA
NA
NA
NA
NA
NA
0.477
NA
0.499
0.593
NA
1
NA
NA
NA
NA
NA
NA
NA
NA
0.719
1
NA
0.553
NA
NA
NA
NA
NA
0.501
0.623
0.491
1
NA
NA
NA
NA
NA
0.477
0.683
1
NA
NA
NA
NA
NA
0.44
NA
NA
NA
NA
NA
NA
NA
0.59
NA
NA
NA
NA
1
NA
NA
NA
NA
NA
NA
NA
NA
NA
1
NA
1
1
0.494
NA
NA
NA
NA
1
1
NA
NA
NA
NA
NA
NA
NA
NA
NA
NA
NA
NA
NA
0.534
NA
NA
0.572
0.5
NA
0.261
NA
1
0.486
NA
0.375
0.647
NA
NA
NA
NA
NA
NA
0.559
NA
NA
0.477
NA
NA
NA
NA
1
NA
NA
NA
NA
NA
NA
NA
0.477
NA
NA
0.723
NA
NA
NA
NA
NA
NA
NA
0.14
1
1
NA
0.361
NA
NA
NA
NA
NA
0.137
NA
NA
NA
NA
NA
NA
NA
NA
NA
NA
NA
NA
NA
NA
NA
NA
0.838
NA
NA
NA
NA
NA
NA
NA
NA
0.11
0.051
0.221
NA
NA
NA
0.705
NA
NA
NA
NA
0.321
NA
1
0.61
NA
NA
0.252
NA
NA
NA
NA
NA
NA
NA
NA
0.474
0.578
NA
NA
NA
NA
NA
NA
NA
0.283
NA
NA
NA
NA
NA
0.407
0.538
0.34
NA
NA
NA
0.272
0.578
0.328
NA
0.328
NA
NA
NA
NA
0.137
NA
NA
NA
NA
NA
NA
NA
NA
NA
0.622
0.727
0.637
NA
NA
0.424
NA
NA
NA
NA
NA
0.72
0.379
NA
NA
NA
NA
NA
NA
NA
NA
NA
1
1
0.14
1
NA
NA
NA
NA
NA
NA
NA
NA
NA
NA
NA
NA
NA
0.272
0.527
0.576
0.452
NA
NA
NA
NA
NA
NA
NA
NA
NA
NA
0.091
NA
NA
NA
1
NA
1
0.367
NA
NA
NA
NA
0.562
NA
0.506
NA
NA
NA
0.128
NA
NA
NA
NA
NA
NA
0.346
NA
NA
NA
NA
NA
NA
NA
NA
NA
0.582
0.575
NA
NA
1
0.815
NA
NA
NA
NA
NA
NA
0.509
0.141
NA
NA
0.545
NA
NA
NA
0.129
0.575
0.489
NA
0.561
0.617
0.419
0.677
0.128
NA
NA
NA
NA
NA
NA
NA
NA
NA
NA
NA
NA
1
0.836
0.141
NA
NA
NA
NA
NA
NA
NA
1
NA
NA
NA
0.298
NA
NA
NA
NA
NA
NA
0.491
NA
NA
0.34
NA
NA
NA
NA
NA
NA
NA
NA
NA
0.285
NA
NA
NA
NA
0.209
NA
NA
NA
0.409
1
0.56
NA
NA
0.523
NA
NA
0.072
NA
NA
NA
NA
NA
0.158
NA
0.094
0.283
NA
NA
NA
NA
0.735
0.521
NA
NA
0.323
0.214
0.264
0.407
0.502
0.092
0.778
NA
0.478
NA
0.56
NA
NA
NA
NA
NA
NA
NA
0.477
0.462
0.083
NA
NA
NA
NA
NA
NA
0.169
0.101
0.358
NA
0.175
0.69
1
NA
NA
NA
NA
NA
NA
NA
NA
NA
0.567
NA
NA
0.69
NA
NA
NA
NA
NA
NA
0.181
0.6
NA
NA
NA
NA
NA
NA
NA
NA
NA
NA
NA
1
NA
0.286
0.63
NA
NA
NA
NA
NA
NA
0.815
NA
0.69
NA
NA
NA
NA
1
1
NA
NA
NA
NA
0.38
NA
NA
NA
NA
NA
NA
NA
NA
NA
NA
0.655
NA
0.477
NA
0.585
NA
NA
NA
NA
NA
NA
1
1
NA
NA
NA
NA
NA
NA
NA
0.439
0.621
NA
NA
NA
NA
NA
NA
NA
NA
NA
NA
NA
NA
NA
NA
0.489
NA
1
0.328
1
NA
NA
NA
NA
NA
NA
NA
NA
NA
0.34
NA
NA
NA
NA
NA
NA
NA
NA
NA
NA
NA
NA
NA
NA
NA
NA
NA
NA
NA
NA
NA
NA
NA
NA
NA
NA
NA
NA
NA
NA
NA
NA
NA
NA
NA
0.61
NA
NA
0.12
NA
NA
NA
NA
NA
NA
NA
0.172
NA
NA
NA
NA
NA
NA
NA
1
NA
NA
NA
NA
NA
NA
NA
NA
NA
NA
NA
NA
NA
NA
NA
0.566
NA
NA
0.705
0.606
NA
0.477
NA
NA
NA
NA
NA
NA
0.083
0.328
NA
NA
NA
NA
0.576
1
0.322
0.541
0.508
NA
NA
NA
NA
NA
NA
NA
NA
NA
NA
NA
NA
NA
NA
0.276
NA
NA
NA
NA
NA
1
NA
1
NA
NA
NA
1
NA
1
NA
1
0.231
NA
NA
1
1
NA
NA
NA
NA
NA
NA
0.821
0.489
NA
NA
NA
NA
NA
NA
0.611
NA
NA
NA
NA
NA
1
NA
1
NA
NA
NA
NA
NA
NA
NA
NA
NA
NA
NA
NA
NA
NA
NA
0.481
0.405
NA
NA
NA
0.595
NA
NA
NA
NA
0.593
1
NA
NA
NA
NA
NA
0.481
NA
0.328
NA
NA
0.545
1
NA
NA
NA
NA
NA
0.131
0.185
0.497
NA
NA
NA
NA
NA
NA
NA
NA
NA
1
0.815
1
1
NA
NA
NA
NA
0.358
0.69
NA
NA
NA
NA
NA
0.564
0.69
0.634
NA
1
NA
1
NA
1
1
NA
1
NA
NA
NA
0.601
NA
NA
NA
NA
NA
NA
NA
1
NA
NA
NA
NA
NA
NA
NA
NA
0.498
NA
NA
NA
NA
NA
NA
NA
NA
NA
NA
NA
NA
NA
NA
NA
NA
NA
1
NA
0.139
NA
NA
NA
NA
NA
NA
NA
0.54
0.536
NA
0.519
NA
NA
1
0.277
NA
0.531
NA
NA
NA
NA
NA
NA
0.623
NA
NA
NA
NA
NA
NA
0.691
0.713
NA
NA
NA
NA
NA
0.119
NA
0.643
0.558
0.515
NA
NA
NA
1
NA
0.815
0.214
NA
0.214
NA
NA
NA
0.547
NA
NA
1
NA
1
1
NA
1
NA
NA
0.145
1
0.369
0.416
0.422
NA
NA
NA
NA
NA
NA
NA
NA
NA
NA
NA
1
1
NA
NA
NA
NA
0.181
NA
NA
NA
1
NA
NA
NA
NA
NA
NA
NA
NA
NA
NA
NA
NA
NA
NA
NA
NA
NA
NA
NA
NA
NA
NA
NA
NA
NA
1
1
NA
NA
NA
NA
NA
NA
NA
NA
NA
NA
NA
NA
NA
NA
NA
NA
NA
NA
NA
1
NA
0.701
NA
NA
NA
1
1
1
NA
NA
NA
NA
NA
NA
NA
NA
NA
NA
0.34
NA
NA
0.645
1
NA
0.687
NA
1
0.709
0.48
NA
NA
NA
0.232
0.555
NA
NA
0.285
0.285
NA
0.611
NA
NA
NA
NA
NA
NA
NA
NA
NA
NA
1
0.69
NA
0.754
NA
NA
NA
0.652
1
NA
NA
NA
NA
NA
0.535
0.564
NA
NA
NA
NA
NA
1
NA
NA
NA
0.495
NA
NA
NA
NA
NA
NA
NA
NA
NA
NA
NA
NA
NA
NA
0.129
NA
NA
NA
NA
NA
NA
NA
NA
NA
NA
1
NA
NA
0.124
0.318
0.267
NA
0.226
0.473
NA
0.289
0.253
0.448
NA
0.462
NA
NA
NA
0.189
0.231
NA
0.477
0.208
NA
NA
0.495
0.545
0.3
NA
0.408
0.374
NA
NA
0.558
NA
NA
NA
NA
0.197
NA
NA
NA
0.373
0.318
NA
1
NA
NA
0.065
NA
0.129
1
NA
NA
0.627
NA
NA
NA
NA
NA
0.262
NA
0.829
0.22
NA
1
0.676
NA
NA
NA
NA
NA
NA
NA
NA
NA
NA
NA
NA
NA
NA
NA
NA
0.468
NA
NA
NA
NA
NA
NA
NA
NA
0.449
NA
NA
NA
NA
NA
NA
NA
NA
NA
NA
NA
NA
0.69
NA
0.053
0.097
NA
NA
NA
NA
NA
NA
NA
NA
NA
NA
NA
NA
0.526
1
1
NA
NA
NA
NA
NA
NA
NA
NA
NA
NA
NA
NA
NA
NA
NA
NA
NA
NA
NA
NA
NA
NA
NA
NA
NA
NA
NA
NA
NA
0.454
0.129
NA
NA
NA
NA
NA
NA
NA
NA
NA
NA
NA
NA
NA
NA
NA
0.602
NA
0.815
NA
NA
NA
NA
NA
NA
NA
NA
NA
NA
NA
NA
NA
NA
NA
NA
NA
NA
0.551
0.495
0.048
NA
0.064
0.062
0.071
0.076
NA
0.413
0.815
0.815
NA
0.815
0.126
0.391
NA
NA
NA
NA
NA
NA
NA
NA
NA
0.477
NA
NA
NA
NA
NA
0.07
NA
NA
NA
NA
NA
NA
NA
NA
NA
NA
NA
NA
NA
NA
0.162
0.074
NA
NA
0.09
0.078
NA
NA
NA
0.09
NA
0.09
NA
0.499
0.409
NA
NA
0.69
0.478
0.48
NA
0.141
NA
NA
NA
NA
NA
NA
0.639
NA
NA
NA
NA
NA
NA
NA
NA
NA
NA
NA
NA
0.626
NA
NA
NA
NA
NA
NA
NA
NA
NA
NA
NA
NA
NA
NA
0.478
NA
0.508
0.495
NA
1
NA
NA
NA
NA
NA
NA
NA
NA
0.378
NA
1
NA
1
NA
NA
0.169
0.108
0.107
NA
0.123
NA
0.146
0.105
0.085
NA
NA
0.139
NA
0.596
0.566
NA
0.653
NA
0.399
0.385
NA
NA
NA
NA
NA
NA
NA
0.228
0.653
0.586
NA
NA
NA
0.234
0.207
NA
NA
0.181
NA
0.491
NA
NA
NA
NA
NA
NA
0.467
NA
NA
NA
NA
NA
0.34
NA
NA
NA
NA
NA
NA
NA
NA
NA
NA
NA
NA
1
NA
NA
NA
NA
NA
NA
NA
NA
NA
NA
NA
NA
NA
NA
NA
0.262
0.262
NA
NA
NA
NA
NA
NA
NA
NA
NA
NA
NA
0.248
NA
NA
NA
NA
NA
NA
0.623
NA
1
NA
NA
NA
NA
0.588
NA
NA
NA
0.181
NA
NA
0.54
NA
NA
0.815
0.815
NA
NA
NA
NA
NA
NA
NA
NA
NA
NA
NA
1
NA
1
NA
NA
NA
NA
NA
NA
NA
NA
NA
NA
0.34
NA
0.605
NA
NA
NA
NA
0.129
NA
NA
NA
NA
NA
NA
NA
NA
NA
NA
NA
0.214
NA
0.571
NA
1
1
NA
0.292
0.134
NA
0.368
NA
NA
NA
NA
0.432
NA
NA
NA
NA
1
0.494
NA
0.173
NA
NA
NA
NA
NA
NA
NA
NA
NA
NA
NA
NA
NA
NA
NA
0.137
NA
NA
1
NA
NA
0.129
NA
NA
NA
NA
NA
0.306
0.329
NA
NA
NA
NA
NA
0.316
0.385
NA
0.519
0.56
0.172
0.274
0.287
0.143
0.115
NA
NA
NA
NA
NA
NA
1
NA
NA
NA
1
0.119
NA
0.328
NA
NA
NA
NA
1
NA
NA
NA
0.603
NA
NA
NA
0.624
NA
NA
NA
NA
NA
0.482
NA
0.664
0.69
NA
0.519
NA
NA
0.585
0.256
NA
NA
NA
NA
0.399
NA
NA
NA
NA
NA
NA
NA
NA
NA
0.298
0.653
0.487
0.558
NA
NA
NA
NA
NA
NA
NA
0.282
0.367
0.367
NA
NA
0.095
NA
0.517
NA
NA
NA
NA
0.186
0.367
NA
NA
NA
NA
NA
NA
NA
NA
NA
0.14
1
NA
0.654
0.477
NA
0.477
NA
0.477
0.678
NA
0.448
NA
NA
NA
1
0.545
NA
NA
0.427
0.757
0.815
NA
NA
NA
NA
NA
NA
NA
0.7
NA
0.34
NA
NA
NA
NA
NA
NA
NA
0.163
NA
NA
NA
0.367
0.532
0.356
NA
NA
NA
NA
NA
NA
NA
NA
0.645
NA
0.5
NA
NA
NA
NA
NA
NA
NA
0.434
0.165
NA
NA
0.536
NA
0.445
1
NA
0.841
NA
NA
NA
NA
NA
NA
NA
NA
NA
0.688
1
NA
NA
0.542
0.341
NA
NA
0.262
0.158
0.59
0.524
NA
NA
NA
NA
NA
NA
0.436
0.686
0.115
NA
NA
NA
NA
NA
0.618
NA
0.112
NA
0.076
0.413
0.51
NA
0.437
NA
0.446
0.123
NA
NA
NA
NA
NA
NA
NA
NA
0.482
NA
0.126
NA
NA
NA
NA
NA
NA
NA
NA
NA
NA
NA
NA
NA
NA
0.44
0.857
0.468
1
NA
0.815
0.262
NA
0.596
0.444
NA
0.34
NA
0.34
NA
NA
NA
NA
NA
NA
0.557
NA
NA
0.463
NA
0.331
NA
0.473
0.158
NA
0.111
NA
NA
0.146
NA
NA
NA
0.58
0.513
NA
NA
NA
NA
NA
NA
NA
NA
NA
NA
NA
NA
NA
NA
NA
NA
NA
0.744
NA
0.638
1
0.477
1
NA
NA
0.573
NA
NA
0.465
0.529
NA
0.473
0.387
0.771
0.807
1
0.291
0.38
NA
NA
NA
NA
NA
NA
NA
NA
NA
NA
NA
NA
NA
NA
NA
NA
NA
NA
NA
NA
NA
NA
NA
NA
NA
1
NA
0.49
NA
NA
0.703
NA
0.42
NA
0.403
NA
NA
0.785
0.508
NA
0.149
0.617
0.775
NA
0.328
NA
1
NA
0.569
NA
0.521
NA
0.771
0.141
0.509
NA
NA
0.538
0.47
NA
0.69
NA
NA
NA
NA
NA
0.366
NA
0.163
1
NA
0.335
NA
0.349
0.146
0.146
NA
NA
1
0.69
0.282
NA
NA
0.754
NA
0.163
NA
NA
1
NA
NA
NA
NA
NA
NA
NA
NA
NA
1
NA
0.503
0.425
NA
0.223
NA
NA
0.592
0.717
0.069
NA
NA
0.604
1
NA
NA
NA
NA
0.274
NA
NA
NA
NA
NA
NA
NA
NA
NA
1
NA
0.262
0.262
0.214
0.262
NA
NA
NA
1
NA
NA
NA
NA
NA
NA
0.827
NA
0.284
NA
NA
NA
NA
NA
1
NA
0.558
0.539
1
NA
0.835
NA
NA
1
NA
NA
NA
NA
NA
0.63
1
0.525
NA
0.074
NA
0.134
NA
NA
0.569
0.191
NA
NA
NA
0.712
1
0.702
0.128
NA
1
1
1
0.129
NA
0.137
0.137
NA
NA
0.109
NA
NA
NA
NA
NA
NA
NA
0.235
0.183
NA
NA
NA
1
NA
0.103
NA
NA
0.158
NA
0.709
NA
NA
NA
NA
NA
0.408
0.745
NA
NA
NA
NA
NA
NA
NA
NA
0.189
0.428
NA
0.377
0.367
NA
NA
0.092
NA
0.696
0.719
NA
NA
1
0.481
NA
NA
NA
NA
NA
NA
NA
NA
0.815
NA
NA
NA
NA
NA
NA
NA
NA
NA
NA
NA
0.439
0.262
NA
NA
NA
0.045
NA
0.106
NA
0.503
NA
0.166
NA
0.561
NA
NA
NA
0.06
1
NA
0.057
0.057
NA
0.289
0.394
NA
NA
NA
NA
0.388
0.523
0.085
NA
NA
NA
NA
1
NA
NA
NA
1
NA
0.633
0.52
NA
0.457
NA
1
NA
NA
NA
0.376
NA
NA
0.36
1
NA
0.328
1
1
NA
NA
NA
0.133
NA
0.163
0.455
NA
0.4
0.318
0.815
0.612
0.535
NA
NA
0.158
0.765
0.158
0.158
0.158
1
NA
NA
0.51
0.568
NA
NA
NA
NA
1
NA
NA
NA
NA
NA
NA
NA
1
NA
0.715
0.262
NA
NA
NA
NA
NA
0.404
1
NA
NA
NA
NA
NA
0.529
NA
NA
NA
NA
NA
NA
NA
NA
1
NA
NA
NA
NA
NA
NA
NA
NA
NA
NA
NA
NA
NA
NA
NA
NA
NA
NA
NA
0.463
NA
NA
NA
NA
NA
NA
NA
NA
NA
NA
NA
NA
NA
0.728
NA
0.34
0.353
NA
NA
0.821
0.569
0.485
NA
NA
0.163
0.262
0.262
NA
0.705
1
0.815
NA
NA
0.374
NA
NA
0.68
NA
NA
0.655
1
NA
NA
0.747
NA
1
1
0.158
NA
NA
NA
NA
NA
NA
NA
NA
NA
NA
NA
NA
NA
NA
NA
NA
NA
NA
NA
0.154
0.213
0.602
NA
NA
0.751
NA
NA
0.062
NA
NA
NA
NA
NA
NA
NA
NA
NA
NA
NA
NA
0.383
0.476
NA
0.509
NA
0.111
1
NA
NA
NA
NA
NA
NA
NA
NA
NA
NA
NA
NA
NA
NA
NA
NA
0.232
NA
NA
NA
NA
NA
1
NA
1
0.507
NA
NA
NA
NA
NA
1
NA
NA
1
0.133
1
NA
NA
NA
1
0.458
1
0.584
NA
NA
NA
0.69
0.122
NA
0.815
NA
0.554
0.514
0.53
NA
NA
NA
NA
0.676
0.102
0.785
0.266
0.345
NA
NA
1
1
NA
0.148
0.255
NA
NA
NA
NA
0.508
0.508
0.056
0.141
0.146
0.117
NA
1
NA
0.566
0.59
0.234
NA
NA
NA
NA
NA
0.217
NA
NA
0.474
0.263
NA
NA
NA
NA
NA
NA
NA
NA
NA
NA
NA
NA
NA
NA
NA
NA
NA
NA
NA
NA
NA
NA
0.158
0.34
0.34
0.649
0.672
NA
0.626
NA
0.599
NA
0.738
0.717
NA
NA
NA
NA
NA
0.552
0.042
0.158
NA
NA
NA
NA
NA
0.328
NA
NA
NA
NA
0.459
NA
1
NA
NA
NA
NA
NA
0.498
0.6
NA
NA
NA
0.549
1
0.498
1
NA
1
NA
NA
NA
NA
0.073
0.182
0.134
NA
NA
NA
NA
NA
NA
NA
NA
NA
NA
NA
0.34
NA
NA
NA
NA
NA
0.446
0.145
0.497
0.262
1
0.614
0.272
NA
1
NA
0.491
0.56
NA
NA
NA
0.271
NA
NA
NA
NA
NA
NA
NA
0.653
0.667
NA
NA
NA
NA
NA
NA
0.771
NA
NA
NA
NA
NA
NA
NA
NA
NA
NA
1
NA
1
1
NA
0.246
NA
0.662
0.652
0.214
0.228
0.34
NA
0.38
1
NA
NA
0.643
NA
NA
NA
NA
0.588
NA
NA
0.796
0.815
0.815
1
0.43
NA
NA
NA
NA
0.59
0.182
NA
0.187
NA
NA
NA
0.134
0.312
0.5
0.592
NA
0.518
NA
NA
NA
NA
0.243
NA
NA
NA
NA
NA
1
NA
NA
0.21
0.23
0.153
NA
NA
0.842
0.57
NA
NA
NA
NA
NA
0.589
NA
0.175
NA
0.355
0.12
0.2
NA
NA
NA
1
NA
NA
NA
NA
NA
0.246
NA
NA
NA
NA
NA
NA
NA
NA
NA
NA
NA
NA
NA
NA
NA
NA
NA
NA
NA
NA
NA
NA
NA
NA
NA
NA
NA
NA
NA
NA
NA
NA
NA
NA
NA
NA
0.249
NA
NA
NA
0.53
0.477
NA
NA
NA
0.138
NA
0.497
NA
NA
0.576
NA
NA
0.482
0.181
NA
NA
NA
0.709
1
0.714
0.447
NA
0.214
0.689
1
0.643
0.214
NA
1
NA
NA
NA
NA
NA
NA
0.69
NA
0.262
NA
1
0.49
0.59
NA
0.479
NA
NA
NA
NA
NA
1
NA
0.204
NA
NA
0.648
NA
0.252
NA
NA
1
1
NA
0.22
NA
0.362
0.328
1
1
1
0.706
0.361
NA
0.237
NA
NA
NA
NA
0.449
0.602
NA
NA
0.337
1
NA
NA
0.129
0.472
0.463
0.524
0.506
NA
NA
NA
NA
NA
NA
NA
NA
0.486
NA
NA
0.232
NA
NA
NA
NA
NA
0.371
NA
1
NA
NA
NA
NA
NA
NA
NA
NA
NA
NA
NA
NA
1
0.637
NA
NA
0.665
NA
NA
0.765
0.128
0.128
NA
NA
NA
0.067
NA
0.128
0.611
NA
0.615
NA
NA
NA
NA
NA
NA
NA
NA
NA
NA
NA
NA
NA
NA
NA
NA
NA
NA
NA
NA
0.225
0.34
NA
0.129
0.615
NA
0.468
0.638
NA
NA
NA
0.262
0.262
NA
NA
NA
NA
NA
NA
0.088
0.756
0.602
NA
1
0.696
NA
NA
NA
NA
NA
0.432
0.397
0.397
0.539
0.529
1
NA
1
NA
0.245
0.504
0.133
NA
NA
NA
0.146
NA
0.05
1
NA
NA
NA
NA
NA
NA
NA
NA
NA
NA
NA
0.322
NA
0.579
NA
1
0.501
0.185
NA
0.124
0.634
0.154
NA
NA
NA
0.709
0.186
1
1
NA
NA
NA
NA
0.158
0.158
NA
NA
NA
NA
0.505
NA
0.527
NA
0.248
0.135
NA
NA
NA
NA
NA
0.146
NA
0.536
0.784
0.666
0.169
0.409
NA
1
0.056
0.407
0.263
NA
0.546
1
0.709
0.67
NA
NA
0.065
0.581
0.57
0.59
NA
NA
NA
NA
0.477
0.477
0.334
1
NA
NA
0.102
NA
0.583
0.53
NA
NA
0.475
NA
NA
0.69
0.559
0.69
0.69
NA
NA
NA
NA
NA
1
0.137
NA
1
NA
0.34
NA
0.34
NA
NA
NA
NA
NA
NA
0.158
NA
NA
0.16
NA
NA
NA
NA
NA
NA
NA
NA
NA
0.158
0.205
NA
0.355
NA
1
NA
1
0.686
1
NA
NA
NA
0.195
1
NA
NA
NA
NA
NA
NA
NA
NA
0.62
NA
NA
NA
NA
NA
NA
NA
NA
NA
NA
NA
NA
0.318
NA
NA
NA
NA
NA
NA
NA
NA
1
1
0.434
NA
0.368
NA
NA
NA
NA
NA
NA
NA
NA
NA
NA
NA
NA
0.115
0.118
0.137
0.341
1
0.439
0.489
NA
NA
NA
NA
NA
NA
NA
0.819
NA
0.369
0.304
NA
NA
NA
NA
NA
NA
NA
NA
0.414
NA
NA
NA
NA
NA
NA
NA
0.344
0.167
0.127
0.428
NA
NA
NA
NA
NA
NA
0.52
NA
NA
1
0.674
NA
NA
0.477
NA
1
1
0.151
0.407
NA
0.657
0.523
NA
1
0.115
NA
NA
NA
NA
NA
NA
NA
NA
NA
1
0.737
0.568
NA
0.544
0.69
NA
0.305
NA
NA
0.262
NA
NA
NA
NA
NA
NA
NA
NA
1
NA
NA
NA
NA
NA
NA
NA
NA
NA
NA
NA
NA
NA
NA
NA
0.725
0.558
NA
NA
0.163
NA
0.181
NA
NA
0.686
0.563
NA
NA
NA
NA
0.495
1
0.785
NA
NA
NA
NA
NA
NA
1
NA
0.363
0.815
0.214
NA
NA
NA
0.815
0.272
NA
0.214
NA
1
1
1
NA
NA
NA
NA
NA
NA
0.401
NA
NA
NA
NA
NA
NA
NA
0.615
0.48
NA
0.498
NA
1
0.305
NA
NA
NA
NA
NA
NA
NA
NA
0.621
NA
NA
NA
NA
NA
NA
NA
NA
NA
NA
NA
NA
NA
0.457
NA
NA
0.141
0.266
NA
0.559
NA
NA
NA
0.067
NA
NA
NA
NA
NA
NA
0.377
NA
NA
NA
NA
NA
NA
1
0.695
1
NA
NA
NA
NA
1
NA
NA
NA
NA
NA
NA
NA
NA
0.255
NA
NA
NA
NA
NA
NA
NA
NA
NA
NA
NA
NA
0.618
NA
NA
0.156
1
NA
NA
0.544
0.69
NA
NA
NA
NA
NA
NA
0.141
NA
NA
NA
NA
NA
NA
NA
NA
NA
NA
NA
NA
NA
0.622
0.488
NA
NA
0.671
NA
NA
0.69
0.48
NA
NA
NA
NA
NA
0.815
NA
NA
NA
NA
NA
NA
NA
NA
0.556
NA
NA
0.69
NA
NA
NA
NA
NA
NA
NA
0.145
NA
NA
NA
NA
0.146
NA
NA
NA
NA
NA
NA
NA
NA
NA
NA
NA
NA
NA
0.255
NA
NA
NA
NA
NA
NA
NA
0.182
NA
NA
NA
NA
NA
NA
NA
NA
NA
NA
NA
NA
NA
0.741
NA
NA
NA
1
NA
NA
1
0.631
NA
NA
NA
NA
NA
NA
0.907
0.237
NA
NA
NA
NA
0.498
NA
NA
0.472
0.295
NA
NA
NA
NA
0.508
NA
NA
NA
NA
NA
NA
NA
NA
NA
NA
NA
NA
NA
NA
NA
NA
NA
0.497
0.365
1
0.119
1
NA
0.059
NA
NA
NA
NA
NA
NA
NA
NA
0.248
0.603
NA
1
1
NA
NA
0.181
1
1
NA
NA
NA
NA
NA
NA
NA
NA
1
NA
0.262
NA
NA
NA
NA
NA
0.436
NA
1
1
NA
NA
NA
NA
0.603
0.597
0.502
0.135
NA
NA
NA
NA
0.509
NA
NA
NA
NA
NA
NA
1
NA
NA
NA
NA
NA
NA
NA
NA
NA
0.55
0.112
NA
NA
NA
NA
NA
NA
NA
NA
NA
NA
NA
0.229
0.842
0.097
0.637
NA
NA
NA
NA
NA
0.14
NA
NA
NA
0.575
NA
0.429
0.481
NA
1
NA
NA
NA
NA
NA
0.843
NA
NA
NA
1
0.478
NA
NA
NA
NA
NA
NA
NA
NA
NA
NA
NA
1
0.401
NA
NA
NA
NA
NA
NA
NA
NA
0.133
0.422
NA
NA
NA
NA
NA
NA
0.534
0.71
0.606
1
1
NA
NA
NA
NA
NA
NA
NA
NA
NA
0.589
NA
NA
NA
NA
NA
NA
NA
NA
NA
0.234
NA
NA
0.069
NA
NA
NA
NA
0.799
0.51
NA
0.497
0.663
0.477
1
NA
NA
NA
NA
0.815
NA
NA
0.599
0.584
NA
NA
0.53
NA
NA
NA
NA
0.21
0.417
1
NA
NA
NA
NA
NA
NA
NA
NA
0.533
0.14
NA
0.431
0.207
0.318
NA
1
NA
NA
NA
NA
NA
0.226
NA
0.57
NA
0.56
NA
NA
NA
NA
NA
NA
NA
NA
0.69
1
0.403
0.151
0.444
NA
NA
NA
NA
NA
NA
0.381
0.34
0.518
1
0.647
NA
NA
NA
0.384
0.481
NA
NA
NA
NA
NA
NA
NA
NA
NA
NA
NA
0.084
0.126
NA
1
NA
NA
0.815
NA
NA
NA
0.262
0.262
NA
NA
0.262
0.085
0.355
NA
NA
NA
NA
0.091
0.115
NA
NA
NA
NA
1
NA
NA
NA
NA
0.112
0.063
NA
NA
NA
NA
NA
0.103
NA
NA
NA
NA
NA
NA
NA
NA
NA
NA
NA
0.542
NA
NA
NA
0.122
1
1
NA
NA
NA
NA
NA
NA
NA
0.525
NA
NA
0.556
0.592
NA
NA
NA
0.213
NA
NA
0.658
NA
0.68
NA
NA
NA
NA
NA
NA
NA
NA
NA
NA
NA
0.612
NA
NA
NA
NA
NA
NA
NA
NA
NA
NA
NA
0.193
NA
NA
NA
NA
NA
0.29
0.208
NA
0.205
NA
NA
NA
NA
0.811
NA
NA
NA
NA
NA
NA
NA
NA
NA
NA
1
0.559
NA
NA
NA
NA
0.815
NA
NA
0.554
0.54
1
1
0.299
NA
NA
NA
NA
1
1
NA
NA
NA
NA
NA
NA
NA
NA
0.076
0.419
0.118
0.205
NA
NA
0.146
NA
NA
NA
0.425
0.442
0.602
NA
0.542
0.594
NA
NA
0.506
0.328
NA
NA
NA
NA
NA
0.387
NA
NA
NA
NA
NA
NA
NA
NA
NA
NA
NA
0.309
NA
NA
NA
NA
0.318
0.253
NA
NA
NA
NA
NA
NA
NA
NA
NA
0.824
NA
NA
0.619
NA
NA
0.815
0.572
NA
NA
NA
NA
NA
NA
NA
NA
NA
0.821
NA
NA
NA
NA
NA
NA
NA
NA
NA
0.576
NA
NA
0.328
0.328
NA
0.341
NA
NA
NA
NA
NA
NA
NA
NA
0.219
NA
NA
0.255
NA
NA
NA
NA
NA
NA
NA
0.489
0.415
1
NA
NA
NA
1
NA
NA
0.574
NA
0.748
NA
NA
NA
NA
NA
NA
NA
NA
NA
NA
NA
NA
NA
NA
0.188
NA
NA
NA
NA
NA
NA
NA
NA
NA
NA
0.518
0.563
NA
NA
NA
NA
0.274
NA
NA
NA
1
NA
NA
0.444
NA
NA
NA
NA
0.181
NA
NA
NA
NA
NA
NA
NA
NA
NA
NA
NA
NA
NA
NA
NA
NA
NA
NA
NA
0.582
NA
NA
NA
NA
NA
NA
NA
NA
NA
NA
NA
NA
NA
NA
NA
NA
NA
NA
NA
NA
NA
0.2
0.15
NA
NA
NA
NA
0.554
NA
NA
NA
NA
NA
NA
NA
NA
NA
1
NA
NA
NA
NA
NA
NA
NA
NA
NA
NA
NA
NA
NA
NA
NA
NA
0.276
0.168
NA
0.129
NA
NA
NA
NA
NA
NA
NA
NA
NA
NA
NA
NA
NA
0.607
0.286
NA
0.287
NA
NA
NA
NA
1
NA
NA
0.145
NA
0.457
NA
NA
0.141
1
NA
NA
NA
NA
0.477
NA
NA
NA
NA
NA
NA
NA
NA
NA
NA
NA
NA
NA
NA
NA
NA
NA
NA
1
NA
NA
NA
NA
NA
NA
NA
NA
NA
NA
NA
NA
NA
NA
NA
0.111
NA
0.157
0.157
NA
NA
NA
NA
NA
NA
NA
NA
1
0.676
NA
NA
NA
1
NA
NA
NA
NA
NA
NA
NA
NA
NA
NA
NA
0.43
NA
NA
NA
NA
NA
NA
0.074
1
0.14
1
0.709
NA
NA
NA
NA
NA
NA
NA
NA
NA
0.333
NA
NA
NA
NA
NA
NA
NA
NA
NA
NA
NA
NA
0.602
NA
NA
NA
NA
NA
0.101
0.129
1
0.567
NA
0.659
0.255
NA
NA
NA
NA
NA
NA
NA
NA
NA
NA
NA
NA
1
NA
NA
NA
NA
NA
NA
NA
NA
0.064
0.328
NA
NA
NA
NA
NA
NA
NA
NA
1
0.168
0.255
0.477
NA
NA
NA
NA
NA
NA
NA
NA
NA
NA
NA
NA
NA
NA
NA
NA
NA
NA
NA
NA
NA
NA
NA
NA
NA
NA
NA
NA
NA
NA
NA
0.537
1
NA
NA
NA
NA
NA
NA
0.612
NA
NA
NA
NA
NA
NA
NA
NA
NA
NA
NA
1
NA
NA
0.633
NA
1
0.476
NA
NA
NA
NA
NA
0.255
0.609
0.627
0.485
NA
0.449
NA
0.425
0.183
1
0.45
NA
0.674
NA
NA
NA
1
NA
0.789
0.317
0.69
NA
NA
0.272
NA
NA
NA
NA
NA
0.116
NA
0.462
1
NA
NA
NA
0.1
0.1
NA
NA
NA
NA
NA
0.491
0.694
NA
NA
NA
0.564
NA
NA
NA
NA
1
1
NA
NA
NA
NA
NA
0.079
0.079
0.079
NA
NA
0.495
NA
NA
0.623
NA
NA
NA
0.742
NA
NA
NA
NA
NA
NA
NA
NA
NA
NA
NA
NA
0.328
NA
0.662
NA
NA
NA
NA
0.454
NA
NA
NA
0.499
0.815
NA
0.602
NA
NA
NA
NA
NA
NA
NA
NA
NA
NA
NA
NA
NA
NA
NA
0.358
0.349
NA
NA
0.504
NA
NA
NA
0.599
0.488
0.441
NA
1
NA
0.632
0.477
NA
0.581
0.782
0.453
NA
NA
NA
NA
NA
0.282
NA
0.284
NA
NA
NA
NA
NA
NA
NA
0.238
NA
NA
NA
NA
NA
0.312
NA
NA
NA
NA
NA
NA
NA
NA
NA
NA
NA
NA
0.097
NA
NA
NA
0.509
NA
NA
0.525
NA
0.163
NA
1
NA
NA
NA
NA
NA
NA
NA
NA
0.318
0.158
NA
NA
NA
NA
NA
NA
NA
NA
NA
NA
NA
NA
NA
NA
NA
NA
NA
NA
0.226
0.318
NA
NA
NA
NA
NA
NA
NA
1
NA
0.69
NA
NA
NA
NA
NA
0.496
NA
NA
NA
NA
NA
NA
NA
NA
NA
NA
NA
NA
NA
NA
NA
NA
NA
NA
NA
1
1
NA
0.539
NA
NA
NA
NA
0.189
0.538
0.444
NA
NA
0.595
NA
NA
NA
NA
0.078
NA
NA
0.476
0.547
NA
0.119
0.537
NA
NA
1
NA
NA
0.641
NA
NA
NA
0.72
0.132
NA
NA
NA
NA
NA
NA
0.427
NA
NA
NA
NA
NA
NA
NA
NA
NA
NA
1
NA
NA
NA
NA
0.338
NA
NA
NA
NA
NA
NA
NA
NA
NA
NA
NA
NA
NA
NA
NA
NA
1
NA
0.305
NA
NA
NA
NA
NA
NA
NA
NA
NA
NA
NA
NA
NA
NA
NA
NA
NA
NA
NA
NA
NA
NA
NA
0.757
0.562
NA
0.565
0.519
0.298
NA
NA
NA
NA
NA
NA
NA
NA
0.34
1
NA
0.328
0.761
0.252
0.718
NA
0.636
0.762
0.688
NA
NA
NA
NA
NA
NA
NA
NA
NA
NA
NA
NA
0.214
NA
NA
NA
NA
0.545
0.698
NA
NA
NA
NA
NA
1
NA
NA
0.538
NA
NA
NA
NA
NA
NA
NA
NA
NA
NA
NA
NA
NA
NA
NA
NA
NA
NA
NA
NA
NA
NA
NA
NA
NA
NA
0.273
NA
NA
1
NA
NA
NA
NA
NA
NA
NA
NA
NA
NA
NA
NA
NA
NA
NA
NA
NA
NA
NA
NA
NA
NA
NA
NA
NA
NA
1
NA
NA
NA
0.692
1
1
NA
0.59
NA
NA
NA
NA
NA
NA
0.493
NA
NA
NA
NA
NA
NA
NA
NA
NA
NA
NA
NA
NA
NA
NA
NA
NA
0.083
0.815
NA
1
NA
NA
0.262
NA
NA
NA
0.774
NA
NA
NA
NA
NA
NA
NA
NA
NA
NA
NA
1
NA
0.709
0.209
0.192
0.101
1
1
NA
NA
NA
NA
0.815
0.69
NA
NA
NA
NA
NA
0.149
0.193
NA
NA
NA
NA
NA
NA
NA
NA
NA
NA
NA
1
NA
NA
NA
NA
NA
NA
NA
NA
0.158
NA
1
NA
0.141
NA
NA
NA
NA
NA
NA
NA
NA
NA
NA
NA
NA
NA
NA
NA
NA
NA
NA
NA
NA
NA
NA
NA
NA
NA
1
NA
0.062
0.507
0.536
NA
1
NA
NA
NA
NA
NA
NA
NA
NA
NA
NA
NA
NA
NA
0.322
NA
NA
NA
NA
NA
1
NA
NA
NA
NA
NA
NA
NA
NA
NA
NA
NA
NA
NA
NA
NA
NA
NA
NA
NA
NA
NA
NA
NA
NA
NA
NA
NA
NA
NA
NA
NA
NA
NA
NA
NA
NA
1
NA
NA
NA
1
NA
NA
NA
NA
NA
NA
NA
NA
NA
NA
NA
0.508
NA
NA
NA
NA
NA
NA
NA
NA
NA
NA
NA
NA
NA
NA
NA
0.949
0.246
NA
0.712
NA
0.523
NA
0.593
NA
0.111
NA
NA
NA
NA
NA
NA
NA
NA
0.815
0.661
0.815
NA
NA
NA
NA
NA
NA
0.815
NA
NA
NA
NA
NA
NA
NA
NA
NA
NA
NA
NA
1
NA
NA
NA
NA
NA
NA
NA
NA
1
NA
NA
1
1
NA
NA
NA
NA
NA
NA
NA
NA
NA
NA
NA
NA
NA
NA
NA
NA
NA
NA
1
NA
NA
NA
NA
NA
NA
NA
NA
NA
NA
NA
NA
NA
NA
NA
NA
NA
NA
0.084
1
NA
NA
NA
NA
NA
NA
NA
NA
NA
NA
NA
NA
NA
NA
NA
1
NA
NA
NA
NA
NA
NA
NA
NA
NA
NA
NA
NA
NA
NA
NA
NA
0.69
0.69
0.69
0.407
NA
NA
NA
NA
NA
NA
NA
NA
NA
NA
NA
NA
0.69
NA
NA
NA
NA
NA
NA
NA
NA
NA
NA
NA
NA
NA
NA
NA
NA
NA
NA
NA
NA
NA
NA
NA
NA
NA
NA
NA
NA
NA
NA
NA
NA
NA
NA
0.641
NA
NA
NA
NA
NA
NA
NA
NA
1
1
NA
NA
NA
NA
NA
0.644
0.671
NA
NA
NA
0.313
0.69
NA
NA
NA
NA
1
NA
1
NA
NA
NA
0.697
NA
NA
NA
NA
NA
NA
NA
NA
NA
NA
NA
NA
NA
NA
NA
NA
1
1
NA
NA
NA
NA
NA
NA
0.431
NA
NA
NA
0.69
NA
NA
NA
NA
NA
NA
NA
NA
NA
NA
NA
1
NA
NA
NA
NA
NA
NA
NA
1
NA
NA
NA
NA
NA
0.77
NA
NA
NA
0.105
NA
NA
0.137
NA
NA
NA
NA
NA
NA
NA
NA
NA
NA
NA
NA
NA
NA
NA
0.318
NA
NA
1
1
0.209
0.192
0.69
NA
NA
1
NA
NA
0.602
0.305
NA
NA
NA
NA
NA
NA
NA
NA
NA
NA
NA
NA
NA
NA
NA
0.696
NA
0.477
0.262
NA
NA
NA
NA
NA
NA
NA
NA
NA
NA
NA
NA
NA
NA
NA
NA
0.606
NA
NA
NA
NA
NA
NA
NA
NA
NA
NA
NA
NA
NA
NA
NA
0.477
0.15
NA
1
NA
NA
NA
NA
NA
NA
1
NA
NA
NA
NA
NA
NA
NA
NA
NA
NA
0.235
NA
NA
0.476
0.547
NA
NA
NA
NA
NA
NA
NA
NA
NA
NA
NA
NA
NA
NA
NA
0.384
0.744
NA
NA
0.506
NA
NA
NA
NA
NA
NA
NA
NA
NA
1
NA
NA
0.532
0.154
1
NA
0.109
0.699
NA
NA
NA
0.328
NA
NA
NA
NA
NA
NA
NA
NA
NA
NA
NA
NA
NA
NA
NA
NA
NA
0.388
NA
NA
NA
NA
NA
NA
0.323
0.168
0.402
NA
NA
NA
0.141
0.428
NA
NA
NA
NA
NA
0.638
0.607
1
0.346
0.682
NA
0.248
NA
NA
0.602
NA
0.342
NA
0.578
NA
0.544
0.565
NA
NA
NA
NA
NA
NA
NA
NA
NA
NA
NA
NA
0.367
NA
NA
NA
NA
NA
NA
0.438
0.46
0.562
0.572
NA
NA
NA
NA
NA
NA
NA
NA
NA
NA
NA
NA
NA
NA
NA
NA
NA
NA
NA
0.612
NA
NA
NA
NA
NA
NA
NA
NA
NA
NA
NA
NA
NA
NA
NA
NA
0.105
NA
0.262
NA
NA
NA
1
NA
0.18
NA
NA
NA
NA
NA
NA
0.078
NA
NA
NA
NA
NA
0.561
0.262
NA
0.067
NA
NA
NA
0.651
0.227
0.58
NA
NA
0.499
NA
NA
NA
NA
NA
NA
NA
NA
NA
NA
NA
0.555
NA
NA
NA
NA
1
NA
NA
NA
NA
NA
NA
NA
1
0.593
0.328
0.617
NA
0.652
NA
NA
NA
NA
NA
NA
NA
NA
NA
NA
NA
NA
0.952
1
NA
NA
NA
NA
0.625
NA
NA
1
0.72
NA
NA
NA
0.12
NA
NA
NA
1
NA
NA
NA
0.645
0.519
NA
NA
0.462
0.141
NA
0.455
0.506
0.695
0.129
0.69
NA
NA
NA
NA
NA
NA
0.572
NA
NA
1
1
NA
NA
NA
NA
0.818
0.718
NA
0.234
NA
NA
NA
NA
NA
0.646
1
0.347
0.474
0.768
0.632
0.553
NA
NA
NA
0.282
0.477
NA
1
1
NA
NA
0.421
NA
NA
NA
0.34
NA
NA
NA
NA
1
NA
NA
NA
NA
NA
NA
NA
NA
0.157
NA
NA
NA
NA
NA
0.614
NA
0.477
NA
NA
NA
NA
NA
NA
NA
NA
NA
NA
NA
1
NA
NA
1
NA
0.693
0.691
0.546
0.481
1
NA
NA
NA
NA
NA
NA
NA
0.125
NA
NA
0.412
NA
0.298
NA
NA
0.093
NA
NA
NA
NA
NA
NA
0.508
0.574
0.524
0.163
1
NA
NA
NA
NA
NA
0.233
0.134
NA
NA
0.595
1
0.514
NA
NA
NA
NA
NA
NA
NA
0.229
0.241
NA
NA
NA
0.546
0.589
NA
0.573
NA
NA
NA
0.584
0.723
NA
NA
NA
NA
0.683
0.142
NA
NA
NA
NA
NA
0.551
0.617
NA
NA
NA
NA
NA
NA
NA
0.509
NA
0.387
NA
NA
0.618
0.703
NA
NA
1
NA
0.34
0.34
0.34
NA
0.582
NA
0.69
1
NA
0.552
NA
0.815
NA
1
0.229
NA
0.274
NA
1
NA
NA
NA
0.477
NA
1
NA
1
NA
NA
NA
NA
NA
NA
NA
NA
0.46
0.546
0.465
0.262
0.252
NA
NA
NA
NA
0.701
NA
NA
NA
NA
NA
NA
NA
NA
NA
NA
NA
NA
NA
NA
NA
NA
NA
NA
0.518
0.491
NA
NA
NA
0.484
0.48
NA
NA
0.187
1
NA
0.407
0.399
NA
NA
NA
NA
NA
NA
NA
0.057
0.56
NA
0.411
NA
NA
0.163
1
NA
0.69
0.614
0.721
NA
NA
0.554
0.529
0.54
NA
NA
NA
0.146
NA
0.052
NA
NA
NA
NA
NA
NA
NA
NA
1
NA
0.13
NA
0.599
NA
NA
NA
0.108
NA
NA
NA
NA
NA
1
NA
NA
0.12
NA
0.12
0.12
0.608
NA
NA
NA
NA
0.119
0.548
NA
NA
NA
0.217
NA
0.185
0.231
NA
NA
1
0.262
0.64
0.59
0.477
NA
0.127
NA
NA
NA
NA
NA
NA
NA
NA
0.769
0.532
NA
0.501
1
NA
0.356
NA
NA
1
NA
NA
NA
1
NA
0.163
NA
NA
NA
0.133
NA
NA
NA
NA
NA
1
NA
1
NA
0.106
NA
0.146
NA
NA
NA
NA
0.262
0.214
0.133
NA
NA
NA
0.497
0.539
0.64
1
NA
0.441
NA
NA
NA
NA
0.471
0.815
1
NA
NA
NA
NA
NA
NA
0.815
NA
0.421
1
0.243
NA
NA
0.451
NA
NA
NA
NA
0.628
NA
NA
0.122
NA
0.158
0.236
0.262
0.079
NA
0.345
NA
NA
NA
0.6
0.679
NA
NA
NA
NA
1
NA
0.091
NA
NA
NA
NA
NA
NA
NA
NA
NA
NA
NA
NA
0.334
NA
NA
NA
1
0.569
NA
0.367
NA
NA
0.625
NA
NA
NA
NA
0.57
0.529
0.723
0.777
NA
NA
NA
NA
NA
NA
1
1
NA
NA
NA
NA
NA
0.563
NA
NA
NA
NA
NA
NA
NA
NA
NA
NA
1
0.544
NA
NA
NA
NA
1
0.36
NA
NA
0.578
NA
NA
0.367
0.367
NA
NA
NA
NA
NA
NA
NA
NA
1
0.203
NA
0.199
NA
NA
NA
NA
NA
1
NA
NA
NA
NA
NA
NA
NA
NA
0.606
NA
NA
1
NA
0.785
NA
NA
NA
NA
NA
NA
NA
NA
NA
NA
NA
NA
NA
NA
NA
NA
NA
0.344
0.547
NA
NA
NA
0.489
NA
NA
NA
NA
NA
NA
1
NA
0.56
0.262
NA
NA
0.132
NA
NA
NA
NA
NA
NA
NA
NA
NA
NA
NA
NA
0.832
0.596
NA
NA
0.262
NA
NA
NA
NA
NA
NA
NA
NA
NA
NA
NA
NA
NA
0.752
0.208
NA
NA
1
NA
NA
0.286
NA
NA
0.547
NA
NA
NA
NA
NA
NA
0.262
NA
0.622
0.214
NA
0.532
NA
0.655
NA
NA
NA
0.377
NA
NA
0.367
0.115
0.619
NA
NA
1
NA
NA
NA
0.433
NA
NA
NA
NA
0.605
0.815
NA
NA
NA
NA
NA
NA
NA
NA
NA
0.061
NA
0.847
1
NA
NA
NA
0.328
NA
NA
NA
NA
NA
1
0.562
0.259
1
NA
NA
NA
NA
NA
NA
NA
NA
0.122
0.11
0.141
0.118
0.127
NA
NA
NA
NA
1
NA
NA
NA
0.237
0.329
0.477
1
NA
NA
NA
NA
NA
NA
NA
NA
0.395
0.484
0.486
NA
NA
NA
NA
NA
0.214
NA
0.735
NA
0.347
0.529
1
1
0.143
NA
0.545
0.584
0.815
NA
NA
NA
NA
NA
NA
0.546
NA
NA
NA
0.602
1
0.754
NA
0.355
NA
NA
0.667
0.262
NA
NA
NA
NA
NA
NA
NA
1
1
NA
NA
0.473
NA
0.708
NA
NA
NA
NA
NA
NA
NA
NA
1
1
NA
NA
NA
1
1
NA
NA
NA
NA
NA
NA
NA
NA
NA
1
0.557
NA
0.101
NA
0.648
0.58
0.651
NA
NA
NA
NA
NA
NA
NA
0.367
0.283
0.221
0.759
NA
0.491
NA
NA
NA
NA
NA
NA
0.507
1
0.367
NA
0.425
NA
NA
NA
NA
0.653
NA
NA
NA
NA
NA
NA
NA
NA
NA
NA
0.477
1
NA
NA
NA
NA
NA
NA
0.416
0.69
NA
NA
NA
NA
NA
NA
NA
NA
NA
0.748
0.631
0.675
NA
NA
NA
NA
NA
NA
NA
NA
NA
1
NA
NA
NA
NA
NA
0.559
NA
NA
NA
NA
0.262
0.146
0.716
0.508
0.71
NA
NA
NA
NA
NA
NA
NA
NA
NA
NA
NA
NA
NA
NA
NA
1
NA
NA
NA
NA
NA
NA
NA
NA
0.565
NA
NA
NA
0.69
NA
NA
NA
0.404
0.692
NA
NA
0.457
NA
1
NA
NA
NA
NA
NA
NA
NA
NA
NA
0.71
0.1
NA
NA
NA
NA
NA
0.65
NA
NA
0.205
NA
NA
NA
NA
0.658
NA
NA
NA
0.477
NA
0.547
1
NA
NA
NA
NA
0.583
1
NA
NA
NA
NA
NA
NA
NA
0.126
NA
NA
0.647
0.815
NA
NA
0.262
NA
0.556
NA
NA
NA
NA
0.542
NA
NA
NA
NA
NA
0.542
NA
0.46
0.255
NA
1
NA
NA
NA
0.815
NA
NA
NA
0.629
NA
NA
1
0.483
0.591
NA
0.494
NA
NA
NA
NA
0.606
NA
0.581
NA
NA
NA
NA
0.577
0.502
NA
0.367
NA
0.736
NA
NA
NA
1
NA
NA
NA
NA
NA
NA
NA
NA
NA
0.141
NA
0.185
NA
0.694
NA
NA
1
0.522
NA
NA
NA
NA
0.709
NA
NA
NA
NA
NA
NA
NA
0.616
NA
NA
NA
NA
0.392
NA
NA
NA
NA
NA
NA
NA
NA
NA
0.267
NA
NA
NA
0.542
NA
0.369
1
0.6
NA
1
0.471
NA
1
NA
1
NA
NA
0.095
0.538
1
1
NA
1
NA
NA
NA
NA
1
NA
0.576
NA
NA
NA
NA
0.621
NA
NA
NA
NA
NA
NA
1
1
NA
0.415
NA
NA
NA
0.39
NA
NA
NA
0.534
NA
1
NA
0.083
0.083
NA
1
NA
0.34
1
NA
NA
